1271680475 2471 18799 15.215702144880614 0.0061602032975225166 574 0.31083581694511503 1508.5171995143667 -0.2046916114561231 193.90203712184152 478 367 80907
1272680475 2601 20154 15.497116493656286 0.005960429420637033 583 0.2728657407191041 1545.9369473279507 -0.19023276556101518 200.76852342934637 493 382 86825
1273680475 2739 21386 15.615918218327858 0.005703403293764739 590 0.24524605204064373 1568.252646951442 -0.17816463210630487 206.81392603013947 541 358 92480
1274680475 2850 22772 15.980350877192983 0.005609108767003504 599 0.22371412276285008 1613.961403508772 -0.16547261505877237 213.41040274550818 543 368 98643
1275680475 2973 24124 16.22872519340733 0.005460540105453342 608 0.20497754041059416 1647.5586949209553 -0.15445622152402866 219.65427380317462 550 395 104094
1276680475 3107 25554 16.44930801416157 0.005295978111449315 616 0.18889221986352667 1683.869971033151 -0.14428324350565358 226.0707853748467 582 393 110684
1277680475 3242 27043 16.68291178285009 0.005147458124915179 627 0.17571930346772052 1724.6372609500308 -0.1350188132216328 232.5639696943617 611 407 117588
1278680475 3399 28536 16.790820829655782 0.004941383410728599 632 0.16062574707790803 1746.0688437775816 -0.1254498457122254 238.89746754622578 664 410 124017
1279680475 3544 30189 17.03668171557562 0.004808546913794982 643 0.14796492497781033 1785.0174943566592 -0.116195862188493 245.71935210723635 692 418 131165
1280680475 3678 31641 17.205546492659053 0.0046792348361868515 648 0.13959081682707913 1819.0755845568244 -0.10936308834024634 251.55913817629445 720 439 138200
1281680475 3820 33024 17.290052356020944 0.004527376893433082 658 0.13190604982817267 1841.0947643979057 -0.10284364249487261 256.99805446734416 771 452 144192
1282680475 3966 34258 17.275844679778114 0.004357085669553118 659 0.12503770891764485 1851.2934947049923 -0.09786931408202028 261.7556112101515 828 466 149811
1283680475 4091 35517 17.36348081153752 0.004245349831671766 664 0.12031645810925938 1873.076998288927 -0.09224815970812972 266.5220441164295 843 499 156021
1284680475 4218 36711 17.40682788051209 0.004127775167301895 666 0.11686899489968341 1886.8719772403983 -0.08752641686363877 270.9649423818513 880 509 161080
1285680475 4354 38012 17.460725769407443 0.004011193606571891 671 0.11415190766161723 1905.0303169499311 -0.08291631561950548 275.7245001808871 929 523 166921
1286680475 4503 39394 17.49677992449478 0.0038864460072178544 681 0.11038536124182734 1923.6935376415722 -0.07920691983882497 280.6920020235703 974 536 172799
1287680475 4651 40774 17.533433670178457 0.0037706308968125713 690 0.10753119915475186 1943.380348312191 -0.07537916234994194 285.5661044311807 1017 582 179296
1288680475 4770 42245 17.71278825995807 0.003714151448932286 700 0.10412860972057204 1980.8100628930817 -0.0720248901171356 290.6716360431475 1026 587 186253
1289680475 4904 43655 17.803833605220227 0.003631212238470371 707 0.1018553565290878 2003.694127243067 -0.06822411311055013 295.4826560053906 1056 602 192315
1290680475 5040 45111 17.901190476190475 0.0035525283739215076 710 0.09809886693822203 2028.9583333333333 -0.06378898889037984 300.3697721143058 1059 654 199495
1291680475 5157 46273 17.945704867170836 0.00348054787959093 715 0.09511300810090442 2045.3779329067288 -0.06073390648223714 304.2137406495637 1090 677 205076
1292680475 5273 47722 18.10051204248056 0.003433329294855949 723 0.09457273278973717 2080.878816612934 -0.058021060625046035 308.94012364858014 1092 695 212265
1293680475 5353 48540 18.13562488324304 0.003388569671756921 725 0.09224112288452084 2091.7870353073044 -0.055669446346231 311.57663583779834 1115 687 215987
1294680475 5452 49618 18.2017608217168 0.003339159937941075 728 0.09230061267464792 2112.0260454878944 -0.05348299825664464 315.0174598335781 1140 694 221573
1295680475 5579 50800 18.21114895142499 0.003264816950775365 734 0.09150423770385398 2123.278365298441 -0.05074036603523427 318.74754901018457 1170 708 226947
1296680475 5711 52053 18.229031693223604 0.003192474902490999 741 0.08967553859305134 2137.481701978638 -0.04751909419760378 322.65461409996914 1203 734 233565
1297680475 5856 53385 18.232581967213115 0.003114019123349806 745 0.08652138311209759 2149.3784153005463 -0.04428500770217963 326.75679028904665 1239 750 239760
1298680475 6000 54735 18.245 0.0030413402233705616 746 0.08474658153864255 2162.8063333333334 -0.04134936876541103 330.86250920888574 1285 759 246138
1299680475 6145 55991 18.22327095199349 0.002966027173176024 751 0.08307635841222238 2170.378193653377 -0.0387422698304257 334.63711688932534 1326 767 251667
1300680475 6268 56994 18.185705169112953 0.002901819876992653 756 0.08206559506818512 2175.025526483727 -0.03712216855023851 337.6210893886814 1369 780 256207
1301680475 6419 58274 18.156722230877083 0.0028290311983292433 764 0.0805688208897715 2183.7398348652437 -0.03522182692656555 341.3912711244973 1421 818 262191
1302680475 6542 59514 18.19443595230816 0.0027815985250432902 768 0.08017845785059492 2199.833690003057 -0.03289820560461795 345.0043477986908 1425 866 268431
1303680475 6688 60769 18.17254784688995 0.0027175935168072306 771 0.07939666554070585 2208.3190789473683 -0.03075938236729889 348.6230055518425 1458 908 274411
1304680475 6812 62071 18.224016441573692 0.002675674121505461 777 0.07805765288926665 2226.6679389312976 -0.028992584347867414 352.337905993664 1476 911 280422
1305680475 6933 63373 18.281551997692198 0.002637269474566099 780 0.07699892877496384 2246.2454925717584 -0.026763684222656382 356.01404466677997 1509 914 287306
1306680475 7051 64453 18.281945823287476 0.002593183804721628 785 0.07624406973832819 2255.624166784853 -0.0251417356680139 359.03481725314606 1550 927 292357
1307680475 7160 65455 18.283519553072626 0.002553920876249843 788 0.07565132944312077 2263.0466480446926 -0.02376809148996368 361.81486978840434 1584 940 296476
1308680475 7281 66377 18.2329350363961 0.0025045240434610028 790 0.07499134909475565 2263.058096415328 -0.022251094172468563 364.3542232498479 1631 945 300440
1309680475 7379 67336 18.250711478520124 0.0024736665056275583 791 0.07441496980662608 2273.8804716086192 -0.021044716385250333 366.9768385061924 1650 942 305027
1310680475 7492 68214 18.209823812066205 0.0024308935805721806 792 0.07381175989351432 2275.3208756006406 -0.019789676345599333 369.3616114324822 1693 956 308939
1311680475 7608 69034 18.147739221871714 0.0023856631026517305 793 0.07248810548077679 2273.9708201892745 -0.018780213701111277 371.5750260714517 1727 988 312527
1312680475 7719 69938 18.12100012955046 0.0023478880706854703 801 0.07291395873083523 2279.3991449669647 -0.018536100227411055 374.0 1753 1003 316317
1313680475 7822 70776 18.096650473024802 0.0023138537876262375 804 0.07254460116987313 2281.952186141652 -0.017261769713304693 376.2339697581812 1780 1017 319983
1314680475 7931 71663 18.071617702685664 0.0022788925224067674 807 0.07217256606995517 2285.7798512167446 -0.01604584091075755 378.58420463616807 1814 1037 324338
1315680475 8034 72677 18.092357480706994 0.002252254136774181 809 0.07195223893805995 2296.0007468259896 -0.01476982255192543 381.2531967079096 1818 1052 328881
1316680475 8159 73649 18.053437921313886 0.0022129735132770147 811 0.07125103052118832 2298.297095232259 -0.01370377906190885 383.79421569377513 1847 1083 333160
1317680475 8283 74586 18.009416877942776 0.0021745250999689416 818 0.07076033344626102 2300.5198599541227 -0.013036160397739407 386.2279119897991 1883 1104 337186
1318680475 8404 75614 17.994764397905758 0.002141469046519786 820 0.06986169173808567 2307.585197524988 -0.012218653250844726 388.8804443527599 1913 1129 341968
1319680475 8510 76518 17.98307873090482 0.0021134185839587283 822 0.06888992412985136 2311.2500587544064 -0.010884281610145692 391.19815950487293 1950 1148 345830
1320680475 8623 77558 17.988635045807722 0.0020863645379039343 827 0.06838018379144281 2319.666937260814 -0.009867323293271928 393.84768629509557 1969 1157 350505
1321680475 8748 78559 17.96044810242341 0.002053326637981412 831 0.06815326540494891 2322.960219478738 -0.008799016372304836 396.3811297223923 2003 1193 354862
1322680475 8863 79484 17.93613900485163 0.0020239380506490217 833 0.06702172373189368 2326.3748166535033 -0.007779964235580897 398.70791313943096 2041 1209 359032
1323680475 8981 80372 17.898229595813383 0.0019931213358366797 836 0.06592718130127502 2327.7989088074823 -0.006538698651439745 400.92892138133413 2081 1217 363398
1324680475 9086 81288 17.893022232005283 0.001969512628729255 838 0.06589022017231888 2334.0231124807397 -0.005462836287088431 403.2071427938746 2117 1226 367911
1325680475 9161 81861 17.871629734745117 0.0019510512810857112 843 0.0655001231991578 2334.6270057853944 -0.004919223493266551 404.6257530113475 2150 1230 370239
1326680475 9258 82643 17.853316050982933 0.0019286287189135718 845 0.06511673696399645 2337.6822207820264 -0.004197380448374652 406.55380947667925 2170 1255 373690
1327680475 9382 83475 17.794713280750372 0.0018968887411523689 847 0.06433442683687852 2334.2732892773397 -0.0030013000453091732 408.5951541562871 2203 1283 377321
1328680475 9497 84382 17.770243234705696 0.0018713398520119732 852 0.06406473770141705 2336.6092450247447 -0.0021730946512686297 410.8089580328063 2228 1293 381073
1329680475 9639 85337 17.706608569353666 0.0018371662761313206 856 0.06335302524810846 2334.846145865754 -0.0017963743889515952 413.12709908695166 2273 1316 384797
1330680475 9764 86298 17.676771814829987 0.0018105881199252266 856 0.06309851342027581 2336.0946333469888 -8.349716646081376E-4 415.44674748997613 2294 1340 388667
1331680475 9882 87226 17.6535114349322 0.0017866118242012145 857 0.06259211758191134 2338.112527828375 -6.883442999044342E-5 417.67451442480905 2317 1353 392188
1332680475 10022 88222 17.605667531430854 0.0017568773107904253 862 0.06187188892061196 2337.391339054081 4.868334824241316E-4 420.05237768640234 2354 1385 395886
1333680475 10156 89171 17.56025994486018 0.0017292230374062218 863 0.06161963451177305 2338.1506498621507 0.0010597886398040716 422.3055765674898 2383 1414 400073
1334680475 10272 90087 17.540303738317757 0.0017077503396278606 866 0.06102583636343391 2340.7731697819313 0.001993475979217646 424.4690801460102 2418 1431 404072
1335680475 10411 91055 17.49207568917491 0.0016803146675480223 868 0.06058384205326468 2341.043319565844 0.0024508103139904815 426.7434826684527 2461 1463 408227
1336680475 10508 91971 17.504948610582414 0.0016660272780605705 872 0.06017160391019658 2348.744575561477 0.0033136509505036654 428.88459986341314 2469 1469 412547
1337680475 10607 92916 17.519751107759028 0.0016518716865697744 877 0.05944083748833528 2357.249929291977 0.003746780436452712 431.0823587204654 2472 1493 416552
1338680475 10732 93838 17.487513976891538 0.0016296257549987456 879 0.05928363161738621 2358.222139396198 0.004491814834545332 433.21588151867195 2515 1521 420479
1339680475 10840 94694 17.471217712177122 0.0016118846491537154 879 0.058710041092446895 2361.1147601476014 0.005407272629117832 435.18731599163135 2534 1539 424490
1340680475 10962 95651 17.451377485860245 0.0015921337000146195 883 0.058834922051846913 2364.2357234081373 0.006134182673631266 437.38084091555726 2549 1560 428637
1341680475 11061 96467 17.4427266974053 0.0015771000630565369 884 0.05824408837444795 2367.8466684748214 0.006699436584818322 439.2425298169566 2571 1580 432118
1342680475 11193 97332 17.391584025730367 0.0015539299522632566 890 0.05759831545032976 2364.977753953364 0.007289367105506412 441.20743420753917 2594 1632 435358
1343680475 11299 98115 17.367023630409772 0.0015371768127464835 891 0.05756004988976535 2365.6695282768387 0.008100947446976748 442.9785547856691 2623 1653 438860
1344680475 11408 99035 17.362377279102386 0.0015220809396951332 892 0.057575407162612224 2369.411991584853 0.008926351095134049 445.05055892561245 2641 1663 442697
1345680475 11492 99756 17.36094674556213 0.0015108299317345862 894 0.056975677305008875 2374.190045248869 0.009234475266244603 446.667661690434 2646 1685 445960
1346680475 11624 100700 17.326221610461115 0.001490684127201335 895 0.056495095830930445 2373.4439091534755 0.010252970284434728 448.7761134463375 2689 1693 449775
1347680475 11742 101564 17.299267586441832 0.0014734066592659767 899 0.05604210927104764 2374.9904615908704 0.010937497893880158 450.6972376218874 2735 1714 453853
1348680475 11847 102385 17.284544610449903 0.00145910388404946 902 0.0559287906172455 2378.026673419431 0.011506482592607115 452.5151931151041 2758 1729 457657
1349680475 11939 103255 17.297093558924534 0.0014489105008313396 905 0.05575726617881105 2385.6237540832567 0.011734931701404364 454.43371353806924 2783 1720 461315
1350680475 12087 104125 17.229254571026722 0.0014255547386254114 906 0.055479923092725224 2378.9934640522874 0.012786348785175901 456.3441683641854 2850 1740 464696
1351680475 12198 104982 17.212985735366452 0.0014112474981853287 911 0.05508873631487256 2381.90063944909 0.01342103242052699 458.21828859180204 2873 1772 468683
1352680475 12321 105774 17.169710250791333 0.0013936453125642314 913 0.05495491047003238 2379.836863890918 0.014244931579854419 459.9434747879352 2921 1787 472402
1353680475 12459 106728 17.132675174572597 0.0013752348029035639 914 0.05506265170939169 2378.7791957621 0.01532051755433392 462.01298683045695 2965 1789 476675
1354680475 12597 107756 17.108200365166308 0.001358224862271063 915 0.05508135734920446 2379.5368738588554 0.016286393424056706 464.2327002700262 2999 1821 480710
1355680475 12715 108687 17.095871018482107 0.0013446492857072604 915 0.054863266373012726 2383.297837200157 0.01659008637005656 466.23384690517696 3029 1830 484412
1356680475 12826 109512 17.076563230937158 0.0013315059049463672 919 0.05441726855114669 2385.472633712771 0.01684278523926341 467.99999999999994 3058 1858 487728
1357680475 12920 110413 17.091795665634674 0.0013229968004980783 920 0.05395639043502717 2391.1404024767803 0.017867756097287663 469.9212700016887 3063 1877 491734
1358680475 13059 111309 17.047093958189755 0.0013054904241223582 920 0.053858631201113845 2388.3378512902977 0.018604856948742858 471.8241197734597 3107 1902 495113
1359680475 13170 112209 17.04009111617312 0.001293954826955207 923 0.05360769780877579 2391.740015186029 0.019047297955373677 473.72776992699085 3121 1930 498688
1360680475 13300 113278 17.034285714285716 0.0012808696679664422 927 0.05337851897762426 2396.001052631579 0.019787185309189978 475.97899113301213 3115 1992 503170
1361680475 13435 114355 17.023446222553034 0.0012671911733328147 931 0.053101080197214975 2399.843989579457 0.020404140931534143 478.23634324463467 3126 2026 507760
1362680475 13571 115366 17.00184216343674 0.0012528992014323316 934 0.05273848491814107 2402.370201164247 0.020745621673392275 480.34570883895697 3154 2051 512020
1363680475 13699 116275 16.975691656325278 0.001239282497906649 935 0.05231228706708261 2403.2557120957736 0.021346957471449563 482.2343828471794 3209 2053 516103
1364680475 13833 117189 16.943396226415093 0.001224941890284492 936 0.05193674514749536 2402.2833803224175 0.02233882338202233 484.12601665268926 3253 2058 520250
1365680475 13973 118218 16.920918915050454 0.0012110591837282032 939 0.05144319729864059 2404.2214270378586 0.0228212834567187 486.2468508895456 3284 2076 524517
1366680475 14125 119240 16.88353982300885 0.0011953794833622804 944 0.05147227217765093 2403.737628318584 0.023669340350741933 488.3441409498019 3320 2108 529367
1367680475 14276 120259 16.847716447184084 0.0011802253202931059 948 0.05093953399558348 2403.0494536284673 0.024350466139963257 490.42634513247754 3368 2133 533560
1368680475 14409 121253 16.830175584704005 0.001168113241581344 951 0.05070670669453155 2405.6690957040737 0.02477076361847993 492.4489821291136 3412 2147 537855
1369680475 14566 122369 16.80200466840588 0.0011535876874978288 955 0.050419249699488716 2406.573527392558 0.025244900014862067 494.7100160700206 3465 2158 542087
1370680475 14711 123351 16.76990007477398 0.001140033995565872 959 0.04993900499206386 2405.4564611515193 0.025747258310893233 496.6910508555595 3502 2184 545465
1371680475 14826 124190 16.75300148387967 0.001130050690312288 959 0.049560610701230634 2406.818561985701 0.026106744248304167 498.37736706234966 3525 2209 548839
1372680475 14981 125108 16.702222815566383 0.0011149681452314007 961 0.049523276091546185 2403.642880982578 0.026502941481278734 500.2159533641445 3593 2222 552546
1373680475 15136 125987 16.64733086680761 0.0010999227530100832 963 0.049220587278535226 2398.668472515856 0.027166706160060942 501.9701186325736 3649 2259 555983
1374680475 15265 126780 16.61054700294792 0.001088217177866085 964 0.049077575712076556 2396.178709466099 0.0277101145727684 503.5474158408521 3686 2280 559097
1375680475 15382 127483 16.575607853335068 0.0010776677623909412 966 0.04892569445584701 2393.456637628397 0.028094980178913227 504.9415807794007 3729 2298 561520
1376680475 15507 128229 16.53820855097698 0.0010665683316765755 967 0.048775815361587746 2391.6284258721867 0.028317001269908708 506.4168243650679 3787 2303 564639
1377680475 15644 129005 16.492585016619792 0.0010543108749357405 968 0.04840154969929801 2388.039631807722 0.028587005513325974 507.94684761301556 3839 2321 567303
1378680475 15750 129694 16.469079365079367 0.0010457222277655321 969 0.04837365913167556 2387.0689523809524 0.029013986117976627 509.30148242470295 3883 2336 569936
1379680475 15862 130362 16.437019291388225 0.0010363167071047363 969 0.04824831828284005 2385.0726264027235 0.029274970895196956 510.61139822765415 3919 2371 572424
1380680475 15975 131145 16.418779342723006 0.0010278439553476277 971 0.04802811064152434 2385.8393740219094 0.02943863509005983 512.1425582784543 3945 2375 575247
1381680475 16084 131853 16.395548371051976 0.0010194334621060734 974 0.04795060546818442 2385.484083561303 0.02953175305810699 513.5231250878581 3973 2395 577704
1382680475 16227 132689 16.354101189375733 0.0010078948101427173 976 0.04764218137426506 2382.8966537252727 0.029806538240768198 515.148522272946 4016 2429 580847
1383680475 16373 133552 16.31368716789837 9.964382584838974E-4 978 0.047329927180389315 2379.1191595920113 0.03052899897988556 516.821052202791 4068 2455 583956
1384680475 16502 134380 16.286510725972608 9.870014378505914E-4 978 0.04714606571270386 2377.6882802084597 0.03115304149578625 518.4206785999185 4112 2464 587137
1385680475 16629 135093 16.247880209272957 9.77139776838643E-4 980 0.04670611713196344 2375.216308858019 0.031337660347585776 519.7941900406353 4170 2461 589873
1386680475 16741 135924 16.238456484081 9.700392164922938E-4 981 0.04641234660081412 2376.703183800251 0.03186536506969025 521.3904487042316 4189 2489 593119
1387680475 16881 136858 16.21444227237723 9.605712246668974E-4 982 0.04619550647357604 2377.003376577217 0.032226223002514966 523.1787457456581 4239 2517 596806
1388680475 16983 137475 16.1897191308956 9.533458444762455E-4 984 0.04599812321139485 2375.668256491786 0.03263950510391642 524.356748788456 4277 2530 599400
1389680475 17110 138258 16.16107539450614 9.445949730847003E-4 987 0.04546507693639498 2373.5512565751023 0.03323040946016616 525.8478867505316 4326 2530 602429
1390680475 17247 139128 16.133588450165245 9.354974168018814E-4 988 0.04517109723398677 2371.8366092653796 0.03375215763329346 527.4997630331221 4369 2560 605409
1391680475 17381 139977 16.10689833726483 9.267490412695529E-4 992 0.04505135369462708 2370.6616420228984 0.034216671933041294 529.1067945131682 4424 2566 608630
1392680475 17484 140696 16.09425760695493 9.205661274927032E-4 992 0.04482013405376469 2372.33459162663 0.03442267319728599 530.4639478795897 4449 2595 611919
1393680475 17636 141611 16.05931050124745 9.106498724835526E-4 996 0.044259067213091294 2371.290088455432 0.03465697801335925 532.1860576903532 4513 2615 615738
1394680475 17763 142345 16.02713505601531 9.023271622573647E-4 998 0.043991386822554684 2370.136013060857 0.0348707838799457 533.5634920044661 4577 2615 619128
1395680475 17900 143114 15.990391061452513 8.933678452121634E-4 1002 0.044238650965786316 2368.3715083798884 0.03473166300885942 535.0028037309711 4616 2652 621920
1396680475 18031 143997 15.972159059397704 8.85865727088059E-4 1003 0.04385174233142061 2368.8442127447174 0.035046022640569656 536.65072440089 4663 2659 625175
1397680475 18165 144779 15.940434902284613 8.775839518985143E-4 1004 0.04362101408580396 2366.734048995321 0.03550775210334524 538.1059375253167 4706 2687 628459
1398680475 18284 145551 15.921133231240429 8.708162353683984E-4 1004 0.043371624093217466 2366.5020783198424 0.03571990777592748 539.5386918470259 4737 2701 631092
1399680475 18407 146342 15.900689954908458 8.638862303003618E-4 1006 0.04295251279789627 2366.8438094203293 0.03590176651895922 541.0027726361483 4780 2714 634294
1400680475 18517 147141 15.89253118755738 8.583134147525049E-4 1008 0.04275341632818896 2367.866609061943 0.036186475489672895 542.4776493091674 4803 2728 636850
1401680475 18642 147891 15.866430640489218 8.51157697574659E-4 1009 0.042500205778207706 2367.2026606587274 0.03628670359535602 543.8584374632796 4831 2770 639655
1402680475 18755 148641 15.850813116502266 8.451963909833777E-4 1011 0.042473080594039675 2367.880991735537 0.03640408846425752 545.2357288366198 4862 2801 642427
1403680475 18869 149302 15.825109968731782 8.387274734328907E-4 1013 0.04227702927112617 2366.60819333298 0.03659590750004161 546.4467037140951 4903 2819 645014
1404680475 18980 149969 15.802845100105374 8.326489857266123E-4 1013 0.04199607685762864 2365.9191780821916 0.03690595227710965 547.6659565830251 4949 2822 647888
1405680475 19095 150773 15.791882691804137 8.270599503406378E-4 1017 0.04171563703639144 2367.229222309505 0.037254242543130214 549.1320424087453 4975 2855 651295
1406680475 19204 151498 15.777754634451156 8.216296742410642E-4 1017 0.04150727224220677 2366.9622995209334 0.03756893086484499 550.4507244068265 5005 2882 653622
1407680475 19303 152160 15.765425063461638 8.167767621729166E-4 1017 0.04135287427255765 2368.3134227840233 0.037608602281288914 551.652064257898 5044 2897 656393
1408680475 19413 152818 15.743882965023438 8.110386856080486E-4 1018 0.04145044343167088 2367.166743934477 0.0378368813453616 552.843558341779 5081 2904 658819
1409680475 19508 153493 15.736415829403322 8.067060967551813E-4 1020 0.04134025567302133 2368.789727291368 0.03798448955590144 554.0631732934431 5105 2917 661486
1410680475 19617 154171 15.71810164653107 8.012898473965676E-4 1022 0.04139540477558637 2368.7864607228425 0.038011619059747745 555.2855121466794 5154 2925 663958
1411680475 19720 154903 15.71024340770791 7.967058881133887E-4 1022 0.04127323166131557 2370.47200811359 0.038141385633903534 556.6021918749512 5187 2920 666751
1412680475 19838 155687 15.695836273817925 7.91240423139483E-4 1023 0.041130179027834564 2371.6708337534023 0.03823562857505022 558.0089605015318 5236 2917 669818
1413680475 19963 156443 15.67329559685418 7.851565773396543E-4 1026 0.04084458635918812 2370.4656614737264 0.03849679647062591 559.3621367236077 5275 2931 672465
1414680475 20075 157187 15.659975093399751 7.801123390156297E-4 1028 0.04068394193625568 2370.9415691158156 0.03889388748537666 560.6906455435118 5325 2943 675524
1415680475 20190 157967 15.64804358593363 7.750776950781926E-4 1031 0.04068999898078408 2371.720059435364 0.03916375261775404 562.0800654711035 5351 2977 678463
1416680475 20325 158717 15.61790897908979 7.684466138107553E-4 1036 0.040542936823468684 2369.940959409594 0.03932906137771136 563.4128149057315 5417 2982 681354
1417680475 20432 159450 15.607870007830854 7.639307918276566E-4 1037 0.04053009343405384 2371.0172278778386 0.03958670158120933 564.71231613982 5451 3005 684288
1418680475 20532 160139 15.598967465419832 7.597763121825451E-4 1038 0.040492595974417074 2372.8640171439706 0.03973342154557411 565.9310912116421 5481 3022 687440
1419680475 20604 160643 15.593379926227916 7.568499697242108E-4 1038 0.04051201092464267 2373.6384197243256 0.03991886327624827 566.8209593866479 5497 3038 689369
1420680475 20703 161300 15.582282760952518 7.526945590258197E-4 1040 0.04059671726575922 2373.729314592088 0.040194535984419646 567.9788728465171 5526 3061 691676
1421680475 20801 161974 15.573674342579684 7.487343433932541E-4 1041 0.04038416366115084 2375.248593817605 0.04039890763433214 569.1642996534481 5551 3081 694751
1422680475 20906 162771 15.571701903759687 7.448793065658783E-4 1043 0.04030757643327514 2378.2781976466085 0.04052552934593125 570.5628799702974 5586 3086 697930
1423680475 21003 163455 15.56491929724325 7.411160507210385E-4 1045 0.040330646453796394 2379.8415464457457 0.040639958718609065 571.760439345011 5624 3072 700671
1424680475 21108 164128 15.551260185711579 7.367821189989851E-4 1049 0.040390771296449274 2380.8153306803106 0.04060423022390109 572.9362966334041 5660 3100 703452
1425680475 21206 164808 15.543525417334717 7.330122809400951E-4 1050 0.04023441996648895 2382.0521550504573 0.04074607835966847 574.121938267473 5677 3131 706055
1426680475 21342 165618 15.520382344672477 7.272565645786269E-4 1051 0.04001454377121494 2381.473526379908 0.041008890780886514 575.5310591097582 5738 3150 709480
1427680475 21466 166451 15.508338768284728 7.224942356526778E-4 1054 0.039999015175607465 2382.5965713220908 0.04125725868890898 576.9766026452025 5774 3179 713006
1428680475 21580 167242 15.499721964782205 7.182780464702815E-4 1056 0.04005505662939016 2384.586376274328 0.04139592164512139 578.3459172502214 5809 3197 716332
1429680475 21688 167977 15.490317226115824 7.142674056400528E-4 1059 0.03993146138815394 2386.373662855035 0.04140967978708332 579.6153897197693 5835 3225 719362
1430680475 21796 168700 15.479904569645807 7.102502670174722E-4 1059 0.03973717076075342 2387.641402092127 0.04159095297038289 580.8614292583043 5879 3241 722347
1431680475 21897 169443 15.476366625565145 7.068125057346158E-4 1060 0.03980912473065738 2390.0292277480935 0.041657021372625176 582.1391586210294 5897 3267 725307
1432680475 22013 170163 15.460228047063099 7.023545360286706E-4 1061 0.0397269464559801 2389.57343387998 0.04184976210420588 583.3746652023895 5934 3289 727835
1433680475 22123 170834 15.444017538308549 6.981293526041293E-4 1063 0.039656087366732345 2390.332685440492 0.04186196711285784 584.5237377557904 5978 3309 730987
1434680475 22235 171503 15.426399820103441 6.938202671630584E-4 1063 0.03952940070084835 2389.4827973915 0.042095935473757964 585.6671409597776 6032 3321 733384
1435680475 22336 172126 15.412428366762178 6.900572360314384E-4 1064 0.03942178263491275 2388.3935351002865 0.04240293032325412 586.7299208324048 6064 3337 735304
1436680475 22448 172780 15.393799002138275 6.857842474334332E-4 1065 0.039530607649369665 2388.1071810406274 0.04249326411647331 587.8435165926388 6117 3347 738210
1437680475 22553 173348 15.372500332549993 6.816468753347815E-4 1066 0.039420146065646464 2387.3205338535895 0.04251092366723598 588.8089673230189 6165 3365 740642
1438680475 22653 173960 15.358672140555335 6.780272002717347E-4 1067 0.03942937844054869 2387.0002207213174 0.0426723791022162 589.8474379023783 6215 3359 742785
1439680475 22771 174645 15.33924728821747 6.73660399131202E-4 1070 0.039104085177435494 2386.0474287470906 0.0429521260859019 591.0076141641493 6260 3375 745539
1440680475 22863 175333 15.33770721252679 6.708821280958267E-4 1071 0.03908039452909266 2387.369898963391 0.04323412170946961 592.1705835314685 6288 3382 747808
1441680475 22965 176037 15.330894839973872 6.676055931011093E-4 1073 0.03892129435547836 2388.0875244937947 0.043520501801728693 593.3582391776489 6311 3410 750440
1442680475 23064 176804 15.331599028789455 6.647703693703965E-4 1074 0.03890488968646968 2390.8289975719736 0.04373100076652121 594.6494765826335 6333 3429 753671
1443680475 23166 177609 15.333592333592334 6.619293042776747E-4 1076 0.038865087183575134 2394.318829318829 0.04385188374675955 596.0016778499872 6340 3460 757025
1444680475 23287 178449 15.326061751191652 6.581663553719682E-4 1077 0.038972786370591636 2395.708592777086 0.044048452458861374 597.4094073581366 6359 3503 760138
1445680475 23407 179313 15.321314136796685 6.545891710158371E-4 1077 0.03878752846632418 2397.5427009014397 0.044393233225293226 598.8539053892861 6398 3502 763452
1446680475 23518 180095 15.315503018964197 6.512524139543393E-4 1077 0.038699215123845665 2399.77770218556 0.044450450643278766 600.1583124476408 6441 3508 766683
1447680475 23640 180857 15.30093062605753 6.472748689055175E-4 1078 0.03851733240180319 2399.3199661590525 0.04468281968612916 601.4266372551186 6497 3504 769211
1448680475 23754 181603 15.290309000589374 6.43721172087289E-4 1080 0.03842301089323212 2399.575650416772 0.044965950506281514 602.6657448370531 6532 3521 772064
1449680475 23877 182344 15.273610587594757 6.397055866809665E-4 1080 0.038257438106864425 2399.2528374586423 0.04508669554834327 603.894030439116 6579 3538 774707
1450680475 23994 183070 15.259648245394683 6.360041781100605E-4 1080 0.038230994532757974 2399.4713678419603 0.04526252126997955 605.0950338583189 6640 3527 777625
1451680475 24097 183698 15.246545213097066 6.327417502115316E-4 1081 0.038154487430320405 2398.801510561481 0.04552854271216632 606.1319988253384 6666 3542 779926
1452680475 24191 184363 15.242280186846347 6.301066633669428E-4 1083 0.03812132884875171 2400.3639370013643 0.04561616968384239 607.2281284657357 6691 3560 782427
1453680475 24303 185027 15.22667983376538 6.265607700504229E-4 1083 0.03782783013815444 2399.9225610006997 0.04573489510930691 608.3206391369604 6728 3588 784734
1454680475 24407 185792 15.224484778956857 6.238009005554723E-4 1085 0.037940244480592064 2402.6439955750398 0.04572749759980289 609.5769024495597 6744 3618 787786
1455680475 24530 186613 15.215083571137383 6.202895988885557E-4 1087 0.037867421656696675 2403.6470444353854 0.04595195280926261 610.9222536460757 6778 3643 791026
1456680475 24672 187463 15.196416990920882 6.159627494191918E-4 1088 0.037761655670084375 2403.786802853437 0.04601219528730568 612.3120119677549 6833 3676 794329
1457680475 24759 187985 15.185185185185185 6.133445829705625E-4 1090 0.03774957789745668 2403.300860293227 0.046074398068031826 613.1639258795318 6871 3674 795867
