1271680475 2471 18799 15.215702144880614 0.0061602032975225166 574 0.31083581694511503 1508.5171995143667 -0.2046916114561231 193.90203712184152 478 367 80907
1272680475 2601 20154 15.497116493656286 0.005960429420637033 584 0.2703862688053265 1546.0292195309496 -0.18970948377598829 200.76852342934637 516 338 86992
1273680475 2739 21386 15.615918218327858 0.005703403293764739 593 0.23995243299833366 1566.6849215041987 -0.17783719531821873 206.81392603013947 560 333 92196
1274680475 2850 22772 15.980350877192983 0.005609108767003504 603 0.21634717816695656 1620.360701754386 -0.16684242527238546 213.41040274550818 572 339 99013
1275680475 2973 24124 16.22872519340733 0.005460540105453342 617 0.19724015021479413 1661.9710729902456 -0.15751636284708512 219.65427380317462 617 325 105407
1276680475 3107 25554 16.44930801416157 0.005295978111449315 629 0.1822829283243353 1698.54650788542 -0.14785213512178477 226.0707853748467 640 357 111891
1277680475 3242 27043 16.68291178285009 0.005147458124915179 634 0.1685248372280223 1737.9185687847007 -0.13861162026428384 232.5639696943617 662 370 118792
1278680475 3399 28536 16.790820829655782 0.004941383410728599 641 0.1567887754111303 1759.4068843777582 -0.12911742471293305 238.89746754622578 711 385 125366
1279680475 3544 30189 17.03668171557562 0.004808546913794982 653 0.14914654853802245 1807.9040632054175 -0.12239688823848487 245.71935210723635 718 399 133008
1280680475 3678 31641 17.205546492659053 0.0046792348361868515 658 0.14125106323410364 1840.9488852637303 -0.1157585903272082 251.55913817629445 761 401 139562
1281680475 3820 33024 17.290052356020944 0.004527376893433082 666 0.1336582906645054 1865.6612565445025 -0.11056781834997877 256.99805446734416 817 415 145654
1282680475 3966 34258 17.275844679778114 0.004357085669553118 671 0.12739147452150928 1875.284417549168 -0.10459710326191181 261.7556112101515 870 439 151540
1283680475 4091 35517 17.36348081153752 0.004245349831671766 676 0.12397930874345452 1897.149352236617 -0.09943228461375696 266.5220441164295 881 479 157312
1284680475 4218 36711 17.40682788051209 0.004127775167301895 679 0.11973551931586628 1913.5851114272166 -0.09430311241472047 270.9649423818513 906 513 163216
1285680475 4354 38012 17.460725769407443 0.004011193606571891 685 0.11645484908412959 1933.0505282498852 -0.08955170473751156 275.7245001808871 951 532 169562
1286680475 4503 39394 17.49677992449478 0.0038864460072178544 687 0.11138660562030357 1950.4148345547412 -0.08492604806095527 280.6920020235703 989 562 175935
1287680475 4651 40774 17.533433670178457 0.0037706308968125713 697 0.10760169967702225 1968.6166415824555 -0.08024230341440375 285.5661044311807 1021 593 182564
1288680475 4770 42245 17.71278825995807 0.003714151448932286 705 0.10412962387079402 2005.8381551362684 -0.07639375841536789 290.6716360431475 1009 636 189700
1289680475 4904 43655 17.803833605220227 0.003631212238470371 708 0.10121842526782433 2032.637030995106 -0.07328210066350827 295.4826560053906 1027 673 196471
1290680475 5040 45111 17.901190476190475 0.0035525283739215076 716 0.09889061602424341 2058.4309523809525 -0.06945212484371553 300.3697721143058 1058 685 203345
1291680475 5157 46273 17.945704867170836 0.00348054787959093 720 0.09803797483686422 2074.8873375993794 -0.0661196753341052 304.2137406495637 1101 678 209048
1292680475 5273 47722 18.10051204248056 0.003433329294855949 724 0.09609681771392532 2107.64953536886 -0.062481782306952796 308.94012364858014 1116 667 216123
1293680475 5353 48540 18.13562488324304 0.003388569671756921 728 0.09611663412932298 2119.641696245096 -0.060689234311666326 311.57663583779834 1135 666 219727
1294680475 5452 49618 18.2017608217168 0.003339159937941075 731 0.09480622481499779 2137.705796038151 -0.058222075893700924 315.0174598335781 1156 677 224922
1295680475 5579 50800 18.21114895142499 0.003264816950775365 735 0.09266382341730997 2151.7436816633804 -0.05591121737071488 318.74754901018457 1199 689 230742
1296680475 5711 52053 18.229031693223604 0.003192474902490999 739 0.09164428247538563 2163.706531255472 -0.05277799185765386 322.65461409996914 1228 714 236378
1297680475 5856 53385 18.232581967213115 0.003114019123349806 742 0.09015677303313013 2178.223360655738 -0.0505255878013261 326.75679028904665 1264 738 242831
1298680475 6000 54735 18.245 0.0030413402233705616 745 0.08744343655856164 2187.8013333333333 -0.0465623608429731 330.86250920888574 1299 757 248920
1299680475 6145 55991 18.22327095199349 0.002966027173176024 748 0.08517060859350668 2196.793165174939 -0.04378113785786838 334.63711688932534 1363 763 255260
1300680475 6268 56994 18.185705169112953 0.002901819876992653 751 0.08355651980400072 2201.8704530950863 -0.04189408277443775 337.6210893886814 1414 772 260274
1301680475 6419 58274 18.156722230877083 0.0028290311983292433 755 0.08209594683612892 2210.3287116373267 -0.03989426146695454 341.3912711244973 1456 799 266286
1302680475 6542 59514 18.19443595230816 0.0027815985250432902 759 0.08076343809761806 2226.4714154692756 -0.03838346799278156 345.0043477986908 1490 806 271826
1303680475 6688 60769 18.17254784688995 0.0027175935168072306 764 0.07960980272907911 2233.2314593301435 -0.036379654700745036 348.6230055518425 1527 828 277069
1304680475 6812 62071 18.224016441573692 0.002675674121505461 769 0.0788573348273299 2252.6344685848503 -0.034494891136855006 352.337905993664 1545 852 283684
1305680475 6933 63373 18.281551997692198 0.002637269474566099 775 0.07721837216911254 2273.566709937978 -0.03258392673559238 356.01404466677997 1579 853 290568
1306680475 7051 64453 18.281945823287476 0.002593183804721628 778 0.07680671986379996 2283.088639909233 -0.030885772444632212 359.03481725314606 1592 892 295939
1307680475 7160 65455 18.283519553072626 0.002553920876249843 781 0.0757007733557229 2292.8505586592178 -0.029515245752912003 361.81486978840434 1623 914 300949
1308680475 7281 66377 18.2329350363961 0.0025045240434610028 782 0.07540792745259207 2294.009888751545 -0.02844108246426008 364.3542232498479 1668 928 304873
1309680475 7379 67336 18.250711478520124 0.0024736665056275583 785 0.07511573496649973 2303.9745222929937 -0.027334553367317677 366.9768385061924 1682 942 309017
1310680475 7492 68214 18.209823812066205 0.0024308935805721806 787 0.07456758544687463 2306.29604911906 -0.026132665216044234 369.3616114324822 1717 966 313355
1311680475 7608 69034 18.147739221871714 0.0023856631026517305 789 0.07403159302112897 2304.019716088328 -0.02451128760886428 371.5750260714517 1755 999 317400
1312680475 7719 69938 18.12100012955046 0.0023478880706854703 792 0.07336242264264423 2307.1035108174633 -0.023526019496826842 374.0 1780 1020 321128
1313680475 7822 70776 18.096650473024802 0.0023138537876262375 794 0.07175569928461756 2307.4671439529534 -0.02193979478437817 376.2339697581812 1801 1028 324410
1314680475 7931 71663 18.071617702685664 0.0022788925224067674 795 0.07144554332959357 2310.3737233640145 -0.020546148570667687 378.58420463616807 1835 1035 328504
1315680475 8034 72677 18.092357480706994 0.002252254136774181 799 0.07081493602257774 2320.451331839681 -0.019267030421354168 381.2531967079096 1832 1072 333118
1316680475 8159 73649 18.053437921313886 0.0022129735132770147 803 0.06997303623690143 2323.2477019242556 -0.018482504197551607 383.79421569377513 1862 1092 337369
1317680475 8283 74586 18.009416877942776 0.0021745250999689416 806 0.06960077114006485 2326.517445370035 -0.01774271005154479 386.2279119897991 1914 1112 341943
1318680475 8404 75614 17.994764397905758 0.002141469046519786 807 0.06876783614210437 2331.1751546882438 -0.016480070889649125 388.8804443527599 1930 1146 346193
1319680475 8510 76518 17.98307873090482 0.0021134185839587283 811 0.06833519180014727 2334.98401880141 -0.015050952088088383 391.19815950487293 1953 1172 350335
1320680475 8623 77558 17.988635045807722 0.0020863645379039343 817 0.0680970716395575 2344.630870926592 -0.014271530878686305 393.84768629509557 1966 1195 355234
1321680475 8748 78559 17.96044810242341 0.002053326637981412 821 0.06758632990852129 2348.4147233653407 -0.013483200636527942 396.3811297223923 2010 1216 359503
1322680475 8863 79484 17.93613900485163 0.0020239380506490217 821 0.06720991223676151 2351.7321448719395 -0.012623634812422015 398.70791313943096 2042 1227 363479
1323680475 8981 80372 17.898229595813383 0.0019931213358366797 824 0.06668978287883838 2352.491259325242 -0.01184082847354511 400.92892138133413 2081 1238 367148
1324680475 9086 81288 17.893022232005283 0.001969512628729255 828 0.06604084936915851 2357.3700198106976 -0.010829218301659815 403.2071427938746 2106 1264 371006
1325680475 9161 81861 17.871629734745117 0.0019510512810857112 830 0.0657668756518604 2358.1814212422223 -0.010225050246583833 404.6257530113475 2119 1281 373515
1326680475 9258 82643 17.853316050982933 0.0019286287189135718 832 0.06536431392181871 2359.5348887448695 -0.008821868056002642 406.55380947667925 2134 1314 377125
1327680475 9382 83475 17.794713280750372 0.0018968887411523689 834 0.06443579076796874 2357.5657642293754 -0.008066507560849536 408.5951541562871 2186 1317 380838
1328680475 9497 84382 17.770243234705696 0.0018713398520119732 837 0.0638757402202048 2360.6102979888387 -0.0074327145861488005 410.8089580328063 2209 1321 384739
1329680475 9639 85337 17.706608569353666 0.0018371662761313206 841 0.06277604830699911 2356.5618840128645 -0.006353296190001626 413.12709908695166 2246 1351 388293
1330680475 9764 86298 17.676771814829987 0.0018105881199252266 842 0.06234872809353339 2358.633142154855 -0.0057971943831999564 415.44674748997613 2280 1372 391974
1331680475 9882 87226 17.6535114349322 0.0017866118242012145 842 0.06227404225601312 2359.808540781218 -0.004614331879587372 417.67451442480905 2296 1394 395788
1332680475 10022 88222 17.605667531430854 0.0017568773107904253 844 0.06121361546118466 2359.2783875473956 -0.0036743626711023473 420.05237768640234 2348 1411 400060
1333680475 10156 89171 17.56025994486018 0.0017292230374062218 844 0.06084279962854429 2357.630169358015 -0.0024382769765990777 422.3055765674898 2367 1455 404111
1334680475 10272 90087 17.540303738317757 0.0017077503396278606 847 0.060676351981328217 2359.942367601246 -0.0017079370185218207 424.4690801460102 2394 1481 407634
1335680475 10411 91055 17.49207568917491 0.0016803146675480223 852 0.06029417329643789 2358.4222457016617 -7.493796468037833E-4 426.7434826684527 2434 1511 411689
1336680475 10508 91971 17.504948610582414 0.0016660272780605705 854 0.06088189850704265 2365.702893033879 -1.1807260507340347E-4 428.88459986341314 2434 1536 415442
1337680475 10607 92916 17.519751107759028 0.0016518716865697744 858 0.060961118389385074 2374.405769774677 3.9908138664915244E-4 431.0823587204654 2427 1570 419714
1338680475 10732 93838 17.487513976891538 0.0016296257549987456 861 0.060628226787124005 2374.486768542676 0.001229540328731771 433.21588151867195 2469 1566 423352
1339680475 10840 94694 17.471217712177122 0.0016118846491537154 862 0.0602648162248138 2377.071586715867 0.0021610582490011595 435.18731599163135 2501 1569 427235
1340680475 10962 95651 17.451377485860245 0.0015921337000146195 863 0.059686330857713424 2378.8808611567233 0.0030566968050406633 437.38084091555726 2521 1596 431038
1341680475 11061 96467 17.4427266974053 0.0015771000630565369 863 0.05915459590529282 2380.71006238134 0.004211071710692004 439.2425298169566 2530 1604 434446
1342680475 11193 97332 17.391584025730367 0.0015539299522632566 864 0.05883632210904328 2377.80809434468 0.005021929462236052 441.20743420753917 2561 1624 437953
1343680475 11299 98115 17.367023630409772 0.0015371768127464835 869 0.057883294178631424 2378.1584210992123 0.005341296237170348 442.9785547856691 2594 1632 440609
1344680475 11408 99035 17.362377279102386 0.0015220809396951332 870 0.0575481818241465 2383.623772791024 0.0060006621748123785 445.05055892561245 2602 1666 445004
1345680475 11492 99756 17.36094674556213 0.0015108299317345862 873 0.05720006076907394 2386.585624782457 0.006718307522939883 446.667661690434 2613 1679 447960
1346680475 11624 100700 17.326221610461115 0.001490684127201335 877 0.05669672307323344 2386.9822780454233 0.007445573180923865 448.7761134463375 2673 1679 452160
1347680475 11742 101564 17.299267586441832 0.0014734066592659767 880 0.05637645123200606 2387.2459546925566 0.00811955267167044 450.6972376218874 2706 1713 455531
1348680475 11847 102385 17.284544610449903 0.00145910388404946 881 0.056231686073341954 2389.6321431586057 0.0087209702526206 452.5151931151041 2735 1731 459008
1349680475 11939 103255 17.297093558924534 0.0014489105008313396 885 0.05647489559441432 2396.467040790686 0.009252227801486617 454.43371353806924 2743 1758 462850
1350680475 12087 104125 17.229254571026722 0.0014255547386254114 886 0.05596292742957356 2392.0266401919416 0.009622642954934715 456.3441683641854 2820 1755 466263
1351680475 12198 104982 17.212985735366452 0.0014112474981853287 889 0.05589092408691507 2394.0560747663553 0.010356212539758033 458.21828859180204 2846 1764 469980
1352680475 12321 105774 17.169710250791333 0.0013936453125642314 894 0.05556878271652449 2391.9225712198686 0.010748292216395505 459.9434747879352 2899 1759 472899
1353680475 12459 106728 17.132675174572597 0.0013752348029035639 896 0.05539882082569663 2391.508146721246 0.01137049447426332 462.01298683045695 2937 1781 476742
1354680475 12597 107756 17.108200365166308 0.001358224862271063 897 0.05488555002217521 2393.7683575454475 0.01206589085021492 464.2327002700262 2972 1810 481285
1355680475 12715 108687 17.095871018482107 0.0013446492857072604 899 0.0544361680713019 2397.504994101455 0.012337393498525702 466.23384690517696 2988 1857 485034
1356680475 12826 109512 17.076563230937158 0.0013315059049463672 901 0.05423372753450762 2399.5064712303133 0.012726974851006767 467.99999999999994 3015 1883 488546
1357680475 12920 110413 17.091795665634674 0.0013229968004980783 906 0.05387670183442832 2407.2018575851394 0.012915517822286348 469.9212700016887 3006 1921 492373
1358680475 13059 111309 17.047093958189755 0.0013054904241223582 908 0.05349926056239445 2404.341526916303 0.013623649740882348 471.8241197734597 3065 1934 495814
1359680475 13170 112209 17.04009111617312 0.001293954826955207 909 0.05341889606693697 2408.8654517843584 0.013886590830179076 473.72776992699085 3093 1953 499678
1360680475 13300 113278 17.034285714285716 0.0012808696679664422 916 0.05312835667866641 2413.4763909774438 0.014491013274194837 475.97899113301213 3116 1961 504380
1361680475 13435 114355 17.023446222553034 0.0012671911733328147 917 0.052735247847621604 2417.4752512095274 0.015137730095181106 478.23634324463467 3145 1975 509113
1362680475 13571 115366 17.00184216343674 0.0012528992014323316 918 0.0519183944503817 2418.9927050327906 0.016130187635280253 480.34570883895697 3203 1979 513848
1363680475 13699 116275 16.975691656325278 0.001239282497906649 920 0.05168877790858831 2418.917731221257 0.016628748850983626 482.2343828471794 3254 1972 517105
1364680475 13833 117189 16.943396226415093 0.001224941890284492 923 0.05107134369237788 2417.3804669992046 0.01726914177717002 484.12601665268926 3328 1960 520267
1365680475 13973 118218 16.920918915050454 0.0012110591837282032 924 0.05116941355028307 2418.370285550705 0.018020698461213434 486.2468508895456 3366 1967 524395
1366680475 14125 119240 16.88353982300885 0.0011953794833622804 929 0.05083202908202623 2418.537345132743 0.018452215308818985 488.3441409498019 3419 1979 528889
1367680475 14276 120259 16.847716447184084 0.0011802253202931059 931 0.05045761537760742 2417.9487251330906 0.019048337929057142 490.42634513247754 3464 2011 533201
1368680475 14409 121253 16.830175584704005 0.001168113241581344 932 0.05022075687324475 2420.094663057811 0.019621357961688114 492.4489821291136 3508 2025 537368
1369680475 14566 122369 16.80200466840588 0.0011535876874978288 935 0.05020979859023308 2421.415488123026 0.020131383936789475 494.7100160700206 3546 2069 541868
1370680475 14711 123351 16.76990007477398 0.001140033995565872 937 0.049778402297431454 2420.7855346339475 0.020653724698319272 496.6910508555595 3588 2092 545646
1371680475 14826 124190 16.75300148387967 0.001130050690312288 939 0.04990601854594657 2421.8269256711183 0.0212061115702823 498.37736706234966 3610 2122 549041
1372680475 14981 125108 16.702222815566383 0.0011149681452314007 944 0.04965887663361359 2418.1344369534745 0.02168618822431118 500.2159533641445 3667 2138 552689
1373680475 15136 125987 16.64733086680761 0.0010999227530100832 946 0.04940686396569854 2414.3946881606767 0.022061579635497187 501.9701186325736 3734 2159 556364
1374680475 15265 126780 16.61054700294792 0.001088217177866085 948 0.049140615882476875 2412.1703242712088 0.022411591808301934 503.5474158408521 3776 2186 559288
1375680475 15382 127483 16.575607853335068 0.0010776677623909412 948 0.049124287752390194 2409.27993758939 0.02297839738124447 504.9415807794007 3820 2196 561924
1376680475 15507 128229 16.53820855097698 0.0010665683316765755 950 0.049003736894110986 2406.9458954020765 0.023271023519635246 506.4168243650679 3867 2204 564691
1377680475 15644 129005 16.492585016619792 0.0010543108749357405 952 0.04849611650663447 2402.363078496548 0.023890874813796266 507.94684761301556 3928 2209 567552
1378680475 15750 129694 16.469079365079367 0.0010457222277655321 955 0.04820129902686701 2401.2369523809525 0.02420500096231453 509.30148242470295 3964 2228 569932
1379680475 15862 130362 16.437019291388225 0.0010363167071047363 959 0.0480131937987953 2399.814903543059 0.024499439541998024 510.61139822765415 4018 2239 573035
1380680475 15975 131145 16.418779342723006 0.0010278439553476277 960 0.047877155785152246 2400.6836932707356 0.024847002668266064 512.1425582784543 4039 2280 576220
1381680475 16084 131853 16.395548371051976 0.0010194334621060734 961 0.04730629342075592 2399.3817458343697 0.02536089695842022 513.5231250878581 4060 2311 578874
1382680475 16227 132689 16.354101189375733 0.0010078948101427173 962 0.046871286161860794 2395.711961545572 0.025960448104047195 515.148522272946 4127 2304 581858
1383680475 16373 133552 16.31368716789837 9.964382584838974E-4 964 0.04653927798715137 2392.595492579246 0.026561501265137864 516.821052202791 4186 2336 585189
1384680475 16502 134380 16.286510725972608 9.870014378505914E-4 970 0.04620307635490584 2391.427826930069 0.02696887341611743 518.4206785999185 4236 2367 588267
1385680475 16629 135093 16.247880209272957 9.77139776838643E-4 973 0.045973186774520225 2387.916290817247 0.02767747544278893 519.7941900406353 4280 2396 591597
1386680475 16741 135924 16.238456484081 9.700392164922938E-4 975 0.04589891271900514 2390.828863269817 0.027676225241836046 521.3904487042316 4298 2423 594825
1387680475 16881 136858 16.21444227237723 9.605712246668974E-4 978 0.04600672495946505 2390.5239026124045 0.028247782817615894 523.1787457456581 4321 2467 598545
1388680475 16983 137475 16.1897191308956 9.533458444762455E-4 980 0.04571407834054591 2389.1747041158806 0.028467498649774197 524.356748788456 4352 2486 600876
1389680475 17110 138258 16.16107539450614 9.445949730847003E-4 980 0.04567006501525987 2388.4104032729397 0.0288184167484719 525.8478867505316 4402 2501 604286
1390680475 17247 139128 16.133588450165245 9.354974168018814E-4 980 0.04535410766405341 2387.535107554937 0.029044974499915697 527.4997630331221 4449 2517 607358
1391680475 17381 139977 16.10689833726483 9.267490412695529E-4 980 0.04510559730005225 2386.1278407456416 0.02962727045806632 529.1067945131682 4485 2549 610690
1392680475 17484 140696 16.09425760695493 9.205661274927032E-4 982 0.044926805642709844 2387.237245481583 0.029848321172125342 530.4639478795897 4522 2555 613491
1393680475 17636 141611 16.05931050124745 9.106498724835526E-4 982 0.04469996475048164 2385.9843501927876 0.030228014105027956 532.1860576903532 4606 2558 617457
1394680475 17763 142345 16.02713505601531 9.023271622573647E-4 987 0.04440870128972329 2383.935821651748 0.03059193095293755 533.5634920044661 4657 2584 620405
1395680475 17900 143114 15.990391061452513 8.933678452121634E-4 990 0.044205275341650675 2382.2632402234635 0.030596209409669072 535.0028037309711 4703 2614 623451
1396680475 18031 143997 15.972159059397704 8.85865727088059E-4 991 0.04435486407567102 2383.4152293272696 0.03075520055838278 536.65072440089 4744 2642 626841
1397680475 18165 144779 15.940434902284613 8.775839518985143E-4 992 0.04401071743613481 2380.717203413157 0.03124200993530444 538.1059375253167 4802 2654 629528
1398680475 18284 145551 15.921133231240429 8.708162353683984E-4 995 0.0439247503320533 2380.3558302340844 0.03157755160328768 539.5386918470259 4848 2684 632507
1399680475 18407 146342 15.900689954908458 8.638862303003618E-4 998 0.0437607689695837 2381.2094311946544 0.03164275095038533 541.0027726361483 4890 2712 635865
1400680475 18517 147141 15.89253118755738 8.583134147525049E-4 998 0.043729851017767225 2382.6705189825566 0.031887133982487284 542.4776493091674 4901 2745 638687
1401680475 18642 147891 15.866430640489218 8.51157697574659E-4 998 0.0436143454915536 2381.063941637163 0.03239827156689383 543.8584374632796 4953 2755 641891
1402680475 18755 148641 15.850813116502266 8.451963909833777E-4 999 0.0435002059009443 2381.8231938149825 0.032504123435852954 545.2357288366198 4985 2779 644804
1403680475 18869 149302 15.825109968731782 8.387274734328907E-4 1001 0.043329011565116045 2380.544066988182 0.03267042722459272 546.4467037140951 5033 2787 647443
1404680475 18980 149969 15.802845100105374 8.326489857266123E-4 1002 0.043157598275908024 2380.3161222339304 0.03275072073016247 547.6659565830251 5074 2799 650268
1405680475 19095 150773 15.791882691804137 8.270599503406378E-4 1004 0.04334729510579077 2382.6071746530506 0.03272546136071801 549.1320424087453 5116 2814 653542
1406680475 19204 151498 15.777754634451156 8.216296742410642E-4 1005 0.04305989798889303 2383.616538221204 0.033054895515483 550.4507244068265 5151 2831 656920
1407680475 19303 152160 15.765425063461638 8.167767621729166E-4 1005 0.04308888846194838 2384.465005439569 0.0332241268384951 551.652064257898 5191 2844 659569
1408680475 19413 152818 15.743882965023438 8.110386856080486E-4 1006 0.04307892243386105 2383.69020759285 0.03354447243486144 552.843558341779 5237 2860 662365
1409680475 19508 153493 15.736415829403322 8.067060967551813E-4 1009 0.04291114452441605 2385.4665778142303 0.033501443729617254 554.0631732934431 5263 2873 664819
1410680475 19617 154171 15.71810164653107 8.012898473965676E-4 1012 0.04289990840478076 2384.9529489728297 0.03384966823650704 555.2855121466794 5297 2900 667650
1411680475 19720 154903 15.71024340770791 7.967058881133887E-4 1012 0.04286456064589783 2387.2362068965517 0.0338817365502889 556.6021918749512 5316 2927 670715
1412680475 19838 155687 15.695836273817925 7.91240423139483E-4 1012 0.04256519796243043 2387.311120072588 0.0342697055263776 558.0089605015318 5351 2950 673681
1413680475 19963 156443 15.67329559685418 7.851565773396543E-4 1012 0.042378486675639274 2386.9417422231127 0.03454821060784375 559.3621367236077 5400 2977 677060
1414680475 20075 157187 15.659975093399751 7.801123390156297E-4 1014 0.042196628966352734 2387.4841344956412 0.03482085758904057 560.6906455435118 5442 2997 680027
1415680475 20190 157967 15.64804358593363 7.750776950781926E-4 1016 0.04221756790533852 2389.174343734522 0.03514832889235965 562.0800654711035 5473 3030 683861
1416680475 20325 158717 15.61790897908979 7.684466138107553E-4 1017 0.04206428488405132 2387.4413776137762 0.03534578728494836 563.4128149057315 5541 3039 686883
1417680475 20432 159450 15.607870007830854 7.639307918276566E-4 1020 0.04206439473323944 2389.600724353955 0.03526566504546449 564.71231613982 5560 3073 689967
1418680475 20532 160139 15.598967465419832 7.597763121825451E-4 1022 0.04189993462060891 2391.399376582895 0.035389302864125505 565.9310912116421 5592 3091 693213
1419680475 20604 160643 15.593379926227916 7.568499697242108E-4 1023 0.041842942181668376 2391.9911667637352 0.03568653905611935 566.8209593866479 5599 3117 695331
1420680475 20703 161300 15.582282760952518 7.526945590258197E-4 1024 0.04164215296799997 2392.0158431145246 0.0360616513779491 567.9788728465171 5632 3118 697971
1421680475 20801 161974 15.573674342579684 7.487343433932541E-4 1027 0.04146689371040002 2393.4956973222443 0.03600768209044892 569.1642996534481 5659 3142 700410
1422680475 20906 162771 15.571701903759687 7.448793065658783E-4 1029 0.04148788477335248 2396.41107815938 0.03615716353257284 570.5628799702974 5677 3160 703663
1423680475 21003 163455 15.56491929724325 7.411160507210385E-4 1030 0.04128783860571378 2398.327667476075 0.03639584650201553 571.760439345011 5716 3172 706941
1424680475 21108 164128 15.551260185711579 7.367821189989851E-4 1030 0.041091058708867326 2398.719348114459 0.036461043744245365 572.9362966334041 5757 3179 709377
1425680475 21206 164808 15.543525417334717 7.330122809400951E-4 1030 0.04098032868476852 2400.3513156653776 0.03663758363286638 574.121938267473 5785 3195 712365
1426680475 21342 165618 15.520382344672477 7.272565645786269E-4 1032 0.04083891973098646 2400.11723362384 0.036830587568846586 575.5310591097582 5835 3217 715925
1427680475 21466 166451 15.508338768284728 7.224942356526778E-4 1033 0.04082166479146892 2400.8504611944472 0.03696401690188978 576.9766026452025 5867 3242 718698
1428680475 21580 167242 15.499721964782205 7.182780464702815E-4 1034 0.040694183184144424 2401.5855421686747 0.03725540439573091 578.3459172502214 5895 3251 721313
1429680475 21688 167977 15.490317226115824 7.142674056400528E-4 1037 0.04054433306569556 2402.4913316119514 0.03744176529399425 579.6153897197693 5927 3269 724069
1430680475 21796 168700 15.479904569645807 7.102502670174722E-4 1037 0.04040459843262233 2403.0789135621217 0.0377782026143635 580.8614292583043 5964 3279 727090
1431680475 21897 169443 15.476366625565145 7.068125057346158E-4 1041 0.04039400055987321 2404.392565191579 0.038128627245091494 582.1391586210294 6004 3276 729774
1432680475 22013 170163 15.460228047063099 7.023545360286706E-4 1043 0.04022280447833157 2404.4700858583565 0.03826618122934193 583.3746652023895 6049 3288 732579
1433680475 22123 170834 15.444017538308549 6.981293526041293E-4 1046 0.0401093684178418 2403.9830945170183 0.03843068405641273 584.5237377557904 6098 3297 735080
1434680475 22235 171503 15.426399820103441 6.938202671630584E-4 1052 0.04012908142269101 2403.7081178322464 0.03851546764171941 585.6671409597776 6137 3315 737843
1435680475 22336 172126 15.412428366762178 6.900572360314384E-4 1054 0.04003926513014148 2404.2653116045844 0.03845436043951192 586.7299208324048 6169 3338 740248
1436680475 22448 172780 15.393799002138275 6.857842474334332E-4 1055 0.040056527528386315 2403.0351924447614 0.03872077777060218 587.8435165926388 6210 3345 742710
1437680475 22553 173348 15.372500332549993 6.816468753347815E-4 1057 0.0400059863162493 2402.090098878198 0.038724127609933816 588.8089673230189 6249 3368 745021
1438680475 22653 173960 15.358672140555335 6.780272002717347E-4 1058 0.03993844966945529 2400.955458438176 0.03915309407332618 589.8474379023783 6282 3393 747265
1439680475 22771 174645 15.33924728821747 6.73660399131202E-4 1061 0.03988078968412723 2400.474990119011 0.03921026147346466 591.0076141641493 6328 3410 749962
1440680475 22863 175333 15.33770721252679 6.708821280958267E-4 1062 0.03965993720788283 2402.4353759349165 0.03934184185277598 592.1705835314685 6357 3412 752396
1441680475 22965 176037 15.330894839973872 6.676055931011093E-4 1063 0.03938029596924896 2403.676638362726 0.03966923786038813 593.3582391776489 6384 3424 755555
1442680475 23064 176804 15.331599028789455 6.647703693703965E-4 1065 0.03929582207667151 2405.971904266389 0.039949315697637024 594.6494765826335 6397 3445 758494
1443680475 23166 177609 15.333592333592334 6.619293042776747E-4 1066 0.03931028478699418 2409.545799879133 0.03999475981196032 596.0016778499872 6424 3467 761742
1444680475 23287 178449 15.326061751191652 6.581663553719682E-4 1068 0.03927729428786601 2411.333276076781 0.04022466247183144 597.4094073581366 6462 3494 765345
1445680475 23407 179313 15.321314136796685 6.545891710158371E-4 1070 0.03915881929818553 2413.319776135344 0.04040935531580687 598.8539053892861 6498 3499 768672
1446680475 23518 180095 15.315503018964197 6.512524139543393E-4 1073 0.038977622995370435 2414.725571902373 0.04051687901382563 600.1583124476408 6525 3517 771266
1447680475 23640 180857 15.30093062605753 6.472748689055175E-4 1073 0.038689506953500666 2414.213959390863 0.04096933200882012 601.4266372551186 6562 3556 774331
1448680475 23754 181603 15.290309000589374 6.43721172087289E-4 1073 0.03849561396964137 2414.506862002189 0.041197494629224146 602.6657448370531 6615 3560 777112
1449680475 23877 182344 15.273610587594757 6.397055866809665E-4 1077 0.0383615996126176 2413.990869874775 0.04126358672797368 603.894030439116 6650 3577 779537
1450680475 23994 183070 15.259648245394683 6.360041781100605E-4 1077 0.03833717981358881 2413.820788530466 0.04142896112371195 605.0950338583189 6700 3571 782171
1451680475 24097 183698 15.246545213097066 6.327417502115316E-4 1077 0.03815284167142078 2413.2994978628044 0.041560030630631746 606.1319988253384 6734 3581 784136
1452680475 24191 184363 15.242280186846347 6.301066633669428E-4 1080 0.0379711327361002 2414.796577239469 0.04170044013613465 607.2281284657357 6759 3588 786745
1453680475 24303 185027 15.22667983376538 6.265607700504229E-4 1080 0.03805681664198975 2414.2755215405505 0.04180665763035557 608.3206391369604 6815 3578 789046
1454680475 24407 185792 15.224484778956857 6.238009005554723E-4 1082 0.03804871414155384 2416.437005777031 0.042050282157326965 609.5769024495597 6841 3592 792509
1455680475 24530 186613 15.215083571137383 6.202895988885557E-4 1084 0.03773536665205788 2417.187688544639 0.04229150062214286 610.9222536460757 6885 3597 795543
1456680475 24672 187463 15.196416990920882 6.159627494191918E-4 1084 0.037775842807238294 2417.3183365758755 0.042482921118961306 612.3120119677549 6950 3606 799313
1457680475 24759 187985 15.185185185185185 6.133445829705625E-4 1085 0.03771259592481696 2417.0376024879843 0.04261098420504327 613.1639258795318 6985 3618 801178
