Timestamp NoNodes NoLinks AverageDegree MaxDeg Singletons Doubletons MeanSquaredDeg Assortativity AverageClustering TriCount 
1271680475 0 0 0.000000 0 0 0 0.000000 0.000000 0.000000 0 
1272680475 2601 20154 15.497116 601 488 386 1594.503652 -0.200891 0.287831 90069 
1273680475 2739 21386 15.615918 618 499 429 1656.530851 -0.196937 0.274889 99244 
1274680475 2850 22772 15.980351 643 521 422 1751.151579 -0.192202 0.260210 110668 
1275680475 2973 24124 16.228725 671 526 464 1845.852001 -0.192989 0.257575 121922 
1276680475 3107 25554 16.449308 685 550 481 1925.073705 -0.192253 0.253976 132988 
1277680475 3242 27043 16.682912 708 584 489 2020.728563 -0.192023 0.246180 146625 
1278680475 3399 28536 16.790821 726 624 522 2091.782877 -0.191365 0.237256 158969 
1279680475 3544 30189 17.036682 750 654 521 2189.493792 -0.189892 0.231066 174457 
1280680475 3678 31641 17.205546 770 673 558 2269.741164 -0.189664 0.226665 188282 
1281680475 3820 33024 17.290052 783 709 581 2333.830366 -0.189190 0.220905 201788 
1282680475 3966 34258 17.275845 796 759 617 2374.863338 -0.188316 0.217764 213745 
1283680475 4091 35517 17.363481 816 796 633 2436.085554 -0.188127 0.215106 226274 
1284680475 4218 36711 17.406828 832 825 660 2479.181128 -0.186661 0.210615 237447 
1285680475 4354 38012 17.460726 848 879 657 2535.531006 -0.185776 0.207685 251656 
1286680475 4503 39394 17.496780 864 922 674 2589.555852 -0.185592 0.204842 266585 
1287680475 4651 40774 17.533434 875 957 715 2642.840679 -0.186005 0.201858 280974 
1288680475 4770 42245 17.712788 891 964 734 2723.016352 -0.186212 0.201658 297435 
1289680475 4904 43655 17.803834 909 997 752 2784.030995 -0.185831 0.199911 312463 
1290680475 5040 45111 17.901190 928 1027 767 2846.386905 -0.185811 0.197827 327561 
1291680475 5157 46273 17.945705 956 1050 811 2897.998449 -0.186114 0.198663 340448 
1292680475 5273 47722 18.100512 973 1055 847 2974.074341 -0.185843 0.198948 358274 
1293680475 5353 48540 18.135625 979 1064 869 3006.126284 -0.185945 0.199854 368254 
1294680475 5452 49618 18.201761 994 1084 868 3052.287968 -0.185627 0.199150 380570 
1295680475 5579 50800 18.211149 1009 1114 905 3094.301488 -0.185510 0.199166 395449 
1296680475 5711 52053 18.229032 1022 1139 928 3136.947995 -0.185409 0.197164 410413 
1297680475 5856 53385 18.232582 1033 1184 938 3176.344604 -0.184969 0.194882 426439 
1298680475 6000 54735 18.245000 1052 1222 968 3222.685667 -0.184538 0.193724 443375 
1299680475 6145 55991 18.223271 1064 1264 996 3256.018226 -0.184383 0.192712 458772 
1300680475 6268 56994 18.185705 1076 1290 1038 3276.410338 -0.183955 0.192674 470694 
1301680475 6419 58274 18.156722 1089 1332 1076 3308.792335 -0.183767 0.191250 485855 
1302680475 6542 59514 18.194436 1102 1371 1072 3352.033323 -0.183934 0.189999 501196 
1303680475 6688 60769 18.172548 1111 1404 1103 3378.522727 -0.183229 0.189728 516135 
1304680475 6812 62071 18.224016 1121 1425 1135 3421.871697 -0.182881 0.190538 531931 
1305680475 6933 63373 18.281552 1135 1449 1155 3472.936680 -0.183566 0.191505 548229 
1306680475 7051 64453 18.281946 1148 1486 1158 3502.251028 -0.183400 0.191379 561779 
1307680475 7160 65455 18.283520 1160 1500 1193 3530.061453 -0.183414 0.190817 574422 
1308680475 7281 66377 18.232935 1169 1526 1225 3543.964291 -0.183138 0.189827 585946 
1309680475 7379 67336 18.250711 1173 1543 1268 3576.687356 -0.183309 0.190875 600695 
1310680475 7492 68214 18.209824 1188 1589 1285 3594.770155 -0.183437 0.190165 612020 
1311680475 7608 69034 18.147739 1201 1629 1301 3601.719243 -0.182991 0.188231 622513 
1312680475 7719 69938 18.121000 1210 1672 1309 3622.022283 -0.182848 0.187442 635903 
1313680475 7822 70776 18.096650 1216 1709 1323 3639.168499 -0.182509 0.186743 648022 
1314680475 7931 71663 18.071618 1231 1755 1337 3660.365402 -0.182505 0.186854 661575 
1315680475 8034 72677 18.092357 1246 1762 1378 3692.687578 -0.182288 0.187516 676936 
1316680475 8159 73649 18.053438 1255 1794 1412 3707.806349 -0.182258 0.187119 688945 
1317680475 8283 74586 18.009417 1262 1824 1435 3723.164312 -0.182511 0.186252 700789 
1318680475 8404 75614 17.994764 1275 1858 1467 3747.307949 -0.182562 0.185909 714967 
1319680475 8510 76518 17.983079 1287 1889 1491 3770.913984 -0.182763 0.185353 728977 
1320680475 8623 77558 17.988635 1292 1925 1499 3796.672852 -0.182703 0.184588 744080 
1321680475 8748 78559 17.960448 1303 1962 1528 3810.226109 -0.182053 0.183211 756870 
1322680475 8863 79484 17.936139 1316 2007 1544 3828.273948 -0.182142 0.182651 769301 
1323680475 8981 80372 17.898230 1324 2038 1568 3839.149538 -0.181823 0.181746 780601 
1324680475 9086 81288 17.893022 1334 2065 1606 3862.625358 -0.182119 0.182586 793439 
1325680475 9161 81861 17.871630 1339 2090 1616 3869.593931 -0.181841 0.183050 801247 
1326680475 9258 82643 17.853316 1344 2121 1633 3881.862605 -0.181554 0.182956 812621 
1327680475 9382 83475 17.794713 1351 2180 1656 3888.396930 -0.181487 0.182209 825338 
1328680475 9497 84382 17.770243 1365 2216 1666 3906.939033 -0.181631 0.182061 838423 
1329680475 9639 85337 17.706609 1375 2268 1700 3915.235813 -0.181529 0.181208 852560 
1330680475 9764 86298 17.676772 1383 2302 1721 3927.898197 -0.181081 0.180608 866407 
1331680475 9882 87226 17.653511 1392 2334 1735 3939.703501 -0.180685 0.179620 878262 
1332680475 10022 88222 17.605668 1399 2382 1776 3948.705248 -0.180503 0.178493 891462 
1333680475 10156 89171 17.560260 1404 2415 1822 3959.637653 -0.180551 0.177905 905296 
1334680475 10272 90087 17.540304 1410 2455 1846 3976.125389 -0.180777 0.177755 917853 
1335680475 10411 91055 17.492076 1421 2498 1894 3988.454903 -0.180970 0.177644 932311 
1336680475 10508 91971 17.504949 1432 2507 1929 4010.450133 -0.180780 0.177982 945504 
1337680475 10607 92916 17.519751 1445 2522 1934 4035.524276 -0.180729 0.177581 959533 
1338680475 10732 93838 17.487514 1459 2559 1957 4047.682818 -0.180698 0.177830 972282 
1339680475 10840 94694 17.471218 1465 2601 1984 4061.563838 -0.180681 0.177974 985302 
1340680475 10962 95651 17.451377 1472 2633 2010 4075.988323 -0.180429 0.177697 1000332 
1341680475 11061 96467 17.442727 1485 2668 2024 4095.255040 -0.180670 0.177123 1012590 
1342680475 11193 97332 17.391584 1498 2710 2061 4103.702671 -0.180678 0.175933 1025912 
1343680475 11299 98115 17.367024 1506 2732 2090 4112.336490 -0.180466 0.176158 1036866 
1344680475 11408 99035 17.362377 1511 2745 2124 4127.799965 -0.180275 0.176098 1049482 
1345680475 11492 99756 17.360947 1517 2765 2150 4141.532718 -0.180205 0.176275 1060482 
1346680475 11624 100700 17.326222 1526 2808 2177 4152.848245 -0.180300 0.175695 1074398 
1347680475 11742 101564 17.299268 1532 2850 2191 4164.728666 -0.180435 0.174833 1088128 
1348680475 11847 102385 17.284545 1540 2888 2201 4179.292310 -0.180561 0.174391 1100790 
1349680475 11939 103255 17.297094 1549 2906 2214 4200.712455 -0.180635 0.174629 1113346 
1350680475 12087 104125 17.229255 1557 2968 2251 4199.273600 -0.180386 0.173479 1125918 
1351680475 12198 104982 17.212986 1566 2998 2272 4213.158879 -0.180433 0.173319 1138952 
1352680475 12321 105774 17.169710 1574 3043 2295 4216.994562 -0.179962 0.172087 1151484 
1353680475 12459 106728 17.132675 1577 3079 2346 4224.824785 -0.179864 0.171549 1166170 
1354680475 12597 107756 17.108200 1588 3107 2395 4237.966976 -0.179783 0.171800 1181976 
1355680475 12715 108687 17.095871 1602 3138 2419 4252.132285 -0.179471 0.171844 1195457 
1356680475 12826 109512 17.076563 1610 3160 2456 4262.576329 -0.179321 0.171758 1208023 
1357680475 12920 110413 17.091796 1615 3155 2485 4280.768266 -0.178979 0.171834 1222387 
1358680475 13059 111309 17.047094 1621 3212 2510 4286.462823 -0.178879 0.170908 1236483 
1359680475 13170 112209 17.040091 1624 3229 2540 4301.253151 -0.178838 0.170917 1251299 
1360680475 13300 113278 17.034286 1633 3267 2555 4321.015188 -0.178906 0.171035 1268456 
1361680475 13435 114355 17.023446 1641 3286 2577 4338.760849 -0.178998 0.171658 1284494 
1362680475 13571 115366 17.001842 1648 3320 2602 4349.288630 -0.178888 0.171589 1297879 
1363680475 13699 116275 16.975692 1657 3363 2618 4359.659975 -0.178814 0.171600 1312007 
1364680475 13833 117189 16.943396 1666 3403 2654 4367.414299 -0.178562 0.171145 1326097 
1365680475 13973 118218 16.920919 1675 3432 2702 4380.038503 -0.178670 0.171092 1340559 
1366680475 14125 119240 16.883540 1680 3473 2741 4390.203611 -0.178659 0.170755 1357492 
1367680475 14276 120259 16.847716 1690 3538 2741 4399.849398 -0.178783 0.170238 1372362 
1368680475 14409 121253 16.830176 1705 3577 2749 4416.062183 -0.178897 0.170439 1388239 
1369680475 14566 122369 16.802005 1715 3625 2769 4429.707401 -0.178968 0.170198 1405744 
1370680475 14711 123351 16.769900 1721 3667 2799 4437.716675 -0.178922 0.170266 1420657 
1371680475 14826 124190 16.753001 1730 3697 2827 4450.133279 -0.179067 0.170228 1434539 
1372680475 14981 125108 16.702223 1741 3754 2849 4450.421067 -0.178846 0.169542 1447819 
1373680475 15136 125987 16.647331 1745 3807 2895 4445.949656 -0.178602 0.168613 1458880 
1374680475 15265 126780 16.610547 1749 3854 2916 4447.062168 -0.178307 0.168359 1471107 
1375680475 15382 127483 16.575608 1754 3895 2949 4447.625276 -0.178215 0.167570 1480255 
1376680475 15507 128229 16.538209 1764 3946 2967 4449.653834 -0.178234 0.167242 1490526 
1377680475 15644 129005 16.492585 1772 4010 2984 4449.291358 -0.178092 0.166065 1501591 
1378680475 15750 129694 16.469079 1778 4054 2990 4453.179810 -0.177915 0.165295 1512108 
1379680475 15862 130362 16.437019 1783 4089 3027 4454.462993 -0.177840 0.164793 1522292 
1380680475 15975 131145 16.418779 1796 4124 3048 4462.755806 -0.177686 0.164837 1535048 
1381680475 16084 131853 16.395548 1804 4169 3050 4466.689878 -0.177567 0.164120 1544697 
1382680475 16227 132689 16.354101 1807 4216 3095 4468.021199 -0.177602 0.163590 1556287 
1383680475 16373 133552 16.313687 1821 4252 3136 4470.368411 -0.177480 0.163322 1568375 
1384680475 16502 134380 16.286511 1829 4293 3157 4474.566598 -0.177262 0.162791 1581409 
1385680475 16629 135093 16.247880 1833 4355 3168 4472.650430 -0.177008 0.162114 1591543 
1386680475 16741 135924 16.238456 1833 4375 3202 4479.871214 -0.176771 0.162038 1604741 
1387680475 16881 136858 16.214442 1842 4420 3222 4487.787809 -0.176658 0.162092 1619178 
1388680475 16983 137475 16.189719 1847 4457 3230 4490.061002 -0.176641 0.161825 1628723 
1389680475 17110 138258 16.161075 1855 4509 3245 4495.014962 -0.176749 0.161370 1639621 
1390680475 17247 139128 16.133588 1860 4544 3286 4497.633096 -0.176492 0.160895 1651450 
1391680475 17381 139977 16.106898 1868 4588 3313 4503.273114 -0.176471 0.160654 1664192 
1392680475 17484 140696 16.094258 1873 4618 3334 4510.415809 -0.176499 0.160535 1676071 
1393680475 17636 141611 16.059311 1880 4677 3356 4514.656611 -0.176417 0.160107 1691089 
1394680475 17763 142345 16.027135 1885 4724 3382 4515.877273 -0.176431 0.159345 1701648 
1395680475 17900 143114 15.990391 1890 4780 3412 4515.842905 -0.176369 0.158880 1712626 
1396680475 18031 143997 15.972159 1900 4820 3439 4523.951084 -0.176214 0.159111 1726327 
1397680475 18165 144779 15.940435 1906 4860 3479 4527.054666 -0.176221 0.158670 1738468 
1398680475 18284 145551 15.921133 1914 4898 3511 4532.066944 -0.176106 0.158123 1749139 
1399680475 18407 146342 15.900690 1926 4923 3557 4538.562069 -0.176085 0.158254 1761364 
1400680475 18517 147141 15.892531 1931 4963 3565 4546.752282 -0.175932 0.157878 1774505 
1401680475 18642 147891 15.866431 1933 4999 3603 4547.882523 -0.175683 0.157549 1785465 
1402680475 18755 148641 15.850813 1943 5041 3628 4553.670488 -0.175528 0.157029 1796769 
1403680475 18869 149302 15.825110 1945 5084 3650 4554.262759 -0.175472 0.156636 1806043 
1404680475 18980 149969 15.802845 1948 5123 3683 4556.757113 -0.175473 0.156667 1816450 
1405680475 19095 150773 15.791883 1954 5148 3709 4564.959204 -0.175429 0.156668 1828368 
1406680475 19204 151498 15.777755 1957 5183 3733 4570.788482 -0.175453 0.156294 1839599 
1407680475 19303 152160 15.765425 1962 5211 3744 4576.612754 -0.175426 0.156405 1850387 
1408680475 19413 152818 15.743883 1965 5256 3771 4581.849482 -0.175612 0.156258 1862122 
1409680475 19508 153493 15.736416 1970 5274 3786 4588.381895 -0.175553 0.156047 1873733 
1410680475 19617 154171 15.718102 1978 5316 3807 4593.532752 -0.175484 0.155996 1885981 
1411680475 19720 154903 15.710243 1981 5346 3837 4603.167140 -0.175606 0.156153 1899765 
1412680475 19838 155687 15.695836 1985 5391 3856 4608.984071 -0.175538 0.155824 1911655 
1413680475 19963 156443 15.673296 1989 5421 3891 4611.144417 -0.175398 0.155781 1923070 
1414680475 20075 157187 15.659975 1992 5466 3896 4617.872379 -0.175497 0.155762 1934663 
1415680475 20190 157967 15.648044 1998 5500 3929 4625.656662 -0.175495 0.155704 1948204 
1416680475 20325 158717 15.617909 2002 5548 3959 4625.578844 -0.175334 0.155460 1959936 
1417680475 20432 159450 15.607870 2004 5589 3971 4631.852976 -0.175361 0.155338 1971051 
1418680475 20532 160139 15.598967 2008 5609 4002 4638.482856 -0.175354 0.155116 1982937 
1419680475 20604 160643 15.593380 2009 5623 4022 4642.821297 -0.175351 0.155073 1991141 
1420680475 20703 161300 15.582283 2016 5647 4047 4647.549244 -0.175293 0.155451 2000596 
1421680475 20801 161974 15.573674 2022 5667 4077 4655.410125 -0.175356 0.155406 2011576 
1422680475 20906 162771 15.571702 2027 5689 4098 4665.159284 -0.175192 0.155392 2024952 
1423680475 21003 163455 15.564919 2031 5708 4136 4672.562491 -0.175189 0.155545 2036751 
1424680475 21108 164128 15.551260 2036 5732 4171 4676.292117 -0.175035 0.155389 2048772 
1425680475 21206 164808 15.543525 2043 5752 4199 4683.057154 -0.174970 0.154719 2058644 
1426680475 21342 165618 15.520382 2050 5789 4233 4686.553275 -0.174847 0.154519 2072089 
1427680475 21466 166451 15.508339 2060 5822 4265 4695.099506 -0.174790 0.154392 2085842 
1428680475 21580 167242 15.499722 2063 5844 4300 4703.712048 -0.174867 0.154535 2099520 
1429680475 21688 167977 15.490317 2071 5877 4314 4711.325157 -0.174843 0.154543 2111899 
1430680475 21796 168700 15.479905 2075 5897 4335 4717.685080 -0.174763 0.154207 2124537 
1431680475 21897 169443 15.476367 2079 5923 4342 4726.838197 -0.174840 0.154163 2135723 
1432680475 22013 170163 15.460228 2084 5956 4373 4731.159951 -0.174802 0.154048 2147065 
1433680475 22123 170834 15.444018 2088 5991 4402 4735.252995 -0.174846 0.153941 2157414 
1434680475 22235 171503 15.426400 2094 6030 4423 4738.219474 -0.174804 0.153932 2167578 
1435680475 22336 172126 15.412428 2101 6060 4446 4743.804083 -0.174871 0.153781 2178020 
1436680475 22448 172780 15.393799 2110 6098 4470 4746.511582 -0.174757 0.153687 2188519 
1437680475 22553 173348 15.372500 2113 6144 4487 4747.107347 -0.174694 0.153233 2198199 
1438680475 22653 173960 15.358672 2117 6187 4495 4748.992628 -0.174506 0.153286 2208917 
1439680475 22771 174645 15.339247 2122 6242 4498 4752.003513 -0.174461 0.152922 2220933 
1440680475 22863 175333 15.337707 2126 6244 4525 4761.357040 -0.174477 0.152973 2233010 
1441680475 22965 176037 15.330895 2129 6269 4552 4768.245243 -0.174435 0.152932 2244804 
1442680475 23064 176804 15.331599 2134 6288 4570 4777.672997 -0.174321 0.152776 2258730 
1443680475 23166 177609 15.333592 2142 6296 4596 4789.895364 -0.174395 0.153014 2272754 
1444680475 23287 178449 15.326062 2151 6315 4631 4797.166230 -0.174221 0.152553 2286959 
1445680475 23407 179313 15.321314 2157 6332 4680 4806.168497 -0.174143 0.152393 2301865 
1446680475 23518 180095 15.315503 2163 6365 4693 4813.986393 -0.174104 0.152331 2314500 
1447680475 23640 180857 15.300931 2169 6411 4726 4820.216667 -0.174140 0.151999 2328007 
1448680475 23754 181603 15.290309 2173 6461 4738 4827.114339 -0.174237 0.152097 2340495 
1449680475 23877 182344 15.273611 2176 6513 4760 4831.978641 -0.174216 0.151974 2354288 
1450680475 23994 183070 15.259648 2178 6561 4766 4833.893640 -0.174041 0.151617 2365207 
1451680475 24097 183698 15.246545 2182 6602 4785 4836.671453 -0.173957 0.151198 2375757 
1452680475 24191 184363 15.242280 2184 6619 4807 4844.073994 -0.174002 0.151122 2385785 
1453680475 24303 185027 15.226680 2193 6667 4831 4848.612517 -0.174015 0.150971 2396393 
1454680475 24407 185792 15.224485 2196 6681 4863 4855.369853 -0.173899 0.150753 2407626 
1455680475 24530 186613 15.215084 2207 6704 4914 4865.764126 -0.174013 0.150896 2422392 
1456680475 24672 187463 15.196417 2213 6746 4944 4868.622649 -0.173923 0.150876 2435127 
1457680475 24759 187985 15.185185 2219 6767 4974 4870.997779 -0.173819 0.150870 2444121 
