Timestamp NoNodes NoLinks AverageDegree MaxDeg Singletons Doubletons MeanSquaredDeg Assortativity AverageClustering TriCount 
1271680475 0 0 0.000000 0 0 0 0.000000 0.000000 0.000000 0 
1272680475 2601 20154 15.497116 591 513 384 1605.531719 -0.202913 0.292224 92130 
1273680475 2739 21386 15.615918 618 553 406 1675.732019 -0.200024 0.277139 102352 
1274680475 2850 22772 15.980351 647 564 421 1778.562105 -0.198279 0.264519 113846 
1275680475 2973 24124 16.228725 665 576 435 1863.800202 -0.195901 0.256956 126030 
1276680475 3107 25554 16.449308 692 603 450 1957.710332 -0.195023 0.249205 139521 
1277680475 3242 27043 16.682912 719 626 479 2044.478717 -0.193679 0.244040 152584 
1278680475 3399 28536 16.790821 742 684 486 2116.135334 -0.192161 0.234670 166182 
1279680475 3544 30189 17.036682 763 700 516 2213.220090 -0.191342 0.228122 182430 
1280680475 3678 31641 17.205546 791 733 531 2298.725938 -0.191266 0.225277 197197 
1281680475 3820 33024 17.290052 808 770 569 2363.730366 -0.190721 0.222667 210940 
1282680475 3966 34258 17.275845 828 828 593 2408.749874 -0.190115 0.218444 223908 
1283680475 4091 35517 17.363481 848 861 627 2471.932535 -0.190621 0.217420 236900 
1284680475 4218 36711 17.406828 865 894 647 2517.469891 -0.189809 0.214164 248675 
1285680475 4354 38012 17.460726 881 937 676 2577.501148 -0.189816 0.213040 263629 
1286680475 4503 39394 17.496780 906 990 696 2637.235177 -0.190182 0.212244 279074 
1287680475 4651 40774 17.533434 947 1016 748 2699.704150 -0.189933 0.212469 295295 
1288680475 4770 42245 17.712788 967 1019 781 2780.421803 -0.189654 0.213013 313345 
1289680475 4904 43655 17.803834 988 1046 788 2844.705139 -0.189314 0.210912 330278 
1290680475 5040 45111 17.901190 1007 1056 826 2910.671429 -0.189536 0.211248 347220 
1291680475 5157 46273 17.945705 1027 1081 846 2960.062439 -0.189285 0.210551 362108 
1292680475 5273 47722 18.100512 1051 1094 865 3037.520956 -0.189490 0.211881 380561 
1293680475 5353 48540 18.135625 1065 1112 882 3070.967308 -0.189329 0.212690 391202 
1294680475 5452 49618 18.201761 1078 1134 907 3121.344828 -0.189477 0.212960 405944 
1295680475 5579 50800 18.211149 1088 1165 937 3164.793691 -0.190106 0.211252 422051 
1296680475 5711 52053 18.229032 1107 1200 972 3212.657328 -0.190003 0.210352 439630 
1297680475 5856 53385 18.232582 1126 1242 1002 3258.998634 -0.190120 0.208891 458039 
1298680475 6000 54735 18.245000 1143 1285 1030 3305.424333 -0.190354 0.207753 476037 
1299680475 6145 55991 18.223271 1161 1331 1049 3344.877461 -0.190037 0.205831 494149 
1300680475 6268 56994 18.185705 1173 1362 1091 3373.200702 -0.190364 0.205905 508913 
1301680475 6419 58274 18.156722 1186 1413 1116 3409.307369 -0.190806 0.205676 526962 
1302680475 6542 59514 18.194436 1202 1441 1146 3455.245796 -0.190981 0.206754 544733 
1303680475 6688 60769 18.172548 1210 1490 1166 3486.485945 -0.191065 0.205986 562422 
1304680475 6812 62071 18.224016 1227 1520 1186 3541.041985 -0.191407 0.207320 583495 
1305680475 6933 63373 18.281552 1241 1546 1205 3595.418722 -0.191808 0.209351 603931 
1306680475 7051 64453 18.281946 1249 1574 1226 3628.721032 -0.192146 0.209738 619785 
1307680475 7160 65455 18.283520 1267 1609 1239 3660.294134 -0.192170 0.208866 634243 
1308680475 7281 66377 18.232935 1275 1647 1272 3677.933526 -0.192286 0.208181 648721 
1309680475 7379 67336 18.250711 1286 1661 1301 3712.070470 -0.192388 0.208482 663118 
1310680475 7492 68214 18.209824 1301 1705 1326 3732.715964 -0.192670 0.207984 676648 
1311680475 7608 69034 18.147739 1316 1763 1341 3745.966614 -0.192845 0.207078 688890 
1312680475 7719 69938 18.121000 1321 1799 1357 3765.199896 -0.193134 0.206631 702042 
1313680475 7822 70776 18.096650 1332 1830 1374 3784.732549 -0.193571 0.206737 713995 
1314680475 7931 71663 18.071618 1338 1865 1396 3803.272475 -0.193747 0.205409 727421 
1315680475 8034 72677 18.092357 1351 1884 1428 3838.490914 -0.194311 0.205613 742780 
1316680475 8159 73649 18.053438 1365 1918 1467 3855.545042 -0.194033 0.205714 757102 
1317680475 8283 74586 18.009417 1377 1979 1483 3871.071592 -0.194046 0.204771 771960 
1318680475 8404 75614 17.994764 1384 2005 1522 3896.566397 -0.194208 0.205018 789497 
1319680475 8510 76518 17.983079 1396 2019 1567 3917.890952 -0.193796 0.204836 804561 
1320680475 8623 77558 17.988635 1403 2046 1582 3945.267076 -0.193945 0.203876 820632 
1321680475 8748 78559 17.960448 1412 2092 1606 3969.032007 -0.194524 0.204807 836506 
1322680475 8863 79484 17.936139 1420 2136 1616 3985.619542 -0.194481 0.203636 850718 
1323680475 8981 80372 17.898230 1429 2177 1644 3999.440597 -0.194603 0.202840 864035 
1324680475 9086 81288 17.893022 1440 2211 1661 4023.944970 -0.194942 0.202192 879006 
1325680475 9161 81861 17.871630 1447 2240 1669 4033.358367 -0.194995 0.201653 887720 
1326680475 9258 82643 17.853316 1452 2266 1697 4050.384748 -0.195427 0.201680 900424 
1327680475 9382 83475 17.794713 1464 2302 1735 4059.305692 -0.195598 0.201390 912855 
1328680475 9497 84382 17.770243 1477 2351 1746 4078.398442 -0.195776 0.200619 926416 
1329680475 9639 85337 17.706609 1489 2411 1761 4083.817823 -0.195041 0.198482 942574 
1330680475 9764 86298 17.676772 1508 2444 1795 4102.506964 -0.194985 0.198892 958745 
1331680475 9882 87226 17.653511 1518 2492 1806 4119.293463 -0.194782 0.198227 974653 
1332680475 10022 88222 17.605668 1530 2554 1824 4134.658352 -0.194890 0.197868 992309 
1333680475 10156 89171 17.560260 1541 2581 1880 4149.588224 -0.195110 0.198219 1007805 
1334680475 10272 90087 17.540304 1551 2633 1887 4166.967679 -0.195139 0.197846 1023094 
1335680475 10411 91055 17.492076 1557 2685 1920 4176.733647 -0.194943 0.196661 1039673 
1336680475 10508 91971 17.504949 1571 2699 1954 4205.669966 -0.195338 0.197526 1056549 
1337680475 10607 92916 17.519751 1583 2710 1988 4235.725087 -0.195840 0.198658 1073730 
1338680475 10732 93838 17.487514 1592 2750 2007 4249.893589 -0.195919 0.199428 1089557 
1339680475 10840 94694 17.471218 1599 2783 2032 4269.086716 -0.196318 0.199777 1105123 
1340680475 10962 95651 17.451377 1607 2812 2062 4285.547345 -0.196158 0.200253 1121063 
1341680475 11061 96467 17.442727 1620 2821 2098 4302.384052 -0.196185 0.201450 1133983 
1342680475 11193 97332 17.391584 1628 2868 2142 4310.935049 -0.196229 0.201463 1150689 
1343680475 11299 98115 17.367024 1636 2902 2166 4323.896451 -0.196334 0.201451 1164276 
1344680475 11408 99035 17.362377 1639 2934 2186 4341.971774 -0.196400 0.200818 1180226 
1345680475 11492 99756 17.360947 1647 2948 2201 4356.837278 -0.196369 0.200691 1191968 
1346680475 11624 100700 17.326222 1659 2986 2230 4367.821060 -0.196225 0.199925 1207361 
1347680475 11742 101564 17.299268 1665 3016 2269 4377.824391 -0.196038 0.199116 1222344 
1348680475 11847 102385 17.284545 1679 3039 2294 4393.943277 -0.195821 0.198802 1238273 
1349680475 11939 103255 17.297094 1695 3060 2308 4421.485887 -0.196062 0.199643 1255617 
1350680475 12087 104125 17.229255 1702 3126 2335 4420.363035 -0.195850 0.199008 1270094 
1351680475 12198 104982 17.212986 1713 3159 2364 4437.945237 -0.196050 0.199070 1285966 
1352680475 12321 105774 17.169710 1719 3200 2380 4442.916809 -0.196006 0.197996 1299621 
1353680475 12459 106728 17.132675 1732 3234 2429 4453.710731 -0.195849 0.198207 1316049 
1354680475 12597 107756 17.108200 1743 3265 2475 4467.061205 -0.195881 0.197962 1332166 
1355680475 12715 108687 17.095871 1752 3289 2509 4483.515218 -0.196010 0.197921 1348285 
1356680475 12826 109512 17.076563 1762 3309 2547 4497.716981 -0.196236 0.198031 1362692 
1357680475 12920 110413 17.091796 1773 3334 2559 4522.785449 -0.196319 0.198311 1379173 
1358680475 13059 111309 17.047094 1783 3383 2587 4528.177043 -0.196220 0.197557 1394547 
1359680475 13170 112209 17.040091 1791 3403 2619 4545.042825 -0.196323 0.198059 1410586 
1360680475 13300 113278 17.034286 1802 3443 2632 4565.432932 -0.196356 0.196870 1429462 
1361680475 13435 114355 17.023446 1816 3477 2660 4584.055080 -0.196215 0.196384 1449880 
1362680475 13571 115366 17.001842 1829 3522 2689 4599.772309 -0.196215 0.195763 1468315 
1363680475 13699 116275 16.975692 1837 3549 2724 4609.505949 -0.196160 0.195959 1483674 
1364680475 13833 117189 16.943396 1844 3592 2746 4615.064556 -0.195863 0.195453 1498981 
1365680475 13973 118218 16.920919 1853 3630 2778 4628.524440 -0.195823 0.194763 1517665 
1366680475 14125 119240 16.883540 1860 3685 2805 4639.437876 -0.195987 0.194932 1536897 
1367680475 14276 120259 16.847716 1865 3744 2833 4649.609274 -0.196039 0.194202 1556604 
1368680475 14409 121253 16.830176 1870 3794 2853 4664.261781 -0.196121 0.194087 1575662 
1369680475 14566 122369 16.802005 1880 3858 2857 4678.659069 -0.196265 0.194001 1596515 
1370680475 14711 123351 16.769900 1886 3906 2889 4685.247910 -0.195982 0.193048 1613253 
1371680475 14826 124190 16.753001 1893 3937 2910 4696.614596 -0.196072 0.192894 1628108 
1372680475 14981 125108 16.702223 1903 4004 2934 4700.242040 -0.196018 0.192642 1645199 
1373680475 15136 125987 16.647331 1914 4063 2965 4699.518235 -0.195903 0.191785 1659371 
1374680475 15265 126780 16.610547 1921 4117 2986 4702.704749 -0.195908 0.191024 1673301 
1375680475 15382 127483 16.575608 1924 4164 3012 4704.471330 -0.195871 0.190773 1685823 
1376680475 15507 128229 16.538209 1928 4212 3031 4706.114787 -0.195843 0.190556 1697991 
1377680475 15644 129005 16.492585 1933 4274 3042 4705.486448 -0.195776 0.189646 1710794 
1378680475 15750 129694 16.469079 1934 4315 3065 4710.684571 -0.195904 0.188798 1723303 
1379680475 15862 130362 16.437019 1943 4355 3091 4712.431471 -0.195729 0.188543 1734298 
1380680475 15975 131145 16.418779 1953 4398 3111 4721.848764 -0.195691 0.188184 1749566 
1381680475 16084 131853 16.395548 1964 4438 3129 4729.017533 -0.195713 0.188160 1762326 
1382680475 16227 132689 16.354101 1969 4489 3160 4729.032107 -0.195592 0.187398 1776873 
1383680475 16373 133552 16.313687 1980 4538 3193 4732.430343 -0.195465 0.186613 1791883 
1384680475 16502 134380 16.286511 1992 4586 3224 4741.365531 -0.195554 0.186179 1808039 
1385680475 16629 135093 16.247880 2000 4630 3246 4740.473510 -0.195345 0.185368 1819611 
1386680475 16741 135924 16.238456 2010 4663 3255 4750.892539 -0.195151 0.185034 1834717 
1387680475 16881 136858 16.214442 2020 4708 3288 4761.226942 -0.195242 0.184926 1852281 
1388680475 16983 137475 16.189719 2027 4755 3302 4765.231113 -0.195328 0.184441 1862884 
1389680475 17110 138258 16.161075 2035 4805 3321 4769.022794 -0.195239 0.184369 1875939 
1390680475 17247 139128 16.133588 2044 4847 3358 4777.908274 -0.195406 0.183875 1892608 
1391680475 17381 139977 16.106898 2053 4890 3380 4784.948047 -0.195406 0.183563 1908721 
1392680475 17484 140696 16.094258 2058 4911 3419 4792.513841 -0.195351 0.183813 1921576 
1393680475 17636 141611 16.059311 2064 4964 3452 4796.349286 -0.195312 0.183449 1937118 
1394680475 17763 142345 16.027135 2073 5004 3493 4797.403029 -0.195141 0.182826 1949525 
1395680475 17900 143114 15.990391 2081 5047 3524 4799.806816 -0.195155 0.182331 1962964 
1396680475 18031 143997 15.972159 2090 5063 3581 4807.469247 -0.195026 0.182257 1979766 
1397680475 18165 144779 15.940435 2097 5114 3603 4810.604679 -0.194930 0.181812 1995577 
1398680475 18284 145551 15.921133 2102 5176 3619 4816.048239 -0.194777 0.180995 2009976 
1399680475 18407 146342 15.900690 2108 5208 3660 4820.846743 -0.194613 0.180820 2025114 
1400680475 18517 147141 15.892531 2114 5233 3690 4832.440676 -0.194739 0.181144 2039985 
1401680475 18642 147891 15.866431 2117 5281 3718 4834.493831 -0.194650 0.181016 2053589 
1402680475 18755 148641 15.850813 2122 5318 3739 4841.167049 -0.194664 0.180568 2067829 
1403680475 18869 149302 15.825110 2127 5362 3751 4844.519900 -0.194782 0.180676 2079503 
1404680475 18980 149969 15.802845 2129 5397 3782 4846.087777 -0.194655 0.180028 2092777 
1405680475 19095 150773 15.791883 2136 5422 3816 4855.100812 -0.194633 0.179847 2107400 
1406680475 19204 151498 15.777755 2142 5464 3827 4863.339825 -0.194752 0.179942 2122070 
1407680475 19303 152160 15.765425 2148 5499 3847 4871.487437 -0.194873 0.179671 2135063 
1408680475 19413 152818 15.743883 2152 5551 3855 4873.230516 -0.194767 0.178936 2146733 
1409680475 19508 153493 15.736416 2160 5574 3879 4883.552389 -0.194846 0.178738 2161331 
1410680475 19617 154171 15.718102 2161 5608 3904 4886.354794 -0.194780 0.178352 2173005 
1411680475 19720 154903 15.710243 2168 5627 3936 4893.386004 -0.194603 0.178094 2186331 
1412680475 19838 155687 15.695836 2177 5668 3964 4902.435024 -0.194701 0.177732 2202221 
1413680475 19963 156443 15.673296 2183 5709 3993 4908.913290 -0.194787 0.177638 2217513 
1414680475 20075 157187 15.659975 2192 5740 4023 4918.090062 -0.194857 0.177509 2231501 
1415680475 20190 157967 15.648044 2198 5758 4053 4927.750173 -0.194967 0.177629 2246039 
1416680475 20325 158717 15.617909 2203 5813 4074 4929.605707 -0.195008 0.177531 2260309 
1417680475 20432 159450 15.607870 2212 5842 4100 4936.549041 -0.194896 0.177308 2273785 
1418680475 20532 160139 15.598967 2213 5878 4124 4944.033898 -0.194983 0.177017 2288195 
1419680475 20604 160643 15.593380 2215 5889 4145 4949.441565 -0.194927 0.176938 2297346 
1420680475 20703 161300 15.582283 2221 5920 4177 4957.359610 -0.195066 0.176913 2310367 
1421680475 20801 161974 15.573674 2228 5939 4213 4964.177876 -0.195018 0.176743 2322622 
1422680475 20906 162771 15.571702 2233 5950 4256 4975.321343 -0.194977 0.176781 2338642 
1423680475 21003 163455 15.564919 2242 5981 4283 4982.145027 -0.194856 0.176433 2350816 
1424680475 21108 164128 15.551260 2243 6012 4298 4986.880424 -0.194885 0.176294 2364161 
1425680475 21206 164808 15.543525 2247 6038 4319 4994.740639 -0.194981 0.176582 2376337 
1426680475 21342 165618 15.520382 2254 6084 4354 4999.483741 -0.195030 0.176674 2392051 
1427680475 21466 166451 15.508339 2263 6131 4380 5008.081431 -0.194993 0.176285 2408906 
1428680475 21580 167242 15.499722 2268 6162 4406 5016.240037 -0.195018 0.176471 2424032 
1429680475 21688 167977 15.490317 2272 6192 4431 5023.652158 -0.195029 0.176284 2438567 
1430680475 21796 168700 15.479905 2279 6217 4461 5032.577262 -0.195116 0.176239 2452906 
1431680475 21897 169443 15.476367 2284 6239 4489 5039.707083 -0.194931 0.175991 2467052 
1432680475 22013 170163 15.460228 2289 6278 4517 5044.314905 -0.194884 0.176103 2481345 
1433680475 22123 170834 15.444018 2293 6308 4545 5049.126791 -0.194826 0.175836 2495253 
1434680475 22235 171503 15.426400 2301 6345 4575 5052.104700 -0.194653 0.175354 2508275 
1435680475 22336 172126 15.412428 2303 6392 4589 5057.403653 -0.194773 0.175322 2522376 
1436680475 22448 172780 15.393799 2306 6431 4612 5060.845599 -0.194768 0.175132 2535380 
1437680475 22553 173348 15.372500 2311 6474 4631 5060.250698 -0.194622 0.174656 2544424 
1438680475 22653 173960 15.358672 2318 6514 4635 5063.182801 -0.194474 0.174206 2555695 
1439680475 22771 174645 15.339247 2322 6562 4643 5065.112292 -0.194398 0.173860 2568885 
1440680475 22863 175333 15.337707 2323 6589 4665 5073.324935 -0.194420 0.173817 2581671 
1441680475 22965 176037 15.330895 2330 6631 4677 5081.738472 -0.194460 0.173972 2596872 
1442680475 23064 176804 15.331599 2337 6646 4696 5092.584981 -0.194459 0.173880 2611158 
1443680475 23166 177609 15.333592 2348 6657 4727 5107.355262 -0.194515 0.174285 2629410 
1444680475 23287 178449 15.326062 2352 6703 4728 5116.903594 -0.194586 0.174064 2645922 
1445680475 23407 179313 15.321314 2361 6749 4738 5128.995087 -0.194637 0.173899 2665463 
1446680475 23518 180095 15.315503 2367 6781 4768 5137.490008 -0.194561 0.173602 2682532 
1447680475 23640 180857 15.300931 2372 6841 4784 5142.098139 -0.194496 0.173474 2698232 
1448680475 23754 181603 15.290309 2375 6868 4804 5148.308580 -0.194468 0.173380 2711887 
1449680475 23877 182344 15.273611 2377 6899 4842 5153.746953 -0.194573 0.173071 2726172 
1450680475 23994 183070 15.259648 2381 6946 4855 5158.009252 -0.194504 0.172863 2740770 
1451680475 24097 183698 15.246545 2387 6984 4869 5161.172262 -0.194392 0.172574 2752200 
1452680475 24191 184363 15.242280 2395 7010 4897 5168.865859 -0.194383 0.172236 2766669 
1453680475 24303 185027 15.226680 2402 7053 4915 5171.978439 -0.194380 0.172146 2778888 
1454680475 24407 185792 15.224485 2410 7078 4932 5183.711722 -0.194505 0.172379 2796488 
1455680475 24530 186613 15.215084 2416 7102 4966 5191.837587 -0.194458 0.172362 2812987 
1456680475 24672 187463 15.196417 2422 7145 5004 5197.148508 -0.194426 0.172334 2830081 
1457680475 24759 187985 15.185185 2429 7181 5021 5200.842360 -0.194401 0.172170 2839900 
