Timestamp NoNodes NoLinks AverageDegree MaxDeg Singletons Doubletons MeanSquaredDeg Assortativity AverageClustering TriCount 
1165073426 0 0 0.000000 0 0 0 0.000000 0.000000 0.000000 0 
1165173426 8001 18422 4.604924 47 2054 1319 42.234721 0.207476 0.090359 4145 
1165273426 8038 18564 4.619059 47 2043 1338 42.541926 0.205279 0.089251 4151 
1165373426 8076 18711 4.633730 47 2050 1341 42.885092 0.205001 0.088210 4158 
1165473426 8111 18879 4.655160 47 2038 1355 43.256319 0.205662 0.086996 4164 
1165573426 8137 18988 4.667076 47 2032 1366 43.504977 0.205010 0.086175 4173 
1165673426 8160 19095 4.680147 47 2028 1373 43.766422 0.204465 0.085284 4175 
1165773426 8181 19173 4.687202 47 2023 1382 43.907346 0.204145 0.084908 4179 
1165873426 8215 19299 4.698478 47 2017 1402 44.146318 0.204192 0.084176 4185 
1165973426 8257 19435 4.707521 47 2029 1405 44.367446 0.204131 0.083073 4190 
1166073426 8298 19602 4.724512 47 2031 1413 44.755845 0.202618 0.082111 4205 
1166173426 8328 19726 4.737272 47 2026 1428 45.100624 0.202142 0.081261 4213 
1166273426 8346 19822 4.750060 47 2026 1426 45.382938 0.202093 0.080632 4218 
1166373426 8359 19918 4.765642 47 2009 1439 45.695418 0.200834 0.079936 4225 
1166473426 8389 20042 4.778162 48 2013 1439 45.962332 0.200367 0.078930 4231 
1166573426 8415 20171 4.794058 48 2001 1459 46.312537 0.198224 0.077921 4232 
1166673426 8447 20313 4.809518 48 1996 1469 46.676690 0.198782 0.077191 4234 
1166773426 8476 20461 4.827985 48 1985 1482 47.041293 0.196911 0.076242 4241 
1166873426 8504 20566 4.836783 48 1983 1495 47.277752 0.196195 0.075670 4247 
1166973426 8516 20633 4.845702 48 1983 1486 47.462424 0.195445 0.075280 4247 
1167073426 8538 20763 4.863668 48 1974 1491 47.854298 0.194814 0.074431 4248 
1167173426 8558 20871 4.877541 48 1965 1496 48.122459 0.194019 0.073561 4252 
1167273426 8582 20982 4.889769 48 1962 1499 48.385691 0.193279 0.072944 4254 
1167373426 8612 21105 4.901301 48 1961 1507 48.623549 0.193743 0.072309 4259 
1167473426 8635 21213 4.913260 48 1961 1514 48.899131 0.192650 0.071610 4260 
1167573426 8648 21284 4.922294 48 1960 1517 49.138067 0.192134 0.071174 4263 
1167673426 8671 21385 4.932534 48 1951 1527 49.361319 0.191739 0.070647 4263 
1167773426 8697 21503 4.944924 49 1946 1537 49.639186 0.191711 0.069959 4267 
1167873426 8735 21623 4.950887 49 1949 1554 49.843847 0.191459 0.069266 4267 
1167973426 8765 21750 4.962921 50 1948 1560 50.105419 0.191018 0.068467 4270 
1168073426 8787 21837 4.970297 50 1951 1567 50.343917 0.190769 0.067960 4272 
1168173426 8813 21931 4.976966 50 1954 1577 50.546012 0.190527 0.067411 4274 
1168273426 8844 22043 4.984848 50 1955 1588 50.735640 0.190486 0.066838 4275 
1168373426 8874 22175 4.997746 50 1954 1601 51.064233 0.189338 0.066101 4281 
1168473426 8905 22305 5.009545 50 1946 1614 51.338798 0.189046 0.065307 4283 
1168573426 8934 22435 5.022386 50 1940 1626 51.619655 0.188723 0.064816 4285 
1168673426 8958 22532 5.030587 50 1937 1634 51.782764 0.189031 0.064694 4286 
1168773426 8980 22623 5.038530 50 1937 1637 51.991091 0.189078 0.064091 4288 
1168873426 9004 22704 5.043092 50 1941 1641 52.118392 0.189493 0.063777 4290 
1168973426 9035 22847 5.057443 51 1941 1639 52.501384 0.190466 0.063084 4297 
1169073426 9073 22983 5.066240 52 1953 1649 52.786950 0.189026 0.062376 4299 
1169173426 9104 23131 5.081503 52 1952 1663 53.200791 0.188034 0.061876 4304 
1169273426 9133 23254 5.092303 52 1952 1665 53.462170 0.188456 0.061263 4304 
1169373426 9152 23362 5.105332 53 1949 1669 53.757430 0.187706 0.060682 4311 
1169473426 9178 23459 5.112007 53 1950 1670 53.935062 0.187625 0.060119 4316 
1169573426 9209 23582 5.121512 54 1948 1683 54.220437 0.187429 0.059497 4317 
1169673426 9239 23733 5.137569 54 1948 1690 54.614136 0.187584 0.058553 4319 
1169773426 9280 23891 5.148922 56 1957 1693 54.968750 0.186709 0.058021 4326 
1169873426 9310 24009 5.157680 56 1960 1694 55.164125 0.187181 0.057450 4330 
1169973426 9330 24116 5.169561 56 1957 1696 55.437299 0.186439 0.057139 4337 
1170073426 9351 24229 5.182120 57 1949 1704 55.743343 0.186318 0.056677 4339 
1170173426 9380 24375 5.197228 57 1939 1719 56.102345 0.185271 0.056072 4341 
1170273426 9420 24550 5.212314 57 1937 1725 56.483227 0.184427 0.055469 4345 
1170373426 9448 24733 5.235605 57 1924 1726 57.046782 0.183299 0.054927 4350 
1170473426 9479 24909 5.255618 57 1918 1736 57.587087 0.182771 0.054390 4356 
1170573426 9508 25041 5.267354 57 1907 1758 57.894405 0.181863 0.053909 4360 
1170673426 9532 25164 5.279899 57 1907 1765 58.244440 0.180257 0.053528 4364 
1170773426 9559 25282 5.289675 57 1903 1771 58.517418 0.180177 0.053002 4366 
1170873426 9601 25431 5.297573 57 1906 1791 58.752005 0.180812 0.052430 4372 
1170973426 9630 25603 5.317342 57 1907 1782 59.247560 0.181042 0.051984 4376 
1171073426 9666 25752 5.328367 57 1909 1791 59.576867 0.180321 0.051523 4381 
1171173426 9697 25886 5.338971 57 1912 1790 59.845725 0.179972 0.051177 4384 
1171273426 9724 26026 5.352941 57 1909 1792 60.198272 0.180263 0.050731 4385 
1171373426 9748 26181 5.371563 58 1903 1787 60.637464 0.180376 0.050491 4394 
1171473426 9793 26339 5.379148 59 1908 1802 60.936792 0.180824 0.049762 4402 
1171573426 9834 26536 5.396787 59 1899 1811 61.380923 0.179292 0.049145 4405 
1171673426 9865 26659 5.404764 59 1902 1813 61.639128 0.180070 0.048745 4409 
1171773426 9879 26732 5.411884 59 1898 1816 61.831157 0.179066 0.048437 4412 
1171873426 9892 26800 5.418520 59 1898 1813 61.983219 0.178680 0.048209 4413 
1171973426 9907 26878 5.426062 59 1896 1817 62.187140 0.178549 0.047976 4416 
1172073426 9924 26973 5.435913 61 1897 1816 62.464732 0.177461 0.047693 4420 
1172173426 9956 27135 5.450984 61 1891 1825 62.901567 0.177054 0.047220 4426 
1172273426 9982 27314 5.472651 61 1876 1836 63.418754 0.176296 0.046535 4430 
1172373426 10006 27430 5.482710 62 1872 1841 63.695583 0.176540 0.046179 4439 
1172473426 10038 27571 5.493325 62 1871 1852 64.038055 0.175311 0.045778 4441 
1172573426 10072 27771 5.514496 63 1860 1844 64.571882 0.174525 0.045235 4448 
1172673426 10105 27937 5.529342 66 1860 1855 65.085007 0.172692 0.044850 4454 
1172773426 10132 28128 5.552310 66 1859 1844 65.674102 0.170821 0.044316 4460 
1172873426 10164 28290 5.566706 66 1852 1846 66.004723 0.170842 0.043869 4467 
1172973426 10186 28381 5.572551 66 1854 1855 66.159435 0.170481 0.043539 4468 
1173073426 10221 28541 5.584776 66 1857 1859 66.487428 0.170913 0.043148 4469 
1173173426 10252 28736 5.605931 66 1849 1859 67.043699 0.170935 0.042803 4478 
1173273426 10283 28917 5.624234 67 1846 1862 67.541573 0.170294 0.042232 4484 
1173373426 10310 29095 5.644035 67 1839 1858 68.062270 0.169365 0.041772 4493 
1173473426 10344 29265 5.658353 67 1835 1869 68.488206 0.168662 0.041498 4495 
1173573426 10365 29382 5.669465 67 1832 1876 68.778196 0.169098 0.041084 4498 
1173673426 10383 29486 5.679669 68 1831 1878 69.071559 0.168740 0.040884 4502 
1173773426 10415 29650 5.693711 69 1823 1895 69.490927 0.167415 0.040455 4504 
1173873426 10451 29809 5.704526 69 1817 1907 69.825280 0.168047 0.040059 4508 
1173973426 10473 29988 5.726726 69 1808 1914 70.482192 0.167029 0.039986 4515 
1174073426 10507 30141 5.737318 69 1810 1919 70.844009 0.165598 0.039670 4518 
1174173426 10529 30275 5.750784 70 1802 1929 71.257479 0.164515 0.039368 4518 
1174273426 10548 30401 5.764316 71 1802 1929 71.648843 0.164065 0.039076 4524 
1174373426 10585 30585 5.778932 72 1802 1936 72.102976 0.163964 0.038661 4528 
1174473426 10616 30730 5.789375 72 1805 1938 72.517144 0.162772 0.038409 4535 
1174573426 10641 30891 5.806033 73 1804 1935 72.993892 0.161194 0.037945 4539 
1174673426 10673 31063 5.820856 73 1799 1938 73.408039 0.161495 0.037652 4545 
1174773426 10693 31168 5.829608 73 1800 1941 73.676237 0.161332 0.037438 4547 
1174873426 10717 31275 5.836521 73 1800 1948 73.906130 0.161262 0.037187 4548 
1174973426 10761 31452 5.845553 73 1812 1950 74.252765 0.160612 0.036764 4552 
1175073426 10788 31598 5.857990 73 1807 1959 74.619763 0.160400 0.036656 4555 
1175173426 10817 31740 5.868540 74 1798 1973 74.979569 0.159488 0.036293 4558 
1175273426 10847 31876 5.877385 74 1799 1978 75.268369 0.159290 0.035998 4561 
1175373426 10870 32001 5.887948 75 1797 1987 75.615639 0.158843 0.035770 4566 
1175473426 10881 32083 5.897068 75 1793 1987 75.894679 0.158107 0.035572 4567 
1175573426 10910 32256 5.913107 76 1787 1994 76.395050 0.156895 0.035197 4570 
1175673426 10931 32393 5.926814 76 1786 1998 76.822981 0.156404 0.034992 4576 
1175773426 10949 32519 5.940086 76 1782 2002 77.218193 0.155984 0.034728 4579 
1175873426 10982 32628 5.942087 77 1792 2009 77.417957 0.155550 0.034508 4584 
1175973426 11005 32749 5.951658 77 1789 2018 77.690504 0.155619 0.034213 4589 
1176073426 11031 32860 5.957755 77 1799 2013 77.968090 0.155196 0.033997 4595 
1176173426 11060 33037 5.974141 78 1790 2023 78.414467 0.154893 0.033829 4600 
1176273426 11108 33286 5.993158 79 1795 2024 79.084624 0.154969 0.033424 4604 
1176373426 11128 33409 6.004493 79 1796 2018 79.446621 0.154138 0.033186 4608 
1176473426 11152 33535 6.014168 80 1800 2019 79.769907 0.153651 0.032862 4612 
1176573426 11170 33647 6.024530 80 1798 2018 80.083617 0.152811 0.032676 4614 
1176673426 11190 33758 6.033601 80 1798 2023 80.389991 0.152901 0.032428 4616 
1176773426 11219 33956 6.053302 81 1789 2039 81.040200 0.151301 0.032095 4622 
1176873426 11255 34181 6.073923 81 1776 2043 81.655442 0.150536 0.031746 4627 
1176973426 11282 34332 6.086155 81 1774 2049 82.042900 0.149255 0.031350 4629 
1177073426 11321 34506 6.095928 81 1782 2047 82.418514 0.148594 0.031403 4636 
1177173426 11346 34619 6.102415 81 1780 2054 82.633527 0.149130 0.031175 4642 
1177273426 11364 34721 6.110700 81 1772 2065 82.835797 0.149226 0.030950 4642 
1177373426 11393 34887 6.124287 83 1768 2074 83.264636 0.149593 0.030688 4647 
1177473426 11419 35081 6.144321 85 1760 2075 83.807163 0.148453 0.030333 4652 
1177573426 11454 35261 6.156976 86 1761 2087 84.268203 0.147296 0.029999 4653 
1177673426 11491 35419 6.164651 86 1769 2094 84.581150 0.147152 0.029789 4656 
1177773426 11516 35534 6.171240 86 1773 2102 84.845606 0.146337 0.029619 4659 
1177873426 11536 35645 6.179785 86 1775 2102 85.118585 0.146373 0.029481 4663 
1177973426 11576 35835 6.191258 86 1782 2096 85.520214 0.145513 0.029038 4668 
1178073426 11609 36023 6.206047 87 1782 2090 85.997071 0.146272 0.028695 4680 
1178173426 11641 36207 6.220600 87 1779 2094 86.491367 0.145565 0.028421 4686 
1178273426 11661 36331 6.231198 87 1775 2099 86.856702 0.144909 0.028296 4689 
1178373426 11685 36484 6.244587 87 1774 2102 87.284895 0.145063 0.028013 4690 
1178473426 11711 36599 6.250363 87 1777 2102 87.504739 0.145006 0.027945 4694 
1178573426 11733 36780 6.269496 88 1766 2106 88.129379 0.144730 0.027803 4705 
1178673426 11765 36974 6.285423 89 1758 2114 88.686443 0.144720 0.027627 4710 
1178773426 11804 37157 6.295662 89 1758 2122 89.054727 0.144685 0.027363 4711 
1178873426 11834 37320 6.307250 89 1767 2117 89.465101 0.144120 0.027253 4716 
1178973426 11849 37398 6.312431 89 1769 2118 89.643683 0.143978 0.027172 4719 
1179073426 11876 37522 6.318963 89 1773 2112 89.846413 0.144326 0.026835 4724 
1179173426 11910 37704 6.331486 89 1767 2124 90.258774 0.143824 0.026640 4727 
1179273426 11941 37893 6.346705 90 1769 2129 90.789884 0.144193 0.026384 4733 
1179373426 11980 38066 6.354925 90 1775 2141 91.101503 0.144212 0.026136 4734 
1179473426 12010 38240 6.368027 90 1774 2132 91.545212 0.143858 0.025975 4736 
1179573426 12027 38366 6.379978 90 1768 2128 91.957097 0.143418 0.025899 4741 
1179673426 12044 38462 6.386915 90 1768 2129 92.156260 0.143781 0.025783 4743 
1179773426 12066 38619 6.401293 90 1770 2121 92.568540 0.143748 0.025611 4746 
1179873426 12091 38770 6.413034 91 1777 2112 92.978579 0.143721 0.025347 4751 
1179973426 12135 39001 6.427853 91 1774 2121 93.548908 0.143246 0.025103 4759 
1180073426 12170 39212 6.444043 91 1772 2130 94.138209 0.143030 0.025086 4768 
1180173426 12189 39325 6.452539 92 1771 2133 94.420379 0.143086 0.025218 4772 
1180273426 12206 39428 6.460429 92 1770 2132 94.639849 0.143445 0.025173 4781 
1180373426 12241 39578 6.466465 92 1774 2135 94.940773 0.143372 0.024887 4787 
1180473426 12265 39759 6.483327 92 1765 2135 95.429433 0.143520 0.024636 4792 
1180573426 12300 39995 6.503252 94 1763 2132 96.114472 0.142900 0.024607 4801 
1180673426 12330 40181 6.517599 94 1756 2130 96.572425 0.142745 0.024423 4806 
1180773426 12352 40321 6.528659 94 1759 2116 96.888115 0.142703 0.024302 4810 
1180873426 12370 40415 6.534357 94 1759 2124 97.143250 0.142467 0.024242 4813 
1180973426 12392 40528 6.540994 94 1763 2121 97.338928 0.142721 0.024117 4814 
1181073426 12441 40702 6.543204 94 1769 2133 97.504059 0.142607 0.023920 4818 
1181173426 12477 40864 6.550293 95 1767 2144 97.820149 0.141951 0.023784 4823 
1181273426 12519 41038 6.556115 95 1767 2158 98.110392 0.141574 0.023579 4825 
1181373426 12547 41162 6.561250 95 1772 2157 98.343668 0.141880 0.023467 4833 
1181473426 12573 41272 6.565179 95 1771 2166 98.550068 0.141898 0.023382 4838 
1181573426 12596 41410 6.575103 95 1770 2169 98.889965 0.141241 0.023298 4846 
1181673426 12635 41617 6.587574 95 1771 2174 99.294025 0.140615 0.023078 4850 
1181773426 12685 41824 6.594245 95 1774 2187 99.611983 0.140583 0.022882 4855 
1181873426 12720 42032 6.608805 95 1769 2185 100.132704 0.139949 0.022833 4859 
1181973426 12746 42191 6.620273 95 1767 2189 100.477012 0.140088 0.022674 4865 
1182073426 12774 42333 6.627994 95 1766 2195 100.816815 0.139408 0.022505 4870 
1182173426 12799 42472 6.636768 95 1764 2198 101.159153 0.138993 0.022502 4878 
1182273426 12829 42655 6.649778 95 1759 2218 101.617897 0.138802 0.022533 4886 
1182373426 12859 42827 6.661016 96 1762 2215 102.059258 0.138835 0.022334 4894 
1182473426 12900 43038 6.672558 96 1764 2221 102.508372 0.138848 0.022155 4898 
1182573426 12934 43220 6.683161 97 1765 2228 102.956085 0.138314 0.021994 4904 
1182673426 12958 43355 6.691619 98 1763 2229 103.231209 0.137769 0.021890 4906 
1182773426 12996 43496 6.693752 98 1768 2235 103.428286 0.137610 0.021774 4911 
1182873426 13040 43697 6.701994 99 1775 2233 103.764110 0.137408 0.021646 4916 
1182973426 13075 43858 6.708681 99 1779 2237 104.065621 0.136963 0.021524 4921 
1183073426 13122 44047 6.713458 100 1783 2254 104.358482 0.136694 0.021306 4926 
1183173426 13153 44210 6.722421 100 1787 2249 104.737170 0.136362 0.021150 4930 
1183273426 13173 44329 6.730282 100 1778 2261 104.970622 0.136353 0.021236 4935 
1183373426 13199 44472 6.738692 100 1781 2265 105.266308 0.136529 0.021302 4938 
1183473426 13237 44679 6.750623 100 1780 2272 105.753267 0.136686 0.021140 4944 
1183573426 13285 44855 6.752729 100 1791 2283 105.997742 0.136694 0.021209 4956 
1183673426 13314 45017 6.762355 100 1792 2280 106.391317 0.136338 0.021025 4959 
1183773426 13343 45231 6.779735 100 1788 2277 106.984936 0.135639 0.020859 4962 
1183873426 13377 45391 6.786424 101 1793 2282 107.306122 0.135131 0.020745 4964 
1183973426 13409 45543 6.792900 101 1791 2282 107.523902 0.135304 0.020569 4966 
1184073426 13452 45718 6.797205 101 1799 2288 107.804787 0.135518 0.020397 4967 
1184173426 13486 45911 6.808690 102 1799 2293 108.288151 0.135558 0.020288 4972 
1184273426 13521 46120 6.821981 103 1796 2296 108.794616 0.135296 0.020144 4978 
1184373426 13556 46314 6.832989 104 1794 2300 109.184125 0.135505 0.020010 4983 
1184473426 13569 46448 6.846194 104 1789 2294 109.569902 0.135597 0.019938 4986 
1184573426 13598 46651 6.861450 104 1787 2294 110.112222 0.135098 0.019824 4991 
1184673426 13636 46844 6.870637 104 1786 2301 110.475653 0.134625 0.019635 4992 
1184773426 13683 47033 6.874662 104 1796 2308 110.675144 0.134919 0.019426 4992 
1184873426 13726 47263 6.886638 105 1794 2307 111.249454 0.134463 0.019257 5004 
1184973426 13772 47466 6.893116 106 1797 2312 111.659309 0.134469 0.019359 5012 
1185073426 13811 47618 6.895663 106 1801 2316 111.861704 0.134439 0.019271 5020 
1185173426 13840 47764 6.902312 106 1804 2311 112.152457 0.133788 0.019185 5023 
1185273426 13867 47906 6.909353 106 1803 2310 112.406577 0.134152 0.019016 5028 
1185373426 13906 48076 6.914425 106 1810 2306 112.666187 0.134003 0.018963 5034 
1185473426 13942 48266 6.923827 106 1809 2306 113.070435 0.133853 0.018790 5042 
1185573426 13986 48454 6.928929 106 1816 2316 113.393679 0.134048 0.018658 5051 
1185673426 14010 48580 6.935046 106 1814 2327 113.663098 0.134201 0.018549 5054 
1185773426 14051 48764 6.941001 106 1817 2346 114.031314 0.133709 0.018430 5061 
1185873426 14090 48960 6.949610 106 1815 2345 114.375302 0.133668 0.018293 5064 
1185973426 14118 49132 6.960193 106 1808 2355 114.723049 0.133604 0.018143 5065 
1186073426 14159 49333 6.968430 106 1803 2361 114.993008 0.133895 0.017969 5070 
1186173426 14208 49547 6.974521 106 1811 2372 115.340935 0.133676 0.017815 5080 
1186273426 14234 49698 6.982998 107 1814 2373 115.713222 0.132961 0.017734 5083 
1186373426 14272 49879 6.989770 108 1820 2369 116.011351 0.132904 0.017549 5086 
1186473426 14315 50120 7.002445 109 1814 2380 116.468739 0.133354 0.017443 5092 
1186573426 14348 50334 7.016170 109 1810 2384 116.941455 0.133219 0.017278 5093 
1186673426 14387 50583 7.031765 109 1802 2388 117.573782 0.132937 0.017369 5113 
1186773426 14425 50777 7.040139 109 1800 2403 117.990572 0.132138 0.017233 5115 
1186873426 14455 50919 7.045175 109 1797 2406 118.225112 0.132006 0.017147 5118 
1186973426 14478 51059 7.053322 109 1792 2411 118.523691 0.131993 0.017064 5122 
1187073426 14511 51236 7.061677 110 1796 2413 118.960513 0.132018 0.016946 5128 
1187173426 14547 51436 7.071699 110 1799 2416 119.380216 0.131601 0.016841 5136 
1187273426 14584 51600 7.076248 110 1797 2436 119.648793 0.131564 0.016719 5141 
1187373426 14615 51802 7.088881 110 1792 2441 120.136435 0.131360 0.016608 5143 
1187473426 14643 51981 7.099775 111 1795 2445 120.592638 0.131417 0.016687 5145 
1187573426 14669 52136 7.108324 112 1791 2458 120.962983 0.131412 0.016512 5147 
1187673426 14702 52373 7.124609 112 1785 2462 121.561148 0.131245 0.016527 5159 
1187773426 14744 52537 7.126560 112 1796 2461 121.744303 0.131905 0.016381 5168 
1187873426 14778 52694 7.131412 112 1799 2465 122.068074 0.131837 0.016300 5171 
1187973426 14824 52879 7.134242 112 1804 2475 122.332704 0.131784 0.016191 5174 
1188073426 14851 53058 7.145377 113 1807 2468 122.782035 0.131487 0.016145 5181 
1188173426 14876 53233 7.156897 113 1808 2460 123.148427 0.131911 0.016070 5187 
1188273426 14916 53463 7.168544 113 1799 2469 123.548136 0.131740 0.015980 5195 
1188373426 14953 53667 7.178091 113 1805 2465 123.957868 0.131523 0.015870 5199 
1188473426 14981 53846 7.188572 113 1803 2465 124.369535 0.131382 0.015814 5205 
1188573426 15010 54020 7.197868 113 1807 2460 124.775217 0.131442 0.015845 5212 
1188673426 15039 54173 7.204335 113 1807 2461 125.104595 0.131521 0.015770 5215 
1188773426 15070 54326 7.209821 113 1808 2476 125.402123 0.131454 0.015664 5222 
1188873426 15096 54462 7.215421 113 1808 2479 125.640435 0.131138 0.015612 5228 
1188973426 15135 54687 7.226561 114 1815 2486 126.173505 0.131547 0.015541 5242 
1189073426 15174 54898 7.235798 114 1820 2486 126.647291 0.130849 0.015436 5247 
1189173426 15207 55073 7.243112 114 1825 2485 127.043335 0.130313 0.015351 5255 
1189273426 15246 55233 7.245573 114 1829 2489 127.236390 0.130381 0.015374 5258 
1189373426 15273 55399 7.254501 115 1828 2490 127.597329 0.130120 0.015265 5261 
1189473426 15333 55628 7.255984 116 1836 2512 127.963217 0.130549 0.015095 5272 
1189573426 15376 55846 7.264048 116 1840 2515 128.338970 0.130277 0.014979 5280 
1189673426 15418 56013 7.265923 117 1847 2519 128.583085 0.129986 0.014857 5283 
1189773426 15441 56152 7.273104 117 1845 2521 128.869762 0.129755 0.014754 5290 
1189873426 15480 56321 7.276615 117 1852 2530 129.078682 0.130112 0.014662 5294 
1189973426 15510 56483 7.283430 118 1852 2528 129.404771 0.129671 0.014541 5297 
1190073426 15563 56697 7.286127 118 1852 2555 129.702500 0.129556 0.014534 5309 
1190173426 15612 56943 7.294773 120 1859 2565 130.210863 0.128793 0.014461 5317 
1190273426 15667 57184 7.299930 120 1870 2570 130.608285 0.128708 0.014333 5322 
1190373426 15714 57405 7.306224 121 1873 2575 130.988036 0.128835 0.014472 5329 
1190473426 15750 57574 7.310984 122 1879 2583 131.278603 0.128872 0.014406 5338 
1190573426 15795 57726 7.309402 122 1892 2597 131.394872 0.128824 0.014318 5342 
1190673426 15846 57909 7.308974 122 1911 2608 131.567336 0.128726 0.014311 5346 
1190773426 15914 58135 7.306146 122 1931 2623 131.689833 0.129167 0.014404 5358 
1190873426 15965 58393 7.315127 122 1939 2624 132.190918 0.129162 0.014315 5370 
1190973426 16013 58601 7.319178 122 1943 2634 132.525698 0.129622 0.014231 5376 
1191073426 16050 58731 7.318505 122 1952 2644 132.588411 0.129928 0.014201 5381 
1191173426 16092 58872 7.316928 122 1965 2646 132.654362 0.130382 0.014370 5391 
1191273426 16160 59099 7.314233 122 1983 2659 132.863738 0.130420 0.014275 5397 
1191373426 16211 59360 7.323422 122 1985 2675 133.327000 0.130472 0.014175 5406 
1191473426 16270 59588 7.324892 122 1999 2680 133.540504 0.131279 0.014071 5411 
1191573426 16322 59794 7.326798 122 2011 2693 133.784830 0.131139 0.014101 5425 
1191673426 16367 59948 7.325472 122 2024 2695 133.914095 0.131170 0.014059 5433 
1191773426 16400 60066 7.325122 122 2028 2698 134.026951 0.131297 0.013987 5441 
1191873426 16443 60279 7.331874 124 2036 2708 134.422307 0.131003 0.013855 5445 
1191973426 16499 60514 7.335475 124 2046 2714 134.798836 0.130584 0.013766 5455 
1192073426 16556 60719 7.334984 124 2060 2728 135.013530 0.130102 0.013650 5460 
1192173426 16607 60919 7.336545 125 2063 2742 135.229000 0.129919 0.013538 5464 
1192273426 16641 61047 7.336939 125 2069 2754 135.364702 0.129856 0.013493 5468 
1192373426 16670 61168 7.338692 125 2073 2760 135.520936 0.129815 0.013448 5470 
1192473426 16707 61348 7.343988 126 2082 2762 135.854911 0.129407 0.013383 5473 
1192573426 16758 61601 7.351832 126 2093 2761 136.292040 0.129546 0.013284 5485 
1192673426 16810 61836 7.357049 127 2109 2756 136.692445 0.128919 0.013215 5488 
1192773426 16874 62062 7.355932 127 2126 2768 136.846509 0.129098 0.013151 5495 
1192873426 16902 62194 7.359366 127 2128 2774 137.069459 0.129011 0.013116 5504 
1192973426 16920 62277 7.361348 127 2133 2777 137.211820 0.128813 0.013092 5505 
1193073426 16949 62425 7.366216 127 2140 2776 137.508172 0.129204 0.013169 5518 
1193173426 16990 62665 7.376692 127 2142 2778 137.999411 0.128748 0.013056 5525 
1193273426 17044 62892 7.379958 127 2161 2784 138.404365 0.128471 0.012976 5538 
1193373426 17101 63101 7.379802 127 2180 2797 138.621835 0.128731 0.012891 5540 
1193473426 17124 63240 7.386125 128 2179 2800 138.939967 0.128286 0.012841 5541 
1193573426 17146 63325 7.386562 128 2186 2798 139.077802 0.128272 0.012833 5550 
1193673426 17174 63434 7.387213 128 2192 2803 139.199488 0.128274 0.012801 5556 
1193773426 17221 63647 7.391789 128 2203 2811 139.567273 0.128414 0.012815 5567 
1193873426 17264 63829 7.394462 129 2212 2821 139.841520 0.128031 0.012748 5570 
1193973426 17302 64026 7.400994 129 2220 2827 140.188186 0.127898 0.012596 5578 
1194073426 17340 64183 7.402884 130 2223 2838 140.394002 0.128012 0.012591 5584 
1194173426 17360 64308 7.408756 130 2221 2844 140.632949 0.128162 0.012552 5589 
1194273426 17394 64444 7.409911 130 2222 2856 140.820168 0.128348 0.012466 5596 
1194373426 17446 64652 7.411670 130 2228 2876 141.096756 0.128215 0.012373 5606 
1194473426 17482 64854 7.419517 130 2225 2879 141.558174 0.127889 0.012323 5613 
1194573426 17528 65086 7.426518 130 2234 2881 141.999658 0.127999 0.012261 5627 
1194673426 17576 65273 7.427515 130 2244 2894 142.184684 0.128334 0.012208 5632 
1194773426 17604 65401 7.430243 130 2250 2899 142.360600 0.128351 0.012150 5634 
1194873426 17636 65535 7.431957 130 2257 2901 142.529939 0.128209 0.012135 5637 
1194973426 17687 65767 7.436761 132 2272 2895 142.871488 0.128315 0.012163 5652 
1195073426 17734 65976 7.440623 132 2280 2900 143.176384 0.128414 0.012049 5658 
1195173426 17779 66179 7.444626 133 2288 2902 143.417178 0.128443 0.012053 5669 
1195273426 17826 66348 7.443958 133 2299 2919 143.618310 0.128339 0.012011 5673 
1195373426 17848 66480 7.449574 134 2294 2924 143.844352 0.128124 0.012102 5677 
1195473426 17879 66617 7.451983 134 2299 2935 144.076514 0.128123 0.012061 5679 
1195573426 17919 66825 7.458564 134 2307 2938 144.485741 0.127769 0.012006 5684 
1195673426 17955 66996 7.462657 134 2307 2952 144.736397 0.127936 0.011949 5688 
1195773426 17980 67120 7.466073 134 2310 2955 144.942937 0.127893 0.011918 5694 
1195873426 18006 67225 7.466955 134 2310 2965 145.054315 0.127826 0.011941 5698 
1195973426 18030 67358 7.471769 134 2316 2972 145.358181 0.127667 0.011902 5703 
1196073426 18050 67512 7.480554 134 2314 2968 145.787147 0.127634 0.011876 5710 
1196173426 18096 67706 7.482980 134 2325 2974 146.071729 0.127791 0.011839 5721 
1196273426 18139 67902 7.486852 136 2333 2984 146.381939 0.127429 0.011769 5727 
1196373426 18181 68092 7.490457 137 2343 2988 146.637039 0.127278 0.011687 5732 
1196473426 18214 68274 7.496871 137 2344 2988 146.994510 0.127091 0.011597 5737 
1196573426 18239 68399 7.500302 138 2349 2986 147.206316 0.127058 0.011666 5741 
1196673426 18272 68529 7.500985 139 2355 2992 147.291813 0.127085 0.011627 5746 
1196773426 18295 68702 7.510467 139 2354 2992 147.781033 0.126839 0.011627 5750 
1196873426 18325 68891 7.518799 139 2350 2994 148.230286 0.126963 0.011582 5760 
1196973426 18363 69059 7.521538 140 2359 2996 148.450035 0.127000 0.011541 5766 
1197073426 18402 69267 7.528203 140 2357 3010 148.847734 0.126895 0.011624 5776 
1197173426 18427 69409 7.533402 140 2361 3010 149.163944 0.126671 0.011600 5784 
1197273426 18464 69542 7.532712 140 2367 3021 149.309792 0.126576 0.011598 5792 
1197373426 18499 69682 7.533596 140 2373 3035 149.484837 0.126559 0.011517 5794 
1197473426 18536 69863 7.538088 141 2375 3043 149.772767 0.126213 0.011455 5800 
1197573426 18574 70032 7.540864 141 2379 3049 150.031549 0.126263 0.011438 5807 
1197673426 18614 70192 7.541850 141 2393 3054 150.239390 0.126330 0.011588 5814 
1197773426 18640 70302 7.543133 141 2400 3060 150.418133 0.126127 0.011538 5820 
1197873426 18673 70447 7.545333 141 2412 3061 150.663846 0.125707 0.011487 5826 
1197973426 18697 70556 7.547307 142 2413 3066 150.745360 0.125955 0.011456 5831 
1198073426 18741 70705 7.545489 142 2428 3073 150.883838 0.125672 0.011412 5839 
1198173426 18790 70865 7.542842 142 2442 3085 150.955082 0.125664 0.011359 5846 
1198273426 18825 71022 7.545498 142 2449 3089 151.195963 0.125431 0.011326 5853 
1198373426 18852 71141 7.547316 142 2455 3100 151.447273 0.125503 0.011322 5860 
1198473426 18873 71235 7.548879 142 2457 3105 151.596672 0.125368 0.011386 5868 
1198573426 18892 71349 7.553356 142 2459 3107 151.847766 0.125547 0.011353 5869 
1198673426 18899 71412 7.557225 142 2456 3103 152.002117 0.125393 0.011348 5872 
1198773426 18923 71513 7.558315 142 2452 3112 152.101992 0.125289 0.011323 5874 
1198873426 18948 71666 7.564492 143 2457 3113 152.446591 0.125020 0.011295 5880 
1198973426 18971 71822 7.571767 143 2455 3112 152.803331 0.124959 0.011235 5888 
1199073426 19008 71956 7.571128 143 2466 3115 152.909933 0.125060 0.011203 5891 
1199173426 19033 72083 7.574528 143 2466 3115 153.113960 0.125010 0.011188 5904 
1199273426 19060 72219 7.578069 143 2471 3115 153.311857 0.125060 0.011163 5912 
1199373426 19093 72336 7.577227 143 2480 3118 153.382391 0.125065 0.011131 5914 
1199473426 19121 72471 7.580252 143 2484 3123 153.554835 0.125220 0.011208 5919 
1199573426 19150 72585 7.580679 143 2491 3130 153.672585 0.125360 0.011179 5923 
1199673426 19188 72694 7.577027 144 2499 3145 153.676569 0.125319 0.011144 5926 
1199773426 19215 72832 7.580744 145 2501 3149 153.949519 0.125120 0.011229 5933 
1199873426 19238 72950 7.583948 146 2502 3154 154.184011 0.124765 0.011211 5942 
1199973426 19263 73074 7.586980 146 2505 3157 154.406998 0.124873 0.011126 5952 
1200073426 19305 73210 7.584564 147 2514 3177 154.537892 0.124805 0.011076 5956 
1200173426 19337 73348 7.586285 147 2517 3188 154.732482 0.124690 0.011048 5961 
1200273426 19364 73456 7.586862 148 2525 3191 154.897852 0.124533 0.011175 5966 
1200373426 19401 73619 7.589196 148 2528 3201 155.126643 0.124712 0.011250 5971 
1200473426 19441 73776 7.589733 148 2538 3207 155.287897 0.124507 0.011220 5979 
1200573426 19478 73920 7.590102 148 2547 3213 155.404354 0.124363 0.011146 5980 
1200673426 19513 74075 7.592374 148 2549 3211 155.596372 0.124479 0.011127 5987 
1200773426 19539 74185 7.593531 148 2549 3219 155.698040 0.124510 0.011096 5989 
1200873426 19557 74300 7.598302 148 2553 3215 155.976581 0.124265 0.011174 6004 
1200973426 19593 74457 7.600367 148 2565 3217 156.204359 0.124283 0.011098 6008 
1201073426 19642 74630 7.599023 149 2572 3239 156.326952 0.124112 0.011152 6013 
1201173426 19682 74780 7.598821 149 2582 3236 156.441114 0.124328 0.011209 6020 
1201273426 19721 74942 7.600223 149 2590 3241 156.599665 0.124430 0.011162 6028 
1201373426 19777 75192 7.603984 149 2602 3260 156.967589 0.124043 0.011212 6041 
1201473426 19809 75346 7.607249 149 2610 3263 157.195921 0.123639 0.011143 6044 
1201573426 19863 75564 7.608518 149 2623 3274 157.454967 0.123210 0.011054 6047 
1201673426 19911 75797 7.613580 150 2634 3271 157.811963 0.122972 0.010982 6056 
1201773426 19955 75949 7.612027 152 2657 3275 158.012228 0.122566 0.011042 6067 
1201873426 19989 76087 7.612887 152 2664 3286 158.178398 0.122527 0.011032 6074 
1201973426 20017 76208 7.614328 152 2673 3287 158.351301 0.122488 0.011000 6081 
1202073426 20044 76301 7.613351 152 2684 3288 158.423169 0.122423 0.010976 6082 
1202173426 20074 76427 7.614526 152 2696 3281 158.564412 0.122525 0.010959 6089 
1202273426 20090 76507 7.616426 152 2701 3277 158.696864 0.122388 0.010963 6095 
1202373426 20130 76662 7.616692 152 2713 3283 158.830005 0.122436 0.010925 6101 
1202473426 20180 76825 7.613974 152 2716 3306 158.908622 0.122349 0.010880 6108 
1202573426 20216 77030 7.620696 152 2712 3325 159.226157 0.122429 0.010914 6114 
1202673426 20247 77156 7.621475 152 2725 3327 159.373734 0.122528 0.010995 6120 
1202773426 20287 77364 7.626953 152 2723 3345 159.706019 0.122623 0.011087 6129 
1202873426 20331 77588 7.632482 152 2726 3356 160.101618 0.122607 0.011018 6134 
1202973426 20377 77815 7.637533 152 2739 3356 160.475732 0.122637 0.010978 6148 
1203073426 20411 77984 7.641370 153 2742 3362 160.747146 0.122349 0.010932 6153 
1203173426 20448 78106 7.639476 153 2753 3370 160.777680 0.122642 0.010990 6158 
1203273426 20473 78236 7.642847 154 2753 3383 160.980413 0.122756 0.011157 6164 
1203373426 20509 78435 7.648837 154 2754 3392 161.392754 0.122578 0.011126 6178 
1203473426 20554 78648 7.652817 155 2751 3400 161.758393 0.122319 0.011186 6191 
1203573426 20598 78843 7.655403 155 2760 3403 162.022624 0.122321 0.011118 6208 
1203673426 20625 78987 7.659345 155 2770 3406 162.307200 0.122245 0.011100 6219 
1203773426 20660 79128 7.660019 155 2776 3402 162.473282 0.122167 0.011200 6227 
1203873426 20679 79233 7.663137 155 2775 3410 162.631462 0.122377 0.011178 6231 
1203973426 20729 79405 7.661248 155 2792 3416 162.763278 0.122338 0.011234 6236 
1204073426 20775 79615 7.664501 155 2790 3424 162.944886 0.122700 0.011312 6247 
1204173426 20833 79844 7.665147 155 2806 3434 163.236212 0.122835 0.011275 6266 
1204273426 20886 80036 7.664081 155 2817 3446 163.384372 0.122884 0.011236 6275 
1204373426 20915 80157 7.665025 156 2822 3462 163.565957 0.122822 0.011224 6282 
1204473426 20945 80324 7.669993 156 2827 3458 163.836429 0.122641 0.011170 6285 
1204573426 20975 80483 7.674184 156 2833 3463 164.140262 0.122698 0.011150 6295 
1204673426 21044 80760 7.675347 156 2851 3481 164.486980 0.122457 0.011129 6314 
1204773426 21098 80977 7.676273 156 2868 3483 164.733529 0.121987 0.011082 6322 
1204873426 21150 81185 7.677069 156 2885 3488 164.995083 0.121917 0.011043 6336 
1204973426 21189 81355 7.678984 157 2891 3499 165.234037 0.121571 0.011019 6342 
1205073426 21230 81490 7.676872 157 2908 3505 165.302873 0.121442 0.010990 6346 
1205173426 21276 81671 7.677289 158 2921 3514 165.498966 0.121272 0.010980 6359 
1205273426 21331 81881 7.677183 158 2932 3527 165.649524 0.121536 0.010886 6365 
1205373426 21381 82087 7.678500 158 2938 3536 165.850147 0.121838 0.010851 6375 
1205473426 21420 82269 7.681513 158 2945 3550 166.118207 0.121786 0.010875 6392 
1205573426 21454 82392 7.680805 158 2952 3563 166.234735 0.121726 0.010845 6401 
1205673426 21470 82470 7.682347 158 2951 3568 166.347089 0.121710 0.010828 6401 
1205773426 21510 82627 7.682659 158 2965 3576 166.549047 0.121629 0.010795 6412 
1205873426 21582 82862 7.678806 158 2989 3599 166.657770 0.122278 0.010747 6418 
1205973426 21613 83043 7.684542 159 2984 3611 167.001990 0.122406 0.010740 6431 
1206073426 21655 83230 7.686908 160 2991 3623 167.231679 0.122408 0.010718 6441 
1206173426 21685 83378 7.689924 161 2988 3630 167.476412 0.122326 0.010676 6450 
1206273426 21712 83505 7.692060 161 2997 3636 167.633382 0.122448 0.010647 6457 
1206373426 21737 83626 7.694346 161 3001 3642 167.811013 0.122438 0.010627 6464 
1206473426 21794 83837 7.693585 162 3013 3659 167.975406 0.122396 0.010693 6471 
1206573426 21833 84027 7.697247 162 3012 3672 168.214904 0.122867 0.010771 6484 
1206673426 21881 84293 7.704675 162 3009 3684 168.664229 0.122824 0.010852 6498 
1206773426 21925 84501 7.708187 162 3017 3688 168.984629 0.122854 0.010871 6513 
1206873426 21969 84660 7.707224 162 3027 3701 169.095635 0.122832 0.010952 6524 
1206973426 22008 84868 7.712468 163 3029 3707 169.412214 0.122704 0.011025 6532 
1207073426 22058 85097 7.715749 163 3043 3695 169.747121 0.122369 0.011072 6545 
1207173426 22132 85375 7.715073 163 3066 3706 169.977860 0.122477 0.011176 6556 
1207273426 22187 85649 7.720647 163 3067 3727 170.389327 0.122615 0.011125 6575 
1207373426 22242 85877 7.722057 163 3078 3741 170.622606 0.122729 0.011143 6586 
1207473426 22288 86024 7.719311 163 3083 3759 170.661612 0.122850 0.011187 6589 
1207573426 22328 86226 7.723576 163 3081 3763 170.947152 0.122883 0.011214 6602 
1207673426 22371 86450 7.728756 163 3085 3766 171.300076 0.122856 0.011165 6609 
1207773426 22425 86683 7.730925 163 3086 3782 171.530256 0.123023 0.011258 6623 
1207873426 22482 86930 7.733298 163 3097 3793 171.853394 0.123178 0.011226 6635 
1207973426 22533 87146 7.734966 165 3109 3812 172.165002 0.122656 0.011166 6640 
1208073426 22555 87260 7.737530 165 3113 3815 172.338018 0.122785 0.011113 6643 
1208173426 22590 87411 7.738911 165 3113 3826 172.501726 0.122539 0.011111 6653 
1208273426 22650 87639 7.738543 167 3126 3838 172.731126 0.122508 0.011084 6667 
1208373426 22693 87896 7.746530 167 3136 3825 173.214471 0.122517 0.011008 6676 
1208473426 22745 88167 7.752649 167 3136 3835 173.631919 0.122439 0.010958 6689 
1208573426 22802 88421 7.755548 167 3146 3844 173.892816 0.122513 0.011001 6696 
1208673426 22828 88538 7.756965 167 3150 3844 174.060978 0.122416 0.010989 6703 
1208773426 22858 88699 7.760871 167 3154 3845 174.365649 0.122338 0.011143 6712 
1208873426 22903 88917 7.764660 167 3156 3859 174.700258 0.122189 0.011209 6724 
1208973426 22956 89152 7.767207 168 3162 3875 174.969855 0.121915 0.011364 6743 
1209073426 23014 89406 7.769705 168 3173 3888 175.228035 0.121903 0.011406 6754 
1209173426 23061 89570 7.768093 168 3177 3901 175.272191 0.122313 0.011364 6759 
1209273426 23090 89711 7.770550 168 3181 3911 175.456561 0.122339 0.011308 6763 
1209373426 23134 89866 7.769171 168 3186 3922 175.553817 0.122437 0.011477 6772 
1209473426 23192 90081 7.768282 168 3198 3931 175.708434 0.122176 0.011460 6779 
1209573426 23255 90309 7.766846 168 3218 3947 175.920705 0.121895 0.011350 6787 
1209673426 23310 90565 7.770485 169 3227 3956 176.267096 0.121583 0.011409 6797 
1209773426 23358 90808 7.775323 169 3225 3973 176.619145 0.121438 0.011402 6809 
1209873426 23383 90990 7.782577 169 3220 3973 177.012702 0.121464 0.011387 6820 
1209973426 23427 91184 7.784522 169 3232 3975 177.239425 0.121178 0.011353 6827 
1210073426 23476 91411 7.787613 169 3236 3988 177.523087 0.120872 0.011464 6838 
1210173426 23532 91623 7.787098 170 3251 3990 177.679840 0.120967 0.011411 6846 
1210273426 23579 91853 7.791085 170 3253 4003 178.014929 0.120744 0.011380 6852 
1210373426 23627 92054 7.792272 170 3264 4016 178.226182 0.120902 0.011337 6863 
1210473426 23672 92229 7.792244 170 3273 4024 178.382646 0.120994 0.011309 6872 
1210573426 23716 92417 7.793641 170 3289 4016 178.602884 0.120597 0.011257 6877 
1210673426 23759 92600 7.794941 170 3297 4022 178.802896 0.120817 0.011342 6891 
1210773426 23812 92817 7.795817 170 3307 4029 179.053418 0.120957 0.011306 6906 
1210873426 23865 93067 7.799455 170 3316 4043 179.429206 0.120793 0.011235 6911 
1210973426 23911 93271 7.801514 170 3316 4052 179.704487 0.120743 0.011192 6925 
1211073426 23960 93431 7.798915 170 3330 4066 179.770618 0.120819 0.011257 6933 
1211173426 23999 93605 7.800742 170 3337 4078 180.017584 0.120690 0.011223 6947 
1211273426 24057 93825 7.800224 170 3351 4086 180.210916 0.120651 0.011343 6957 
1211373426 24104 94039 7.802771 170 3364 4088 180.451792 0.120868 0.011411 6965 
1211473426 24153 94259 7.805159 170 3370 4094 180.753281 0.120789 0.011382 6978 
1211573426 24210 94488 7.805700 170 3372 4108 180.950021 0.120587 0.011296 6988 
1211673426 24241 94663 7.810156 171 3375 4110 181.223959 0.120543 0.011215 6998 
1211773426 24274 94807 7.811403 172 3376 4120 181.368790 0.120518 0.011192 7006 
1211873426 24315 94980 7.812461 172 3381 4129 181.550812 0.120627 0.011158 7018 
1211973426 24366 95172 7.811869 172 3390 4144 181.690552 0.120680 0.011122 7026 
1212073426 24415 95397 7.814622 172 3387 4168 181.988286 0.121064 0.011091 7037 
1212173426 24468 95660 7.819192 172 3391 4176 182.387854 0.120572 0.011062 7054 
1212273426 24520 95823 7.815905 172 3411 4180 182.437520 0.120749 0.011032 7064 
1212373426 24557 95969 7.816020 172 3414 4196 182.552673 0.120749 0.011147 7072 
1212473426 24615 96216 7.817672 174 3415 4208 182.825513 0.120546 0.011109 7079 
1212573426 24668 96438 7.818875 174 3427 4219 183.051159 0.120470 0.011202 7090 
1212673426 24726 96634 7.816388 174 3432 4247 183.104748 0.120676 0.011185 7098 
1212773426 24792 96875 7.815021 174 3440 4258 183.201597 0.120731 0.011190 7106 
1212873426 24844 97083 7.815408 174 3445 4271 183.354452 0.120771 0.011154 7116 
1212973426 24899 97257 7.812121 174 3455 4287 183.380537 0.120929 0.011186 7123 
1213073426 24964 97472 7.809005 174 3472 4300 183.432222 0.121198 0.011124 7134 
1213173426 25020 97684 7.808473 174 3490 4307 183.554996 0.121217 0.011018 7140 
1213273426 25073 97900 7.809197 174 3495 4324 183.740278 0.121087 0.010969 7144 
1213373426 25127 98115 7.809528 174 3504 4328 183.849723 0.121413 0.010934 7153 
1213473426 25165 98274 7.810372 174 3510 4333 183.994596 0.121484 0.011001 7165 
1213573426 25211 98446 7.809766 174 3521 4343 184.120344 0.121482 0.011055 7169 
1213673426 25280 98707 7.809098 175 3531 4361 184.257199 0.121686 0.011246 7190 
1213773426 25330 98961 7.813739 176 3534 4366 184.566127 0.121610 0.011265 7204 
1213873426 25368 99154 7.817250 176 3532 4384 184.821271 0.121746 0.011224 7212 
1213973426 25434 99381 7.814815 177 3550 4398 184.956594 0.121502 0.011176 7221 
1214073426 25486 99565 7.813309 177 3557 4417 185.062701 0.121263 0.011151 7230 
1214173426 25529 99747 7.814407 177 3559 4429 185.243370 0.121350 0.011194 7237 
1214273426 25607 100027 7.812473 179 3573 4438 185.330105 0.121455 0.011142 7245 
1214373426 25679 100301 7.811909 179 3582 4453 185.481444 0.121557 0.011230 7257 
1214473426 25736 100535 7.812791 180 3593 4465 185.671355 0.121166 0.011202 7263 
1214573426 25816 100779 7.807484 180 3608 4490 185.684924 0.121374 0.011179 7273 
1214673426 25890 101002 7.802395 182 3638 4499 185.730166 0.121456 0.011131 7282 
1214773426 25939 101214 7.804002 182 3632 4515 185.880412 0.121643 0.011114 7289 
1214873426 26015 101489 7.802345 182 3646 4533 185.992543 0.121783 0.011031 7303 
1214973426 26087 101778 7.802967 183 3653 4550 186.236823 0.121746 0.010986 7321 
1215073426 26141 102061 7.808500 183 3645 4568 186.547033 0.121950 0.011007 7328 
1215173426 26203 102250 7.804450 183 3658 4589 186.528489 0.122034 0.010967 7332 
1215273426 26235 102383 7.805070 183 3662 4592 186.619173 0.122227 0.010959 7340 
1215373426 26276 102563 7.806592 183 3664 4595 186.787943 0.122156 0.010923 7345 
1215473426 26349 102821 7.804547 183 3681 4615 186.899009 0.122369 0.011013 7357 
1215573426 26439 103129 7.801278 183 3701 4640 187.046711 0.122090 0.010926 7364 
1215673426 26525 103420 7.797926 183 3722 4649 187.110500 0.122222 0.010887 7376 
1215773426 26589 103654 7.796758 184 3731 4673 187.209448 0.122163 0.011005 7387 
1215873426 26630 103845 7.799099 184 3738 4676 187.438152 0.122189 0.011001 7400 
1215973426 26674 104048 7.801455 184 3746 4679 187.625628 0.122078 0.010972 7406 
1216073426 26736 104298 7.802065 184 3756 4690 187.820467 0.122174 0.010988 7414 
1216173426 26823 104647 7.802781 184 3761 4711 188.017299 0.122386 0.010904 7427 
1216273426 26898 104929 7.801993 184 3780 4732 188.317644 0.121986 0.010857 7443 
1216373426 26969 105169 7.799251 184 3780 4765 188.415959 0.121799 0.010859 7450 
1216473426 27008 105369 7.802799 184 3781 4764 188.710012 0.121711 0.010829 7467 
1216573426 27057 105571 7.803600 184 3784 4775 188.818790 0.121734 0.010809 7478 
1216673426 27151 105873 7.798829 184 3804 4805 188.844610 0.121727 0.010973 7491 
1216773426 27253 106211 7.794445 184 3826 4831 188.886435 0.122146 0.011074 7507 
1216873426 27368 106553 7.786685 184 3853 4869 188.921441 0.122125 0.011108 7527 
1216973426 27456 106837 7.782416 184 3873 4883 189.001603 0.122126 0.011065 7545 
1217073426 27521 107068 7.780822 184 3877 4906 189.112387 0.122003 0.011029 7554 
1217173426 27590 107292 7.777601 184 3894 4919 189.144400 0.122312 0.010947 7565 
1217273426 27673 107586 7.775521 184 3907 4937 189.268890 0.122486 0.010876 7580 
1217373426 27772 107929 7.772505 184 3921 4962 189.442172 0.122420 0.011154 7600 
1217473426 27872 108280 7.769805 185 3946 4978 189.540399 0.122677 0.011138 7621 
1217573426 27950 108619 7.772379 185 3951 4991 189.852093 0.122559 0.011174 7633 
1217673426 28030 108891 7.769604 185 3968 5017 190.008134 0.122254 0.011264 7644 
1217773426 28093 109121 7.768554 185 3980 5033 190.140818 0.122269 0.011323 7659 
1217873426 28185 109454 7.766826 185 4000 5058 190.307185 0.122353 0.011252 7672 
1217973426 28303 109845 7.762075 187 4038 5072 190.486309 0.122258 0.011177 7690 
1218073426 28426 110249 7.756913 187 4071 5092 190.553156 0.122542 0.011121 7700 
1218173426 28539 110627 7.752689 187 4093 5113 190.688531 0.122615 0.011065 7720 
1218273426 28592 110888 7.756575 187 4094 5123 191.054001 0.122251 0.011024 7731 
1218373426 28655 111080 7.752923 187 4104 5146 191.021602 0.122356 0.011060 7738 
1218473426 28738 111365 7.750365 187 4119 5167 191.082539 0.122582 0.010995 7746 
1218573426 28852 111725 7.744697 187 4143 5195 191.103147 0.122850 0.010906 7762 
1218673426 28951 112090 7.743429 187 4167 5208 191.275811 0.122921 0.010842 7770 
1218773426 29046 112466 7.743992 187 4176 5234 191.431316 0.123226 0.010832 7785 
1218873426 29138 112765 7.740065 187 4191 5257 191.492690 0.123487 0.010725 7797 
1218973426 29228 113023 7.733885 187 4205 5294 191.402901 0.124123 0.010831 7815 
1219073426 29306 113378 7.737528 187 4213 5309 191.759776 0.124182 0.010792 7835 
1219173426 29435 113821 7.733718 187 4221 5349 191.791812 0.124332 0.010783 7854 
1219273426 29546 114218 7.731537 187 4246 5367 191.956678 0.124341 0.010708 7867 
1219373426 29657 114617 7.729507 189 4253 5403 192.079239 0.124535 0.010941 7891 
1219473426 29758 114972 7.727132 190 4266 5420 192.130721 0.124927 0.010953 7914 
1219573426 29836 115245 7.725231 190 4281 5428 192.206328 0.125002 0.010892 7927 
1219673426 29934 115579 7.722256 190 4298 5441 192.322109 0.124887 0.010863 7941 
1219773426 30072 116020 7.716148 190 4324 5483 192.325885 0.125147 0.010915 7960 
1219873426 30180 116467 7.718158 190 4327 5504 192.542611 0.125275 0.010863 7976 
1219973426 30277 116863 7.719589 190 4324 5534 192.803448 0.125290 0.010815 7991 
1220073426 30383 117180 7.713524 191 4345 5569 192.771879 0.125352 0.010842 8000 
1220173426 30432 117406 7.715957 191 4346 5584 192.969900 0.125265 0.010790 8009 
1220273426 30480 117645 7.719488 191 4345 5598 193.295079 0.124712 0.010798 8015 
1220373426 30532 117889 7.722324 191 4340 5603 193.489257 0.124664 0.010779 8022 
1220473426 30579 118136 7.726610 191 4332 5608 193.799143 0.124509 0.010834 8037 
1220573426 30616 118394 7.734126 191 4324 5599 194.161876 0.124360 0.010895 8050 
1220673426 30692 118667 7.732764 192 4334 5609 194.197446 0.124442 0.011060 8064 
1220773426 30762 118983 7.735713 192 4335 5617 194.366556 0.124431 0.011004 8067 
1220873426 30833 119240 7.734570 192 4333 5640 194.417540 0.124499 0.010938 8076 
1220973426 30928 119702 7.740688 192 4333 5667 194.804966 0.124765 0.010868 8102 
1221073426 31051 120077 7.734179 192 4346 5727 194.746127 0.124903 0.010801 8112 
1221173426 31159 120462 7.732084 193 4348 5765 194.849642 0.124716 0.010828 8129 
1221273426 31277 120846 7.727467 193 4369 5783 194.810692 0.124767 0.010753 8137 
1221373426 31363 121193 7.728406 193 4373 5805 194.980774 0.124829 0.010726 8148 
1221473426 31433 121494 7.730347 193 4377 5805 195.201603 0.124761 0.010675 8157 
1221573426 31528 121869 7.730842 193 4376 5835 195.382137 0.124559 0.010591 8167 
1221673426 31695 122438 7.726014 194 4398 5875 195.444581 0.124880 0.010542 8192 
1221773426 31814 122915 7.727101 194 4402 5904 195.632677 0.125031 0.010516 8203 
1221873426 31929 123320 7.724639 194 4424 5938 195.711986 0.125244 0.010644 8219 
1221973426 32034 123677 7.721608 196 4425 5971 195.783792 0.125180 0.010663 8232 
1222073426 32119 124018 7.722407 196 4437 5972 195.920608 0.125190 0.010589 8235 
1222173426 32225 124431 7.722638 196 4439 5992 196.171792 0.125193 0.010718 8255 
1222273426 32352 124846 7.717977 197 4481 6005 196.272132 0.125185 0.010663 8277 
1222373426 32467 125284 7.717621 198 4498 6020 196.480488 0.125200 0.010687 8295 
1222473426 32579 125678 7.715277 198 4522 6034 196.510636 0.125527 0.010663 8304 
1222573426 32659 125946 7.712790 198 4522 6066 196.510058 0.125900 0.010734 8319 
1222673426 32765 126305 7.709751 198 4541 6076 196.494613 0.126046 0.010757 8331 
1222773426 32857 126749 7.715190 199 4544 6070 196.910491 0.126064 0.010795 8358 
1222873426 32979 127182 7.712908 201 4565 6100 197.072258 0.125809 0.010817 8375 
1222973426 33085 127693 7.719087 202 4554 6113 197.481034 0.125849 0.010826 8394 
1223073426 33205 128194 7.721367 202 4562 6118 197.736184 0.125702 0.010823 8408 
1223173426 33282 128554 7.725137 202 4547 6129 197.952046 0.125675 0.010765 8421 
1223273426 33367 128887 7.725417 202 4548 6139 198.092367 0.125632 0.010760 8433 
1223373426 33470 129303 7.726501 202 4563 6150 198.325964 0.125579 0.010710 8450 
1223473426 33600 129803 7.726369 203 4596 6141 198.530536 0.125656 0.010776 8466 
1223573426 33747 130243 7.718790 204 4627 6161 198.454559 0.125515 0.010691 8471 
1223673426 33870 130766 7.721642 204 4634 6181 198.760496 0.125921 0.010603 8492 
1223773426 33966 131107 7.719896 204 4663 6178 198.845375 0.126132 0.010571 8510 
1223873426 34055 131529 7.724504 204 4651 6203 199.167875 0.126280 0.010501 8528 
1223973426 34185 132101 7.728594 205 4660 6205 199.490654 0.126472 0.010480 8555 
1224073426 34292 132512 7.728450 205 4675 6228 199.659804 0.126477 0.010413 8563 
1224173426 34417 133017 7.729727 205 4686 6244 199.970247 0.126384 0.010304 8578 
1224273426 34569 133614 7.730279 207 4693 6271 200.297608 0.126251 0.010193 8602 
1224373426 34660 133921 7.727698 207 4711 6294 200.381304 0.126255 0.010137 8616 
1224473426 34754 134299 7.728549 207 4725 6303 200.566784 0.126093 0.010031 8624 
1224573426 34906 134893 7.728929 207 4728 6335 200.797112 0.126113 0.010060 8645 
1224673426 35031 135360 7.728012 207 4730 6389 200.991351 0.126139 0.010240 8663 
1224773426 35171 135926 7.729436 207 4751 6391 201.277700 0.126109 0.010192 8681 
1224873426 35306 136479 7.731207 207 4761 6417 201.568629 0.126267 0.010078 8698 
1224973426 35389 136837 7.733307 207 4763 6420 201.775467 0.126251 0.009972 8711 
1225073426 35476 137159 7.732495 209 4778 6428 201.851618 0.126218 0.009965 8718 
1225173426 35618 137713 7.732776 209 4793 6436 202.044191 0.126560 0.010021 8746 
1225273426 35741 138142 7.730170 209 4820 6464 202.083042 0.126826 0.010011 8766 
1225373426 35845 138580 7.732180 209 4819 6481 202.320882 0.126897 0.009969 8779 
1225473426 35996 139109 7.729137 209 4835 6509 202.470552 0.126921 0.010011 8811 
1225573426 36076 139458 7.731345 209 4841 6523 202.709225 0.126901 0.009979 8826 
1225673426 36153 139785 7.732968 209 4844 6540 202.858629 0.127158 0.009874 8833 
1225773426 36307 140380 7.732944 210 4848 6572 203.084088 0.127070 0.009804 8850 
1225873426 36427 140826 7.731957 210 4862 6599 203.192522 0.127248 0.009722 8871 
1225973426 36549 141290 7.731538 211 4862 6635 203.300993 0.127370 0.009763 8881 
1226073426 36701 141850 7.730035 212 4862 6675 203.414730 0.127676 0.009700 8894 
1226173426 36814 142327 7.732221 212 4856 6710 203.590808 0.127797 0.009607 8911 
1226273426 36907 142783 7.737448 212 4846 6724 203.882136 0.127922 0.009495 8921 
1226373426 37058 143514 7.745372 212 4832 6753 204.425117 0.127796 0.009397 8953 
1226473426 37242 144206 7.744267 213 4864 6774 204.624617 0.127840 0.009352 8980 
1226573426 37404 144774 7.741097 213 4891 6806 204.770452 0.127473 0.009301 8996 
1226673426 37596 145431 7.736515 214 4897 6875 204.827056 0.127385 0.009405 9025 
1226773426 37719 146002 7.741563 214 4895 6884 205.200403 0.127418 0.009319 9044 
1226873426 37825 146482 7.745248 214 4898 6894 205.516246 0.127152 0.009422 9072 
1226973426 37987 147161 7.747966 214 4912 6920 205.809040 0.127349 0.009484 9094 
1227073426 38170 147827 7.745717 214 4937 6955 205.889075 0.127495 0.009433 9110 
1227173426 38309 148401 7.747579 214 4940 6982 206.100238 0.127501 0.009423 9124 
1227273426 38465 148986 7.746575 215 4952 7006 206.187079 0.127708 0.009341 9144 
1227373426 38603 149468 7.743854 215 4963 7041 206.176411 0.128165 0.009339 9162 
1227473426 38708 149923 7.746357 215 4971 7049 206.316059 0.128404 0.009426 9176 
1227573426 38868 150538 7.746115 215 5000 7050 206.498611 0.128304 0.009429 9197 
1227673426 39046 151229 7.746197 215 5001 7122 206.754290 0.128448 0.009336 9218 
1227773426 39167 151741 7.748411 215 5018 7134 206.946613 0.128683 0.009301 9230 
1227873426 39273 152139 7.747766 215 5028 7153 207.010262 0.128748 0.009233 9247 
1227973426 39382 152553 7.747347 215 5029 7179 207.101417 0.128821 0.009322 9254 
1228073426 39521 153047 7.745098 216 5046 7205 207.230131 0.128656 0.009265 9272 
1228173426 39662 153673 7.749130 217 5054 7220 207.578740 0.128623 0.009233 9287 
1228273426 39851 154410 7.749366 218 5071 7248 207.857218 0.128368 0.009315 9313 
1228373426 40002 155157 7.757462 219 5062 7270 208.417129 0.128044 0.009271 9345 
1228473426 40175 155812 7.756665 221 5072 7309 208.611027 0.128157 0.009189 9367 
1228573426 40291 156362 7.761634 221 5068 7333 208.969100 0.128187 0.009151 9384 
1228673426 40406 156891 7.765728 221 5063 7362 209.299460 0.128159 0.009076 9406 
1228773426 40562 157583 7.769982 221 5072 7372 209.727578 0.128012 0.009013 9427 
1228873426 40753 158325 7.769980 222 5081 7402 209.869556 0.128121 0.008992 9443 
1228973426 40918 159032 7.773205 222 5078 7441 210.215406 0.128133 0.008998 9470 
1229073426 41075 159700 7.776019 222 5095 7456 210.476640 0.128492 0.009059 9494 
1229173426 41194 160172 7.776472 222 5104 7471 210.635918 0.128478 0.009020 9510 
1229273426 41329 160642 7.773815 223 5122 7502 210.714172 0.128441 0.009022 9528 
1229373426 41482 161292 7.776481 223 5118 7539 210.956559 0.128687 0.008979 9548 
1229473426 41686 162102 7.777287 224 5141 7569 211.233748 0.128439 0.008892 9563 
1229573426 41874 162887 7.779863 224 5162 7576 211.476907 0.128702 0.008824 9579 
1229673426 42060 163577 7.778269 225 5197 7588 211.663100 0.128655 0.008845 9605 
1229773426 42191 164154 7.781470 226 5195 7596 211.909365 0.128512 0.008770 9622 
1229873426 42297 164669 7.786321 227 5198 7618 212.298981 0.128646 0.008714 9653 
1229973426 42457 165441 7.793344 228 5194 7632 212.749700 0.128640 0.008681 9689 
1230073426 42626 166225 7.799231 229 5197 7651 213.243701 0.128509 0.008610 9709 
1230173426 42765 166837 7.802502 229 5197 7679 213.603928 0.128487 0.008675 9735 
1230273426 42887 167345 7.803997 229 5202 7702 213.796675 0.128561 0.008757 9749 
1230373426 43006 167810 7.804027 229 5224 7717 213.952053 0.128610 0.008748 9761 
1230473426 43126 168323 7.806103 229 5237 7729 214.104577 0.128715 0.008713 9773 
1230573426 43313 169052 7.806063 231 5273 7755 214.313162 0.128841 0.008700 9805 
1230673426 43538 169862 7.802931 232 5321 7776 214.412008 0.128892 0.008771 9835 
1230773426 43759 170683 7.801047 233 5328 7843 214.519665 0.129149 0.008668 9864 
1230873426 43928 171303 7.799262 233 5354 7861 214.594655 0.129359 0.008577 9882 
1230973426 44100 171970 7.799093 233 5385 7880 214.753515 0.129396 0.008513 9902 
1231073426 44197 172531 7.807362 235 5380 7886 215.194968 0.129068 0.008462 9917 
1231173426 44341 173202 7.812273 235 5372 7924 215.511152 0.129239 0.008389 9942 
1231273426 44489 174122 7.827643 236 5340 7945 216.400593 0.129090 0.008394 9991 
1231373426 44625 175014 7.843765 236 5305 7953 217.217300 0.128825 0.008307 10025 
1231473426 44748 175872 7.860552 236 5264 7947 218.030929 0.128724 0.008223 10046 
1231573426 44847 176602 7.875755 238 5229 7947 218.859901 0.128319 0.008191 10076 
1231673426 44930 177143 7.885288 240 5223 7931 219.358602 0.128118 0.008177 10097 
1231773426 45024 177769 7.896633 240 5200 7907 219.925773 0.128134 0.008117 10120 
1231873426 45149 178600 7.911582 240 5172 7904 220.777071 0.127485 0.008093 10151 
1231973426 45266 179424 7.927539 241 5128 7916 221.589847 0.127451 0.008086 10180 
1232073426 45375 180181 7.941862 243 5087 7926 222.352617 0.127401 0.008001 10211 
1232173426 45486 180930 7.955415 243 5068 7923 223.114057 0.127104 0.008001 10245 
1232273426 45569 181512 7.966468 243 5042 7917 223.636815 0.127209 0.007963 10258 
1232373426 45625 182035 7.979616 244 5022 7909 224.260822 0.127085 0.007902 10267 
1232473426 45717 182766 7.995538 244 4997 7881 225.011615 0.127193 0.007837 10295 
1232573426 45806 183368 8.006287 244 4986 7861 225.577348 0.127059 0.007774 10312 
1232673426 45813 183412 8.006985 244 4983 7866 225.618711 0.127053 0.007771 10314 
