Timestamp NoNodes NoLinks AverageDegree MaxDeg Singletons Doubletons MeanSquaredDeg Assortativity AverageClustering TriCount 
1165073426 0 0 0.000000 0 0 0 0.000000 0.000000 0.000000 0 
1165173426 8001 18422 4.604924 46 2057 1322 42.228721 0.207735 0.091253 4166 
1165273426 8038 18564 4.619059 46 2069 1326 42.598408 0.206676 0.091533 4214 
1165373426 8076 18711 4.633730 46 2094 1313 42.960624 0.207140 0.090886 4252 
1165473426 8111 18879 4.655160 46 2109 1310 43.470349 0.206006 0.091505 4319 
1165573426 8137 18988 4.667076 46 2113 1316 43.706526 0.204945 0.092514 4363 
1165673426 8160 19095 4.680147 48 2117 1319 44.035539 0.203638 0.094017 4427 
1165773426 8181 19173 4.687202 48 2126 1315 44.225889 0.204037 0.094643 4471 
1165873426 8215 19299 4.698478 48 2133 1313 44.496896 0.204101 0.095387 4509 
1165973426 8257 19435 4.707521 48 2147 1325 44.753542 0.204694 0.094735 4535 
1166073426 8298 19602 4.724512 49 2141 1346 45.080019 0.204357 0.096202 4590 
1166173426 8328 19726 4.737272 49 2154 1334 45.397214 0.205929 0.096434 4638 
1166273426 8346 19822 4.750060 49 2149 1347 45.667386 0.206391 0.096594 4682 
1166373426 8359 19918 4.765642 49 2148 1352 46.024883 0.206266 0.097100 4729 
1166473426 8389 20042 4.778162 50 2156 1356 46.306592 0.205212 0.096999 4767 
1166573426 8415 20171 4.794058 50 2162 1362 46.681165 0.203668 0.097531 4817 
1166673426 8447 20313 4.809518 50 2175 1360 47.031846 0.203322 0.097671 4867 
1166773426 8476 20461 4.827985 50 2183 1364 47.456111 0.202074 0.098068 4912 
1166873426 8504 20566 4.836783 51 2193 1366 47.680856 0.202731 0.098349 4954 
1166973426 8516 20633 4.845702 51 2194 1361 47.837013 0.202538 0.098883 4975 
1167073426 8538 20763 4.863668 52 2197 1357 48.237526 0.201625 0.098896 5031 
1167173426 8558 20871 4.877541 52 2191 1366 48.546389 0.202069 0.099732 5070 
1167273426 8582 20982 4.889769 52 2199 1365 48.838499 0.202052 0.099771 5108 
1167373426 8612 21105 4.901301 52 2211 1367 49.224106 0.201239 0.099765 5142 
1167473426 8635 21213 4.913260 52 2218 1365 49.506891 0.200410 0.100042 5175 
1167573426 8648 21284 4.922294 52 2222 1367 49.708141 0.200083 0.100298 5206 
1167673426 8671 21385 4.932534 53 2230 1367 49.983854 0.199311 0.100463 5234 
1167773426 8697 21503 4.944924 54 2229 1371 50.278257 0.198578 0.100444 5274 
1167873426 8735 21623 4.950887 54 2250 1367 50.513795 0.199133 0.100114 5307 
1167973426 8765 21750 4.962921 54 2256 1375 50.874387 0.197798 0.100954 5345 
1168073426 8787 21837 4.970297 54 2264 1377 51.089792 0.197676 0.100963 5374 
1168173426 8813 21931 4.976966 54 2272 1380 51.281289 0.197343 0.100974 5409 
1168273426 8844 22043 4.984848 54 2285 1379 51.507915 0.197494 0.101002 5449 
1168373426 8874 22175 4.997746 54 2295 1390 51.892270 0.198096 0.100754 5500 
1168473426 8905 22305 5.009545 54 2306 1386 52.153397 0.197926 0.100871 5543 
1168573426 8934 22435 5.022386 54 2319 1379 52.472353 0.197586 0.100759 5592 
1168673426 8958 22532 5.030587 54 2328 1384 52.713329 0.198545 0.101025 5634 
1168773426 8980 22623 5.038530 54 2333 1388 52.938976 0.197335 0.101338 5659 
1168873426 9004 22704 5.043092 54 2341 1395 53.093514 0.197641 0.101491 5691 
1168973426 9035 22847 5.057443 54 2345 1411 53.510349 0.197202 0.102066 5755 
1169073426 9073 22983 5.066240 54 2357 1414 53.816599 0.197774 0.102116 5800 
1169173426 9104 23131 5.081503 54 2358 1425 54.229350 0.198626 0.102699 5863 
1169273426 9133 23254 5.092303 54 2370 1428 54.529508 0.198511 0.102254 5906 
1169373426 9152 23362 5.105332 55 2367 1438 54.901224 0.198790 0.102375 5942 
1169473426 9178 23459 5.112007 55 2381 1437 55.094138 0.198493 0.102700 5979 
1169573426 9209 23582 5.121512 57 2397 1439 55.369964 0.198235 0.102524 6012 
1169673426 9239 23733 5.137569 57 2403 1443 55.826388 0.196442 0.102990 6058 
1169773426 9280 23891 5.148922 57 2417 1446 56.155819 0.196533 0.102751 6103 
1169873426 9310 24009 5.157680 58 2428 1454 56.463588 0.196882 0.102554 6144 
1169973426 9330 24116 5.169561 58 2418 1470 56.723044 0.197402 0.102646 6177 
1170073426 9351 24229 5.182120 58 2422 1471 57.079671 0.197613 0.102367 6217 
1170173426 9380 24375 5.197228 58 2424 1474 57.455864 0.197036 0.102789 6265 
1170273426 9420 24550 5.212314 58 2436 1478 57.949045 0.195979 0.103058 6330 
1170373426 9448 24733 5.235605 60 2436 1472 58.565622 0.195195 0.103293 6399 
1170473426 9479 24909 5.255618 61 2445 1468 59.081338 0.195221 0.103468 6465 
1170573426 9508 25041 5.267354 61 2452 1467 59.381784 0.195420 0.103815 6511 
1170673426 9532 25164 5.279899 61 2453 1476 59.718632 0.194514 0.104590 6548 
1170773426 9559 25282 5.289675 61 2456 1487 60.021969 0.194023 0.104604 6590 
1170873426 9601 25431 5.297573 61 2473 1483 60.291220 0.193420 0.104634 6639 
1170973426 9630 25603 5.317342 61 2473 1492 60.818692 0.193972 0.104878 6709 
1171073426 9666 25752 5.328367 61 2480 1494 61.128699 0.194426 0.105381 6755 
1171173426 9697 25886 5.338971 61 2493 1493 61.437146 0.194511 0.105141 6794 
1171273426 9724 26026 5.352941 61 2498 1497 61.857466 0.194072 0.104911 6836 
1171373426 9748 26181 5.371563 61 2506 1481 62.329709 0.193602 0.104942 6902 
1171473426 9793 26339 5.379148 61 2520 1497 62.618401 0.194223 0.104905 6947 
1171573426 9834 26536 5.396787 61 2522 1515 63.158633 0.195399 0.104848 7023 
1171673426 9865 26659 5.404764 62 2542 1501 63.462950 0.196014 0.104627 7071 
1171773426 9879 26732 5.411884 62 2549 1498 63.668995 0.196208 0.104097 7094 
1171873426 9892 26800 5.418520 62 2550 1501 63.853619 0.196386 0.104439 7124 
1171973426 9907 26878 5.426062 62 2551 1502 64.065610 0.196667 0.104604 7162 
1172073426 9924 26973 5.435913 62 2547 1511 64.310762 0.196428 0.105384 7217 
1172173426 9956 27135 5.450984 62 2551 1523 64.870832 0.195771 0.105400 7273 
1172273426 9982 27314 5.472651 65 2554 1521 65.503506 0.194569 0.105462 7351 
1172373426 10006 27430 5.482710 65 2556 1530 65.768539 0.194630 0.105389 7392 
1172473426 10038 27571 5.493325 66 2566 1529 66.139669 0.194107 0.105990 7447 
1172573426 10072 27771 5.514496 66 2564 1536 66.682883 0.193568 0.105949 7512 
1172673426 10105 27937 5.529342 66 2568 1543 67.107175 0.193581 0.106205 7571 
1172773426 10132 28128 5.552310 67 2566 1546 67.783261 0.192899 0.106439 7653 
1172873426 10164 28290 5.566706 67 2574 1554 68.263479 0.193071 0.106428 7709 
1172973426 10186 28381 5.572551 67 2583 1557 68.461221 0.193448 0.106515 7742 
1173073426 10221 28541 5.584776 67 2600 1560 68.921632 0.192791 0.106356 7813 
1173173426 10252 28736 5.605931 68 2609 1552 69.570230 0.191996 0.106223 7888 
1173273426 10283 28917 5.624234 68 2608 1560 70.063017 0.192578 0.105712 7957 
1173373426 10310 29095 5.644035 68 2611 1561 70.656450 0.192212 0.105803 8028 
1173473426 10344 29265 5.658353 69 2615 1566 71.176527 0.192198 0.105818 8104 
1173573426 10365 29382 5.669465 69 2618 1573 71.512397 0.192666 0.106266 8158 
1173673426 10383 29486 5.679669 69 2621 1578 71.834730 0.192742 0.106287 8202 
1173773426 10415 29650 5.693711 69 2629 1582 72.253481 0.192694 0.107026 8275 
1173873426 10451 29809 5.704526 69 2640 1590 72.601282 0.192119 0.106998 8321 
1173973426 10473 29988 5.726726 69 2644 1585 73.273561 0.190761 0.106653 8383 
1174073426 10507 30141 5.737318 69 2655 1587 73.637385 0.190287 0.107051 8437 
1174173426 10529 30275 5.750784 69 2657 1583 74.000190 0.189551 0.107069 8482 
1174273426 10548 30401 5.764316 69 2650 1589 74.351725 0.188918 0.107308 8530 
1174373426 10585 30585 5.778932 69 2660 1588 74.861219 0.188357 0.107029 8600 
1174473426 10616 30730 5.789375 69 2666 1597 75.185757 0.188530 0.106388 8640 
1174573426 10641 30891 5.806033 71 2667 1606 75.725214 0.187580 0.106775 8717 
1174673426 10673 31063 5.820856 71 2671 1619 76.213811 0.188056 0.107073 8788 
1174773426 10693 31168 5.829608 72 2680 1619 76.572150 0.187824 0.107031 8838 
1174873426 10717 31275 5.836521 72 2688 1624 76.830830 0.188164 0.106644 8872 
1174973426 10761 31452 5.845553 72 2701 1635 77.138370 0.188192 0.106563 8940 
1175073426 10788 31598 5.857990 72 2700 1650 77.508343 0.187919 0.106808 8994 
1175173426 10817 31740 5.868540 72 2705 1652 77.922529 0.187076 0.107226 9049 
1175273426 10847 31876 5.877385 73 2717 1648 78.290956 0.186667 0.106887 9091 
1175373426 10870 32001 5.887948 73 2724 1649 78.668629 0.186240 0.106980 9146 
1175473426 10881 32083 5.897068 73 2724 1649 78.962228 0.185429 0.106933 9175 
1175573426 10910 32256 5.913107 74 2723 1651 79.461228 0.184976 0.107080 9238 
1175673426 10931 32393 5.926814 74 2725 1649 79.965236 0.184787 0.107300 9291 
1175773426 10949 32519 5.940086 74 2722 1653 80.409900 0.185053 0.107421 9341 
1175873426 10982 32628 5.942087 74 2743 1655 80.589510 0.184668 0.107008 9368 
1175973426 11005 32749 5.951658 74 2752 1657 80.934848 0.183725 0.106592 9404 
1176073426 11031 32860 5.957755 74 2762 1659 81.194089 0.183809 0.106663 9451 
1176173426 11060 33037 5.974141 74 2761 1673 81.762025 0.183179 0.107044 9522 
1176273426 11108 33286 5.993158 74 2773 1690 82.439863 0.183295 0.107451 9618 
1176373426 11128 33409 6.004493 75 2775 1689 82.812185 0.183218 0.107347 9670 
1176473426 11152 33535 6.014168 75 2777 1693 83.145265 0.182391 0.107421 9709 
1176573426 11170 33647 6.024530 75 2776 1700 83.458729 0.182059 0.107831 9765 
1176673426 11190 33758 6.033601 75 2786 1694 83.773190 0.181973 0.107718 9802 
1176773426 11219 33956 6.053302 75 2786 1699 84.415010 0.181859 0.108273 9889 
1176873426 11255 34181 6.073923 75 2786 1706 85.078987 0.181936 0.109042 9982 
1176973426 11282 34332 6.086155 75 2783 1718 85.473143 0.182303 0.109349 10037 
1177073426 11321 34506 6.095928 75 2791 1726 85.866266 0.182918 0.109200 10099 
1177173426 11346 34619 6.102415 75 2799 1727 86.148951 0.182766 0.109167 10146 
1177273426 11364 34721 6.110700 75 2798 1726 86.388948 0.182609 0.109744 10185 
1177373426 11393 34887 6.124287 75 2800 1736 86.852278 0.182036 0.110904 10256 
1177473426 11419 35081 6.144321 75 2799 1742 87.579823 0.180787 0.111680 10335 
1177573426 11454 35261 6.156976 75 2809 1747 88.056225 0.180363 0.111762 10409 
1177673426 11491 35419 6.164651 75 2830 1732 88.409190 0.180624 0.111720 10471 
1177773426 11516 35534 6.171240 75 2843 1727 88.733762 0.180362 0.111693 10521 
1177873426 11536 35645 6.179785 75 2843 1730 89.046290 0.179984 0.112053 10561 
1177973426 11576 35835 6.191258 76 2851 1735 89.537491 0.179593 0.112188 10629 
1178073426 11609 36023 6.206047 76 2862 1734 90.124214 0.179855 0.112023 10717 
1178173426 11641 36207 6.220600 77 2866 1743 90.644103 0.179974 0.112252 10795 
1178273426 11661 36331 6.231198 77 2871 1744 91.042792 0.180039 0.111881 10840 
1178373426 11685 36484 6.244587 77 2875 1745 91.525032 0.179567 0.112223 10905 
1178473426 11711 36599 6.250363 77 2884 1748 91.772351 0.179236 0.112349 10944 
1178573426 11733 36780 6.269496 77 2875 1764 92.428364 0.178095 0.112558 11008 
1178673426 11765 36974 6.285423 77 2888 1756 92.970676 0.177708 0.112062 11083 
1178773426 11804 37157 6.295662 78 2898 1759 93.383260 0.178512 0.111472 11164 
1178873426 11834 37320 6.307250 78 2904 1753 93.802772 0.178435 0.111349 11233 
1178973426 11849 37398 6.312431 78 2904 1762 94.044054 0.177715 0.111605 11266 
1179073426 11876 37522 6.318963 78 2916 1758 94.344224 0.178058 0.111891 11312 
1179173426 11910 37704 6.331486 80 2923 1759 94.920235 0.177173 0.112382 11391 
1179273426 11941 37893 6.346705 80 2924 1763 95.539067 0.175956 0.113113 11492 
1179373426 11980 38066 6.354925 80 2949 1750 95.856260 0.176010 0.112699 11567 
1179473426 12010 38240 6.368027 80 2954 1754 96.349209 0.176567 0.112678 11639 
1179573426 12027 38366 6.379978 80 2963 1748 96.829800 0.176470 0.112436 11692 
1179673426 12044 38462 6.386915 80 2962 1757 97.084025 0.176262 0.112386 11726 
1179773426 12066 38619 6.401293 80 2957 1764 97.633184 0.175706 0.112733 11783 
1179873426 12091 38770 6.413034 80 2955 1768 98.052767 0.175867 0.113172 11847 
1179973426 12135 39001 6.427853 80 2966 1773 98.708529 0.174822 0.112959 11943 
1180073426 12170 39212 6.444043 81 2968 1787 99.332457 0.173848 0.113237 12025 
1180173426 12189 39325 6.452539 81 2972 1788 99.732218 0.174499 0.113479 12083 
1180273426 12206 39428 6.460429 82 2978 1789 100.089792 0.174186 0.113504 12124 
1180373426 12241 39578 6.466465 82 2992 1796 100.427089 0.173543 0.112987 12176 
1180473426 12265 39759 6.483327 82 2999 1793 101.096453 0.173332 0.112750 12258 
1180573426 12300 39995 6.503252 82 2993 1815 101.848618 0.173654 0.112996 12355 
1180673426 12330 40181 6.517599 82 3004 1813 102.531549 0.173538 0.113206 12453 
1180773426 12352 40321 6.528659 82 2994 1833 102.919851 0.173488 0.113153 12516 
1180873426 12370 40415 6.534357 82 2993 1838 103.126758 0.173377 0.113622 12556 
1180973426 12392 40528 6.540994 82 2998 1843 103.425759 0.173322 0.113249 12594 
1181073426 12441 40702 6.543204 82 3023 1842 103.680251 0.173352 0.112555 12657 
1181173426 12477 40864 6.550293 82 3036 1851 104.089925 0.173439 0.112750 12714 
1181273426 12519 41038 6.556115 83 3054 1854 104.457864 0.173775 0.112802 12798 
1181373426 12547 41162 6.561250 83 3066 1853 104.752212 0.173687 0.112591 12851 
1181473426 12573 41272 6.565179 84 3079 1852 105.031735 0.172810 0.112470 12893 
1181573426 12596 41410 6.575103 84 3078 1850 105.411400 0.172816 0.112580 12949 
1181673426 12635 41617 6.587574 85 3075 1870 105.923862 0.172888 0.113043 13039 
1181773426 12685 41824 6.594245 85 3097 1865 106.373197 0.172314 0.113010 13124 
1181873426 12720 42032 6.608805 85 3100 1887 107.014465 0.172217 0.113377 13210 
1181973426 12746 42191 6.620273 85 3104 1889 107.482347 0.171745 0.113602 13287 
1182073426 12774 42333 6.627994 85 3116 1888 107.784249 0.171626 0.113483 13345 
1182173426 12799 42472 6.636768 85 3118 1894 108.099539 0.171331 0.113803 13399 
1182273426 12829 42655 6.649778 85 3127 1897 108.634032 0.171426 0.113677 13490 
1182373426 12859 42827 6.661016 85 3132 1902 109.112217 0.171330 0.113664 13552 
1182473426 12900 43038 6.672558 85 3136 1918 109.580465 0.171041 0.113916 13627 
1182573426 12934 43220 6.683161 87 3147 1912 110.116747 0.171097 0.113973 13710 
1182673426 12958 43355 6.691619 87 3145 1928 110.508875 0.170368 0.113824 13758 
1182773426 12996 43496 6.693752 87 3160 1936 110.728840 0.170821 0.114099 13811 
1182873426 13040 43697 6.701994 87 3181 1933 111.193405 0.170759 0.113421 13883 
1182973426 13075 43858 6.708681 88 3191 1942 111.540191 0.170167 0.113198 13942 
1183073426 13122 44047 6.713458 88 3208 1951 111.859930 0.169695 0.113390 14003 
1183173426 13153 44210 6.722421 88 3215 1951 112.259865 0.169436 0.113273 14071 
1183273426 13173 44329 6.730282 88 3218 1954 112.597890 0.169702 0.113172 14120 
1183373426 13199 44472 6.738692 88 3225 1955 112.932192 0.169317 0.113135 14181 
1183473426 13237 44679 6.750623 88 3235 1955 113.455315 0.168586 0.113437 14259 
1183573426 13285 44855 6.752729 88 3256 1970 113.737599 0.168039 0.113186 14322 
1183673426 13314 45017 6.762355 88 3262 1974 114.166441 0.168240 0.113294 14387 
1183773426 13343 45231 6.779735 89 3264 1976 114.849284 0.168498 0.113389 14501 
1183873426 13377 45391 6.786424 90 3274 1987 115.270389 0.167884 0.113195 14565 
1183973426 13409 45543 6.792900 90 3286 1990 115.645611 0.168131 0.113058 14629 
1184073426 13452 45718 6.797205 90 3305 1987 115.975468 0.167866 0.112484 14686 
1184173426 13486 45911 6.808690 91 3313 1993 116.543230 0.167418 0.112528 14761 
1184273426 13521 46120 6.821981 91 3312 2006 117.182309 0.166752 0.112772 14848 
1184373426 13556 46314 6.832989 91 3328 1993 117.682797 0.166306 0.112489 14926 
1184473426 13569 46448 6.846194 91 3317 2002 118.140615 0.165981 0.112810 14990 
1184573426 13598 46651 6.861450 91 3315 2007 118.777320 0.165627 0.112745 15091 
1184673426 13636 46844 6.870637 91 3324 2019 119.165151 0.166287 0.112663 15172 
1184773426 13683 47033 6.874662 91 3337 2033 119.460206 0.166634 0.112372 15236 
1184873426 13726 47263 6.886638 91 3349 2045 120.055369 0.166457 0.112660 15343 
1184973426 13772 47466 6.893116 92 3374 2035 120.485768 0.166414 0.112436 15418 
1185073426 13811 47618 6.895663 92 3385 2043 120.739121 0.166600 0.112524 15472 
1185173426 13840 47764 6.902312 92 3395 2044 121.081069 0.166276 0.112129 15526 
1185273426 13867 47906 6.909353 92 3395 2061 121.417033 0.165974 0.112344 15588 
1185373426 13906 48076 6.914425 92 3405 2068 121.780958 0.165709 0.112270 15651 
1185473426 13942 48266 6.923827 92 3407 2085 122.297375 0.165589 0.112593 15745 
1185573426 13986 48454 6.928929 93 3431 2088 122.694552 0.165648 0.112339 15833 
1185673426 14010 48580 6.935046 94 3435 2098 123.020985 0.165424 0.112261 15896 
1185773426 14051 48764 6.941001 94 3450 2099 123.379973 0.165435 0.111834 15973 
1185873426 14090 48960 6.949610 94 3465 2098 123.886870 0.165455 0.111672 16057 
1185973426 14118 49132 6.960193 94 3467 2099 124.307976 0.165469 0.112014 16139 
1186073426 14159 49333 6.968430 94 3475 2108 124.775620 0.165395 0.111520 16209 
1186173426 14208 49547 6.974521 94 3483 2118 125.132601 0.165146 0.111780 16297 
1186273426 14234 49698 6.982998 94 3488 2116 125.620627 0.164814 0.111758 16375 
1186373426 14272 49879 6.989770 94 3502 2114 125.956698 0.164799 0.111797 16447 
1186473426 14315 50120 7.002445 96 3507 2126 126.652462 0.164537 0.111818 16532 
1186573426 14348 50334 7.016170 97 3508 2138 127.284918 0.164497 0.112143 16622 
1186673426 14387 50583 7.031765 97 3506 2148 128.014736 0.164616 0.112539 16721 
1186773426 14425 50777 7.040139 97 3514 2156 128.503847 0.164512 0.112497 16811 
1186873426 14455 50919 7.045175 97 3523 2160 128.760982 0.164768 0.112802 16871 
1186973426 14478 51059 7.053322 97 3524 2164 129.215085 0.164590 0.112861 16956 
1187073426 14511 51236 7.061677 97 3531 2175 129.692509 0.164257 0.112630 17035 
1187173426 14547 51436 7.071699 97 3542 2171 130.182581 0.164499 0.112674 17108 
1187273426 14584 51600 7.076248 97 3549 2177 130.517279 0.164331 0.113219 17182 
1187373426 14615 51802 7.088881 97 3553 2178 131.138009 0.165133 0.113320 17275 
1187473426 14643 51981 7.099775 98 3551 2190 131.675067 0.164860 0.113194 17370 
1187573426 14669 52136 7.108324 99 3556 2193 132.103893 0.164770 0.113307 17444 
1187673426 14702 52373 7.124609 99 3549 2202 132.849000 0.165322 0.113779 17566 
1187773426 14744 52537 7.126560 99 3569 2193 133.028893 0.165566 0.113403 17616 
1187873426 14778 52694 7.131412 99 3587 2186 133.299499 0.165904 0.113244 17687 
1187973426 14824 52879 7.134242 99 3594 2208 133.544927 0.165931 0.113217 17762 
1188073426 14851 53058 7.145377 99 3593 2216 134.035149 0.165673 0.113094 17829 
1188173426 14876 53233 7.156897 99 3596 2214 134.590616 0.165622 0.113187 17918 
1188273426 14916 53463 7.168544 99 3593 2234 135.148297 0.166105 0.113481 18012 
1188373426 14953 53667 7.178091 99 3605 2235 135.589246 0.166355 0.113445 18096 
1188473426 14981 53846 7.188572 99 3598 2246 136.086376 0.166445 0.113592 18176 
1188573426 15010 54020 7.197868 99 3598 2255 136.556829 0.166697 0.113857 18260 
1188673426 15039 54173 7.204335 100 3606 2265 136.998205 0.166673 0.113866 18333 
1188773426 15070 54326 7.209821 101 3612 2268 137.303915 0.166643 0.113969 18397 
1188873426 15096 54462 7.215421 101 3616 2273 137.631558 0.166157 0.114121 18454 
1188973426 15135 54687 7.226561 102 3619 2285 138.233895 0.166124 0.114326 18554 
1189073426 15174 54898 7.235798 102 3617 2294 138.764334 0.165393 0.114328 18644 
1189173426 15207 55073 7.243112 102 3623 2290 139.131321 0.165414 0.114187 18723 
1189273426 15246 55233 7.245573 102 3636 2290 139.381084 0.164896 0.114526 18793 
1189373426 15273 55399 7.254501 102 3637 2289 139.786944 0.164535 0.114496 18854 
1189473426 15333 55628 7.255984 102 3669 2291 140.106828 0.165166 0.114141 18945 
1189573426 15376 55846 7.264048 102 3677 2306 140.626431 0.164561 0.114309 19044 
1189673426 15418 56013 7.265923 103 3701 2299 140.898949 0.164225 0.114553 19104 
1189773426 15441 56152 7.273104 103 3710 2302 141.356259 0.164133 0.114684 19172 
1189873426 15480 56321 7.276615 103 3727 2300 141.694444 0.163962 0.114400 19243 
1189973426 15510 56483 7.283430 103 3732 2308 142.067698 0.163882 0.114120 19321 
1190073426 15563 56697 7.286127 103 3754 2321 142.451712 0.163951 0.114133 19408 
1190173426 15612 56943 7.294773 103 3753 2340 142.956572 0.163950 0.114262 19505 
1190273426 15667 57184 7.299930 104 3770 2356 143.370141 0.163817 0.114166 19597 
1190373426 15714 57405 7.306224 105 3777 2366 143.786560 0.163807 0.114486 19688 
1190473426 15750 57574 7.310984 105 3797 2358 144.164825 0.163484 0.113861 19757 
1190573426 15795 57726 7.309402 106 3813 2370 144.282874 0.163267 0.113887 19814 
1190673426 15846 57909 7.308974 107 3844 2373 144.520762 0.163318 0.113516 19882 
1190773426 15914 58135 7.306146 107 3871 2394 144.708056 0.163316 0.113372 19970 
1190873426 15965 58393 7.315127 108 3873 2410 145.265644 0.163509 0.113207 20076 
1190973426 16013 58601 7.319178 108 3890 2415 145.568226 0.164074 0.112955 20148 
1191073426 16050 58731 7.318505 108 3910 2421 145.766106 0.164304 0.112746 20203 
1191173426 16092 58872 7.316928 108 3933 2428 145.943947 0.164295 0.112393 20248 
1191273426 16160 59099 7.314233 108 3967 2434 146.125371 0.164438 0.112197 20337 
1191373426 16211 59360 7.323422 109 3980 2436 146.615261 0.164488 0.111941 20454 
1191473426 16270 59588 7.324892 109 4015 2428 146.982299 0.164860 0.111500 20558 
1191573426 16322 59794 7.326798 109 4029 2449 147.327778 0.164725 0.111723 20642 
1191673426 16367 59948 7.325472 109 4043 2457 147.444492 0.164897 0.111890 20697 
1191773426 16400 60066 7.325122 109 4063 2455 147.571341 0.165103 0.111689 20748 
1191873426 16443 60279 7.331874 109 4086 2448 148.071885 0.165328 0.111724 20865 
1191973426 16499 60514 7.335475 109 4091 2469 148.440996 0.164905 0.111468 20947 
1192073426 16556 60719 7.334984 109 4114 2483 148.658009 0.164960 0.111527 21025 
1192173426 16607 60919 7.336545 109 4133 2491 149.022099 0.164410 0.111568 21105 
1192273426 16641 61047 7.336939 110 4156 2485 149.169761 0.164232 0.111472 21161 
1192373426 16670 61168 7.338692 110 4166 2495 149.386803 0.164514 0.111723 21226 
1192473426 16707 61348 7.343988 110 4176 2497 149.800323 0.164251 0.111511 21308 
1192573426 16758 61601 7.351832 111 4194 2500 150.443012 0.163573 0.111180 21419 
1192673426 16810 61836 7.357049 111 4212 2508 150.931707 0.163798 0.111245 21525 
1192773426 16874 62062 7.355932 112 4250 2497 151.235273 0.163760 0.110839 21610 
1192873426 16902 62194 7.359366 112 4259 2500 151.488226 0.163835 0.110508 21656 
1192973426 16920 62277 7.361348 113 4263 2505 151.709456 0.163816 0.110392 21703 
1193073426 16949 62425 7.366216 113 4269 2513 152.078943 0.164106 0.110667 21777 
1193173426 16990 62665 7.376692 113 4288 2508 152.763155 0.163967 0.110294 21902 
1193273426 17044 62892 7.379958 113 4307 2525 153.117695 0.164325 0.110370 21994 
1193373426 17101 63101 7.379802 113 4333 2537 153.452781 0.164580 0.110292 22092 
1193473426 17124 63240 7.386125 113 4332 2550 153.809624 0.164545 0.110272 22167 
1193573426 17146 63325 7.386562 114 4346 2554 154.035927 0.164686 0.110276 22220 
1193673426 17174 63434 7.387213 114 4361 2558 154.193199 0.164583 0.110173 22266 
1193773426 17221 63647 7.391789 114 4377 2563 154.587538 0.164578 0.110064 22355 
1193873426 17264 63829 7.394462 114 4397 2557 154.887975 0.164533 0.109732 22432 
1193973426 17302 64026 7.400994 114 4409 2556 155.345162 0.164233 0.109887 22524 
1194073426 17340 64183 7.402884 114 4429 2563 155.629296 0.164395 0.109883 22590 
1194173426 17360 64308 7.408756 114 4428 2572 155.964631 0.164231 0.109821 22632 
1194273426 17394 64444 7.409911 114 4448 2565 156.185811 0.164354 0.109869 22694 
1194373426 17446 64652 7.411670 114 4473 2566 156.537544 0.164420 0.110242 22801 
1194473426 17482 64854 7.419517 114 4486 2561 157.032262 0.164243 0.110055 22900 
1194573426 17528 65086 7.426518 115 4497 2571 157.507417 0.164257 0.109379 22997 
1194673426 17576 65273 7.427515 115 4524 2573 157.843423 0.164111 0.109118 23086 
1194773426 17604 65401 7.430243 117 4529 2584 158.113156 0.164251 0.109273 23146 
1194873426 17636 65535 7.431957 117 4545 2585 158.323089 0.164519 0.109284 23206 
1194973426 17687 65767 7.436761 117 4561 2603 158.747781 0.164980 0.109346 23312 
1195073426 17734 65976 7.440623 117 4588 2599 159.218450 0.164557 0.109465 23420 
1195173426 17779 66179 7.444626 117 4608 2598 159.603577 0.164695 0.109516 23505 
1195273426 17826 66348 7.443958 117 4633 2600 159.799843 0.164510 0.109664 23572 
1195373426 17848 66480 7.449574 117 4640 2595 160.157441 0.164108 0.109552 23624 
1195473426 17879 66617 7.451983 117 4649 2603 160.408860 0.164107 0.109380 23690 
1195573426 17919 66825 7.458564 118 4662 2614 160.889782 0.164212 0.109037 23804 
1195673426 17955 66996 7.462657 118 4675 2615 161.237761 0.163748 0.108864 23873 
1195773426 17980 67120 7.466073 118 4684 2614 161.516574 0.163698 0.108706 23918 
1195873426 18006 67225 7.466955 118 4698 2616 161.701100 0.163452 0.108705 23961 
1195973426 18030 67358 7.471769 118 4707 2621 162.022740 0.163431 0.108491 24025 
1196073426 18050 67512 7.480554 118 4710 2622 162.508366 0.163016 0.108412 24099 
1196173426 18096 67706 7.482980 118 4735 2624 162.901415 0.162824 0.108507 24192 
1196273426 18139 67902 7.486852 118 4754 2631 163.325321 0.162994 0.108716 24301 
1196373426 18181 68092 7.490457 118 4762 2649 163.682086 0.163135 0.109010 24390 
1196473426 18214 68274 7.496871 118 4768 2650 164.140222 0.162857 0.109182 24474 
1196573426 18239 68399 7.500302 119 4776 2654 164.400790 0.162661 0.109054 24530 
1196673426 18272 68529 7.500985 120 4788 2668 164.592820 0.162528 0.109014 24583 
1196773426 18295 68702 7.510467 120 4790 2670 165.131675 0.162411 0.108989 24667 
1196873426 18325 68891 7.518799 121 4799 2669 165.649877 0.162240 0.109036 24764 
1196973426 18363 69059 7.521538 122 4808 2683 165.958286 0.161932 0.109426 24836 
1197073426 18402 69267 7.528203 122 4830 2668 166.479948 0.161680 0.109446 24941 
1197173426 18427 69409 7.533402 123 4838 2668 166.839529 0.161849 0.109886 25016 
1197273426 18464 69542 7.532712 123 4855 2673 166.980394 0.162043 0.109887 25075 
1197373426 18499 69682 7.533596 124 4872 2679 167.252284 0.161945 0.109819 25135 
1197473426 18536 69863 7.538088 124 4876 2699 167.570565 0.161781 0.109873 25214 
1197573426 18574 70032 7.540864 124 4888 2710 167.893399 0.161575 0.109782 25287 
1197673426 18614 70192 7.541850 124 4911 2715 168.216396 0.161150 0.109696 25357 
1197773426 18640 70302 7.543133 124 4922 2721 168.410086 0.160952 0.109686 25412 
1197873426 18673 70447 7.545333 125 4932 2726 168.615113 0.161087 0.109919 25479 
1197973426 18697 70556 7.547307 125 4941 2726 168.743970 0.161106 0.109977 25516 
1198073426 18741 70705 7.545489 125 4957 2744 168.886932 0.160844 0.109939 25563 
1198173426 18790 70865 7.542842 127 4986 2748 169.026397 0.160410 0.109670 25628 
1198273426 18825 71022 7.545498 127 4996 2752 169.304011 0.160323 0.109918 25702 
1198373426 18852 71141 7.547316 127 5000 2768 169.500000 0.160284 0.109812 25750 
1198473426 18873 71235 7.548879 127 5005 2774 169.687172 0.160001 0.109755 25788 
1198573426 18892 71349 7.553356 128 5010 2772 169.988143 0.159668 0.109585 25833 
1198673426 18899 71412 7.557225 128 5010 2767 170.145828 0.159895 0.109639 25862 
1198773426 18923 71513 7.558315 128 5019 2778 170.361888 0.159770 0.109509 25901 
1198873426 18948 71666 7.564492 128 5023 2780 170.759658 0.159555 0.109708 25975 
1198973426 18971 71822 7.571767 128 5034 2774 171.166306 0.159551 0.109740 26041 
1199073426 19008 71956 7.571128 129 5056 2783 171.379419 0.159420 0.109729 26105 
1199173426 19033 72083 7.574528 129 5058 2796 171.670362 0.159418 0.109906 26173 
1199273426 19060 72219 7.578069 129 5068 2806 171.944491 0.159391 0.110131 26230 
1199373426 19093 72336 7.577227 129 5083 2811 172.090085 0.159479 0.110304 26277 
1199473426 19121 72471 7.580252 129 5092 2815 172.399874 0.159385 0.110271 26343 
1199573426 19150 72585 7.580679 129 5110 2818 172.600522 0.159246 0.110105 26401 
1199673426 19188 72694 7.577027 129 5125 2830 172.596727 0.159219 0.110041 26439 
1199773426 19215 72832 7.580744 129 5142 2821 172.921780 0.159218 0.109994 26503 
1199873426 19238 72950 7.583948 129 5155 2818 173.204283 0.159270 0.109794 26563 
1199973426 19263 73074 7.586980 129 5169 2816 173.460105 0.159232 0.109732 26618 
1200073426 19305 73210 7.584564 129 5195 2816 173.622688 0.158932 0.109774 26672 
1200173426 19337 73348 7.586285 129 5212 2822 173.847443 0.158853 0.109558 26732 
1200273426 19364 73456 7.586862 129 5223 2824 173.992873 0.159074 0.109329 26778 
1200373426 19401 73619 7.589196 130 5246 2819 174.317200 0.158749 0.109117 26843 
1200473426 19441 73776 7.589733 130 5271 2824 174.603055 0.158506 0.109094 26918 
1200573426 19478 73920 7.590102 130 5286 2828 174.709621 0.158588 0.108944 26972 
1200673426 19513 74075 7.592374 130 5294 2844 175.018910 0.158544 0.109073 27035 
1200773426 19539 74185 7.593531 130 5301 2851 175.193510 0.158539 0.109263 27100 
1200873426 19557 74300 7.598302 130 5309 2848 175.556783 0.158426 0.109214 27157 
1200973426 19593 74457 7.600367 130 5330 2846 175.821671 0.158776 0.109024 27223 
1201073426 19642 74630 7.599023 130 5356 2848 176.021077 0.158800 0.108596 27299 
1201173426 19682 74780 7.598821 130 5379 2847 176.204451 0.159041 0.108498 27365 
1201273426 19721 74942 7.600223 130 5398 2848 176.455149 0.159133 0.108607 27434 
1201373426 19777 75192 7.603984 130 5424 2840 176.885372 0.159104 0.108514 27549 
1201473426 19809 75346 7.607249 130 5432 2848 177.180776 0.159170 0.108705 27642 
1201573426 19863 75564 7.608518 130 5466 2845 177.578513 0.158776 0.108532 27748 
1201673426 19911 75797 7.613580 130 5481 2855 178.008136 0.158445 0.108417 27840 
1201773426 19955 75949 7.612027 130 5504 2865 178.169882 0.158383 0.108444 27905 
1201873426 19989 76087 7.612887 130 5519 2866 178.363600 0.158384 0.108247 27965 
1201973426 20017 76208 7.614328 130 5528 2874 178.575311 0.158297 0.108068 28013 
1202073426 20044 76301 7.613351 130 5544 2878 178.693375 0.158147 0.107957 28051 
1202173426 20074 76427 7.614526 130 5556 2882 178.934642 0.158350 0.108140 28107 
1202273426 20090 76507 7.616426 131 5567 2880 179.133997 0.158328 0.108044 28142 
1202373426 20130 76662 7.616692 131 5591 2880 179.400994 0.158355 0.107922 28218 
1202473426 20180 76825 7.613974 131 5612 2891 179.541526 0.158015 0.107759 28275 
1202573426 20216 77030 7.620696 131 5619 2899 180.052829 0.157357 0.107635 28368 
1202673426 20247 77156 7.621475 131 5633 2901 180.182348 0.157495 0.107495 28423 
1202773426 20287 77364 7.626953 131 5650 2906 180.675408 0.157129 0.107214 28503 
1202873426 20331 77588 7.632482 133 5663 2913 181.197875 0.156875 0.107286 28619 
1202973426 20377 77815 7.637533 133 5675 2924 181.731855 0.156745 0.107158 28724 
1203073426 20411 77984 7.641370 133 5677 2940 182.001470 0.156837 0.107112 28804 
1203173426 20448 78106 7.639476 133 5691 2952 182.060739 0.156948 0.107136 28851 
1203273426 20473 78236 7.642847 133 5699 2954 182.319836 0.156969 0.107137 28908 
1203373426 20509 78435 7.648837 133 5709 2958 182.783266 0.157208 0.107156 29021 
1203473426 20554 78648 7.652817 133 5718 2975 183.217184 0.157203 0.107135 29124 
1203573426 20598 78843 7.655403 133 5736 2978 183.522187 0.157234 0.107086 29211 
1203673426 20625 78987 7.659345 133 5746 2981 183.834861 0.157270 0.106845 29278 
1203773426 20660 79128 7.660019 133 5771 2972 184.052178 0.157598 0.106587 29351 
1203873426 20679 79233 7.663137 133 5778 2975 184.364234 0.157644 0.106598 29406 
1203973426 20729 79405 7.661248 133 5804 2982 184.585653 0.157617 0.106594 29497 
1204073426 20775 79615 7.664501 133 5825 2985 184.991480 0.157499 0.106572 29598 
1204173426 20833 79844 7.665147 133 5848 3000 185.342773 0.157542 0.106704 29698 
1204273426 20886 80036 7.664081 134 5878 3003 185.562865 0.157633 0.106370 29773 
1204373426 20915 80157 7.665025 134 5895 3005 185.809897 0.157467 0.106337 29827 
1204473426 20945 80324 7.669993 134 5903 3013 186.204249 0.157456 0.106381 29908 
1204573426 20975 80483 7.674184 134 5914 3022 186.557330 0.157417 0.106296 29987 
1204673426 21044 80760 7.675347 134 5945 3045 187.000570 0.157425 0.106377 30126 
1204773426 21098 80977 7.676273 134 5966 3056 187.294435 0.157286 0.106032 30214 
1204873426 21150 81185 7.677069 134 5996 3065 187.605485 0.156850 0.105883 30302 
1204973426 21189 81355 7.678984 134 6014 3073 187.936099 0.156841 0.105834 30379 
1205073426 21230 81490 7.676872 134 6034 3084 188.009515 0.156901 0.105629 30424 
1205173426 21276 81671 7.677289 134 6053 3091 188.291784 0.156783 0.105487 30504 
1205273426 21331 81881 7.677183 135 6077 3101 188.590783 0.156467 0.105568 30594 
1205373426 21381 82087 7.678500 135 6099 3100 188.839437 0.156520 0.105388 30667 
1205473426 21420 82269 7.681513 135 6110 3112 189.172456 0.156365 0.105470 30742 
1205573426 21454 82392 7.680805 135 6128 3115 189.330568 0.156589 0.105459 30807 
1205673426 21470 82470 7.682347 135 6131 3122 189.523707 0.156500 0.105750 30849 
1205773426 21510 82627 7.682659 135 6152 3127 189.778615 0.156461 0.105839 30935 
1205873426 21582 82862 7.678806 135 6181 3147 189.999907 0.156696 0.105958 31042 
1205973426 21613 83043 7.684542 135 6189 3147 190.353861 0.156761 0.105857 31106 
1206073426 21655 83230 7.686908 136 6196 3157 190.598107 0.156602 0.105762 31174 
1206173426 21685 83378 7.689924 137 6209 3157 190.958174 0.156579 0.105665 31249 
1206273426 21712 83505 7.692060 137 6216 3165 191.146002 0.156722 0.105876 31306 
1206373426 21737 83626 7.694346 137 6221 3172 191.379491 0.156673 0.105985 31369 
1206473426 21794 83837 7.693585 137 6257 3171 191.622832 0.156432 0.105728 31465 
1206573426 21833 84027 7.697247 139 6261 3185 191.987084 0.156420 0.105766 31558 
1206673426 21881 84293 7.704675 139 6277 3190 192.534619 0.156138 0.105595 31670 
1206773426 21925 84501 7.708187 139 6287 3201 192.895599 0.156347 0.106079 31771 
1206873426 21969 84660 7.707224 139 6309 3206 193.029997 0.156169 0.105984 31829 
1206973426 22008 84868 7.712468 139 6318 3204 193.419029 0.156403 0.106207 31928 
1207073426 22058 85097 7.715749 139 6337 3215 193.829540 0.156295 0.106040 32028 
1207173426 22132 85375 7.715073 139 6359 3237 194.088650 0.156454 0.106266 32133 
1207273426 22187 85649 7.720647 139 6369 3249 194.613242 0.156482 0.106161 32255 
1207373426 22242 85877 7.722057 139 6398 3257 195.025088 0.156701 0.105915 32362 
1207473426 22288 86024 7.719311 139 6429 3259 195.176418 0.156405 0.105826 32417 
1207573426 22328 86226 7.723576 139 6428 3278 195.537800 0.156646 0.105986 32507 
1207673426 22371 86450 7.728756 140 6444 3284 196.016271 0.156754 0.105804 32620 
1207773426 22425 86683 7.730925 140 6455 3296 196.359777 0.156833 0.105663 32720 
1207873426 22482 86930 7.733298 140 6463 3312 196.662752 0.156929 0.106011 32835 
1207973426 22533 87146 7.734966 141 6473 3326 196.969689 0.156958 0.106108 32924 
1208073426 22555 87260 7.737530 141 6472 3336 197.220483 0.156776 0.106033 32972 
1208173426 22590 87411 7.738911 142 6491 3334 197.475520 0.156945 0.105829 33043 
1208273426 22650 87639 7.738543 142 6516 3346 197.705784 0.157030 0.105826 33128 
1208373426 22693 87896 7.746530 142 6515 3359 198.336844 0.156891 0.106124 33270 
1208473426 22745 88167 7.752649 142 6522 3380 198.872455 0.156610 0.106113 33379 
1208573426 22802 88421 7.755548 143 6538 3393 199.317165 0.156413 0.105746 33494 
1208673426 22828 88538 7.756965 143 6545 3396 199.463115 0.156629 0.105890 33549 
1208773426 22858 88699 7.760871 143 6553 3405 199.796308 0.156616 0.105974 33625 
1208873426 22903 88917 7.764660 143 6554 3427 200.163821 0.156547 0.106274 33726 
1208973426 22956 89152 7.767207 143 6571 3443 200.518819 0.156405 0.106152 33840 
1209073426 23014 89406 7.769705 144 6596 3444 200.945511 0.156227 0.106068 33965 
1209173426 23061 89570 7.768093 144 6617 3456 201.028403 0.156527 0.106041 34034 
1209273426 23090 89711 7.770550 144 6624 3462 201.304547 0.156380 0.106033 34103 
1209373426 23134 89866 7.769171 144 6646 3470 201.500908 0.156086 0.106040 34170 
1209473426 23192 90081 7.768282 144 6680 3476 201.816833 0.155996 0.106161 34279 
1209573426 23255 90309 7.766846 144 6708 3491 202.045152 0.156064 0.106117 34388 
1209673426 23310 90565 7.770485 144 6722 3508 202.428486 0.156027 0.106706 34512 
1209773426 23358 90808 7.775323 144 6731 3517 202.821046 0.156043 0.106544 34610 
1209873426 23383 90990 7.782577 144 6729 3527 203.341658 0.155870 0.106795 34694 
1209973426 23427 91184 7.784522 144 6738 3533 203.618133 0.155890 0.106701 34777 
1210073426 23476 91411 7.787613 145 6749 3539 203.943261 0.155709 0.106998 34883 
1210173426 23532 91623 7.787098 145 6773 3551 204.234744 0.155675 0.106771 34960 
1210273426 23579 91853 7.791085 146 6784 3561 204.730735 0.155469 0.106732 35073 
1210373426 23627 92054 7.792272 146 6802 3567 205.063360 0.155419 0.106606 35162 
1210473426 23672 92229 7.792244 147 6816 3582 205.232595 0.155409 0.106852 35233 
1210573426 23716 92417 7.793641 147 6825 3599 205.524372 0.155172 0.107100 35319 
1210673426 23759 92600 7.794941 147 6837 3609 205.822551 0.155260 0.107209 35408 
1210773426 23812 92817 7.795817 148 6851 3623 206.125903 0.155314 0.107148 35501 
1210873426 23865 93067 7.799455 148 6861 3640 206.559397 0.155577 0.107044 35631 
1210973426 23911 93271 7.801514 148 6872 3651 206.890552 0.155837 0.107290 35730 
1211073426 23960 93431 7.798915 149 6897 3664 207.006845 0.155745 0.107321 35795 
1211173426 23999 93605 7.800742 149 6915 3659 207.310471 0.155638 0.107311 35878 
1211273426 24057 93825 7.800224 149 6941 3663 207.596458 0.155713 0.107299 35980 
1211373426 24104 94039 7.802771 150 6967 3663 207.973282 0.155443 0.107353 36080 
1211473426 24153 94259 7.805159 151 6986 3672 208.384052 0.155320 0.107490 36174 
1211573426 24210 94488 7.805700 152 7010 3674 208.754234 0.155218 0.107599 36300 
1211673426 24241 94663 7.810156 152 7015 3675 209.090384 0.155335 0.107723 36374 
1211773426 24274 94807 7.811403 152 7025 3687 209.286479 0.155340 0.107662 36435 
1211873426 24315 94980 7.812461 153 7044 3693 209.485667 0.155333 0.107603 36505 
1211973426 24366 95172 7.811869 153 7066 3705 209.699171 0.155463 0.107604 36591 
1212073426 24415 95397 7.814622 153 7081 3705 210.006717 0.155672 0.107518 36690 
1212173426 24468 95660 7.819192 153 7095 3708 210.444744 0.155767 0.107433 36816 
1212273426 24520 95823 7.815905 153 7122 3709 210.494209 0.155958 0.107614 36888 
1212373426 24557 95969 7.816020 154 7138 3710 210.702692 0.155854 0.107468 36950 
1212473426 24615 96216 7.817672 154 7146 3729 210.993053 0.155856 0.107338 37046 
1212573426 24668 96438 7.818875 156 7157 3747 211.262121 0.155647 0.107525 37134 
1212673426 24726 96634 7.816388 156 7175 3769 211.352908 0.155788 0.107631 37207 
1212773426 24792 96875 7.815021 158 7196 3784 211.578654 0.155956 0.107681 37299 
1212873426 24844 97083 7.815408 158 7217 3791 211.857913 0.155866 0.107541 37396 
1212973426 24899 97257 7.812121 158 7237 3803 211.933090 0.155947 0.107583 37468 
1213073426 24964 97472 7.809005 158 7260 3819 211.969556 0.155910 0.107513 37533 
1213173426 25020 97684 7.808473 159 7274 3839 212.164828 0.155913 0.107712 37627 
1213273426 25073 97900 7.809197 159 7281 3864 212.383520 0.155788 0.107885 37726 
1213373426 25127 98115 7.809528 159 7280 3892 212.576909 0.155989 0.107910 37808 
1213473426 25165 98274 7.810372 159 7285 3900 212.747228 0.155886 0.107981 37875 
1213573426 25211 98446 7.809766 159 7299 3906 212.896989 0.155802 0.108038 37951 
1213673426 25280 98707 7.809098 159 7328 3916 213.191456 0.155764 0.107651 38045 
1213773426 25330 98961 7.813739 159 7327 3938 213.599210 0.155776 0.107813 38156 
1213873426 25368 99154 7.817250 159 7333 3940 213.988253 0.155720 0.107802 38246 
1213973426 25434 99381 7.814815 159 7359 3950 214.153102 0.155572 0.107836 38337 
1214073426 25486 99565 7.813309 159 7373 3975 214.337676 0.155494 0.107778 38428 
1214173426 25529 99747 7.814407 159 7387 3973 214.579263 0.155336 0.107364 38501 
1214273426 25607 100027 7.812473 159 7407 3990 214.730894 0.155238 0.107617 38615 
1214373426 25679 100301 7.811909 160 7433 4010 215.062580 0.155131 0.107681 38731 
1214473426 25736 100535 7.812791 160 7446 4028 215.320563 0.155236 0.107679 38838 
1214573426 25816 100779 7.807484 160 7482 4037 215.412535 0.155271 0.107843 38947 
1214673426 25890 101002 7.802395 160 7509 4068 215.423870 0.155504 0.107766 39038 
1214773426 25939 101214 7.804002 160 7501 4100 215.635144 0.155686 0.107762 39126 
1214873426 26015 101489 7.802345 160 7517 4127 215.788814 0.155883 0.107593 39233 
1214973426 26087 101778 7.802967 160 7540 4143 216.041017 0.155894 0.107543 39356 
1215073426 26141 102061 7.808500 160 7541 4163 216.509774 0.155750 0.107472 39472 
1215173426 26203 102250 7.804450 160 7565 4180 216.566805 0.155679 0.107525 39551 
1215273426 26235 102383 7.805070 160 7571 4193 216.712331 0.155703 0.107611 39608 
1215373426 26276 102563 7.806592 160 7579 4200 216.954864 0.155543 0.107606 39689 
1215473426 26349 102821 7.804547 160 7599 4217 217.127178 0.155778 0.107679 39814 
1215573426 26439 103129 7.801278 161 7635 4240 217.357313 0.155791 0.107631 39950 
1215673426 26525 103420 7.797926 162 7668 4258 217.553327 0.155899 0.107823 40089 
1215773426 26589 103654 7.796758 162 7688 4276 217.758246 0.156054 0.107812 40193 
1215873426 26630 103845 7.799099 163 7697 4285 218.064589 0.155974 0.107803 40296 
1215973426 26674 104048 7.801455 163 7705 4299 218.301492 0.156146 0.107627 40388 
1216073426 26736 104298 7.802065 164 7716 4327 218.615575 0.156101 0.107771 40518 
1216173426 26823 104647 7.802781 165 7744 4339 219.058718 0.156099 0.108048 40693 
1216273426 26898 104929 7.801993 165 7762 4363 219.170422 0.156259 0.108012 40807 
1216373426 26969 105169 7.799251 165 7796 4373 219.370240 0.156471 0.108094 40930 
1216473426 27008 105369 7.802799 165 7794 4392 219.712678 0.156624 0.108065 41028 
1216573426 27057 105571 7.803600 166 7806 4403 219.998004 0.156596 0.108221 41113 
1216673426 27151 105873 7.798829 166 7839 4427 220.134802 0.156392 0.108134 41242 
1216773426 27253 106211 7.794445 168 7871 4451 220.258761 0.156185 0.108388 41360 
1216873426 27368 106553 7.786685 168 7927 4469 220.352967 0.156526 0.108126 41520 
1216973426 27456 106837 7.782416 168 7952 4500 220.417395 0.156703 0.108341 41631 
1217073426 27521 107068 7.780822 169 7976 4509 220.563860 0.156816 0.108171 41727 
1217173426 27590 107292 7.777601 169 8013 4504 220.665748 0.156892 0.107982 41825 
1217273426 27673 107586 7.775521 169 8038 4526 220.887941 0.157030 0.107764 41965 
1217373426 27772 107929 7.772505 169 8078 4534 221.124514 0.156943 0.107917 42109 
1217473426 27872 108280 7.769805 169 8116 4558 221.400904 0.157193 0.107673 42263 
1217573426 27950 108619 7.772379 169 8141 4568 221.870197 0.157151 0.107539 42423 
1217673426 28030 108891 7.769604 171 8170 4577 222.058437 0.157141 0.107390 42550 
1217773426 28093 109121 7.768554 171 8183 4599 222.220553 0.156923 0.107689 42657 
1217873426 28185 109454 7.766826 173 8212 4617 222.456910 0.156862 0.107818 42789 
1217973426 28303 109845 7.762075 173 8264 4630 222.599442 0.157292 0.107580 42947 
1218073426 28426 110249 7.756913 174 8301 4671 222.745093 0.157214 0.107879 43106 
1218173426 28539 110627 7.752689 174 8351 4681 222.987140 0.157040 0.107562 43253 
1218273426 28592 110888 7.756575 174 8355 4693 223.440963 0.157126 0.107652 43374 
1218373426 28655 111080 7.752923 174 8389 4702 223.507660 0.157016 0.107466 43448 
1218473426 28738 111365 7.750365 174 8419 4712 223.737838 0.156857 0.107464 43578 
1218573426 28852 111725 7.744697 175 8458 4749 223.827187 0.157166 0.107436 43720 
1218673426 28951 112090 7.743429 176 8502 4756 224.189631 0.157096 0.107489 43898 
1218773426 29046 112466 7.743992 177 8542 4746 224.403704 0.157282 0.107461 44048 
1218873426 29138 112765 7.740065 178 8574 4766 224.483630 0.157538 0.107420 44176 
1218973426 29228 113023 7.733885 178 8622 4779 224.510675 0.157790 0.107473 44289 
1219073426 29306 113378 7.737528 178 8626 4806 224.965809 0.157948 0.107504 44458 
1219173426 29435 113821 7.733718 178 8652 4858 225.239817 0.158009 0.107693 44647 
1219273426 29546 114218 7.731537 178 8664 4894 225.442970 0.158302 0.107555 44785 
1219373426 29657 114617 7.729507 179 8701 4918 225.672590 0.158342 0.107224 44940 
1219473426 29758 114972 7.727132 179 8710 4955 225.778413 0.158419 0.107321 45053 
1219573426 29836 115245 7.725231 180 8726 4972 225.809760 0.158633 0.107334 45138 
1219673426 29934 115579 7.722256 180 8759 4991 225.956638 0.158766 0.107393 45270 
1219773426 30072 116020 7.716148 182 8797 5016 226.001463 0.158726 0.107006 45421 
1219873426 30180 116467 7.718158 183 8811 5039 226.352551 0.159036 0.106943 45584 
1219973426 30277 116863 7.719589 185 8832 5048 226.690293 0.159213 0.107075 45759 
1220073426 30383 117180 7.713524 185 8866 5072 226.658724 0.159297 0.107158 45867 
1220173426 30432 117406 7.715957 185 8865 5089 226.931717 0.159525 0.107207 45974 
1220273426 30480 117645 7.719488 185 8864 5102 227.283202 0.159833 0.107381 46088 
1220373426 30532 117889 7.722324 185 8864 5119 227.595506 0.159964 0.107502 46185 
1220473426 30579 118136 7.726610 186 8865 5123 227.925962 0.159786 0.107426 46277 
1220573426 30616 118394 7.734126 186 8841 5141 228.347073 0.159573 0.107449 46380 
1220673426 30692 118667 7.732764 186 8859 5169 228.466245 0.159847 0.107257 46481 
1220773426 30762 118983 7.735713 186 8857 5193 228.783434 0.159951 0.107245 46603 
1220873426 30833 119240 7.734570 186 8867 5215 228.882107 0.160156 0.107272 46714 
1220973426 30928 119702 7.740688 186 8866 5236 229.443740 0.160581 0.107184 46910 
1221073426 31051 120077 7.734179 186 8900 5260 229.363112 0.160725 0.106832 47026 
1221173426 31159 120462 7.732084 186 8918 5292 229.502680 0.161005 0.106810 47174 
1221273426 31277 120846 7.727467 186 8963 5293 229.532820 0.161194 0.106955 47317 
1221373426 31363 121193 7.728406 186 8978 5321 229.881963 0.161212 0.107217 47476 
1221473426 31433 121494 7.730347 186 8976 5347 230.098750 0.161437 0.107095 47582 
1221573426 31528 121869 7.730842 186 9003 5359 230.396156 0.161561 0.107142 47737 
1221673426 31695 122438 7.726014 186 9041 5401 230.568544 0.161854 0.106919 47945 
1221773426 31814 122915 7.727101 186 9062 5420 230.830578 0.162160 0.106980 48146 
1221873426 31929 123320 7.724639 186 9096 5441 231.041122 0.162289 0.107094 48305 
1221973426 32034 123677 7.721608 186 9128 5464 231.125617 0.162398 0.107015 48451 
1222073426 32119 124018 7.722407 186 9123 5507 231.376382 0.162358 0.107179 48578 
1222173426 32225 124431 7.722638 187 9126 5558 231.666843 0.162130 0.107578 48739 
1222273426 32352 124846 7.717977 187 9162 5582 231.746847 0.162568 0.107534 48914 
1222373426 32467 125284 7.717621 187 9175 5620 231.986017 0.162500 0.107396 49084 
1222473426 32579 125678 7.715277 187 9219 5623 232.091593 0.162603 0.107100 49232 
1222573426 32659 125946 7.712790 188 9238 5657 232.192780 0.162925 0.106839 49349 
1222673426 32765 126305 7.709751 188 9270 5677 232.313872 0.163154 0.106797 49503 
1222773426 32857 126749 7.715190 189 9248 5721 232.747968 0.163481 0.107107 49682 
1222873426 32979 127182 7.712908 189 9271 5752 232.992753 0.163360 0.107332 49863 
1222973426 33085 127693 7.719087 189 9242 5798 233.496630 0.163544 0.107848 50085 
1223073426 33205 128194 7.721367 189 9249 5818 233.822978 0.163833 0.108333 50289 
1223173426 33282 128554 7.725137 190 9240 5846 234.239649 0.163522 0.108584 50437 
1223273426 33367 128887 7.725417 190 9250 5862 234.365151 0.163628 0.108475 50562 
1223373426 33470 129303 7.726501 191 9275 5884 234.746220 0.163502 0.108607 50722 
1223473426 33600 129803 7.726369 193 9313 5902 235.089345 0.163530 0.108481 50928 
1223573426 33747 130243 7.718790 193 9356 5944 235.110262 0.163656 0.108345 51099 
1223673426 33870 130766 7.721642 194 9376 5970 235.597756 0.163766 0.108228 51311 
1223773426 33966 131107 7.719896 194 9417 5965 235.726020 0.164098 0.108031 51445 
1223873426 34055 131529 7.724504 194 9428 5981 236.157510 0.164114 0.108197 51626 
1223973426 34185 132101 7.728594 194 9445 5995 236.643733 0.164150 0.107831 51831 
1224073426 34292 132512 7.728450 195 9468 6022 236.937886 0.164332 0.107603 51990 
1224173426 34417 133017 7.729727 195 9495 6044 237.258157 0.164591 0.107567 52199 
1224273426 34569 133614 7.730279 197 9518 6061 237.650149 0.164588 0.107722 52453 
1224373426 34660 133921 7.727698 199 9539 6078 237.739585 0.164320 0.107983 52547 
1224473426 34754 134299 7.728549 199 9556 6099 238.089141 0.164172 0.107992 52700 
1224573426 34906 134893 7.728929 199 9597 6120 238.522833 0.164154 0.108002 52931 
1224673426 35031 135360 7.728012 200 9607 6155 238.744940 0.164159 0.108297 53131 
1224773426 35171 135926 7.729436 200 9628 6191 239.164880 0.164413 0.108213 53376 
1224873426 35306 136479 7.731207 201 9656 6218 239.649181 0.164336 0.108227 53613 
1224973426 35389 136837 7.733307 201 9662 6243 240.015089 0.164284 0.108298 53776 
1225073426 35476 137159 7.732495 201 9695 6257 240.225054 0.164137 0.108098 53898 
1225173426 35618 137713 7.732776 201 9728 6281 240.536751 0.164201 0.107974 54105 
1225273426 35741 138142 7.730170 202 9753 6307 240.634397 0.164264 0.108268 54270 
1225373426 35845 138580 7.732180 202 9783 6312 241.014702 0.164160 0.108460 54459 
1225473426 35996 139109 7.729137 202 9810 6363 241.204412 0.164451 0.108619 54660 
1225573426 36076 139458 7.731345 202 9820 6382 241.485808 0.164590 0.108606 54808 
1225673426 36153 139785 7.732968 202 9833 6394 241.739828 0.164615 0.108608 54934 
1225773426 36307 140380 7.732944 202 9866 6414 242.144710 0.164658 0.108822 55189 
1225873426 36427 140826 7.731957 202 9898 6435 242.370604 0.164836 0.108941 55370 
1225973426 36549 141290 7.731538 202 9899 6463 242.540042 0.164810 0.109008 55538 
1226073426 36701 141850 7.730035 202 9920 6502 242.744448 0.165058 0.108695 55743 
1226173426 36814 142327 7.732221 202 9931 6534 243.118813 0.165060 0.108988 55934 
1226273426 36907 142783 7.737448 203 9912 6556 243.567941 0.165055 0.109529 56144 
1226373426 37058 143514 7.745372 204 9913 6573 244.238167 0.165146 0.109531 56430 
1226473426 37242 144206 7.744267 204 9940 6617 244.432898 0.165583 0.109414 56682 
1226573426 37404 144774 7.741097 206 9951 6670 244.580633 0.165701 0.109806 56891 
1226673426 37596 145431 7.736515 207 10007 6697 244.701085 0.166043 0.109785 57140 
1226773426 37719 146002 7.741563 207 10010 6703 245.182799 0.166104 0.109703 57368 
1226873426 37825 146482 7.745248 207 10010 6722 245.592069 0.166463 0.109896 57565 
1226973426 37987 147161 7.747966 207 10004 6787 245.943454 0.167036 0.110121 57840 
1227073426 38170 147827 7.745717 207 10025 6828 246.218601 0.167227 0.110199 58102 
1227173426 38309 148401 7.747579 208 10042 6841 246.587382 0.167410 0.109693 58322 
1227273426 38465 148986 7.746575 209 10083 6859 246.851891 0.167514 0.109378 58546 
1227373426 38603 149468 7.743854 209 10120 6881 246.966557 0.167519 0.109144 58700 
1227473426 38708 149923 7.746357 210 10115 6910 247.252351 0.167706 0.109102 58873 
1227573426 38868 150538 7.746115 210 10142 6937 247.533858 0.167949 0.108939 59099 
1227673426 39046 151229 7.746197 210 10181 6939 247.891974 0.168075 0.108817 59367 
1227773426 39167 151741 7.748411 211 10183 6978 248.159165 0.168123 0.109251 59545 
1227873426 39273 152139 7.747766 212 10192 7001 248.271586 0.168241 0.109374 59699 
1227973426 39382 152553 7.747347 213 10210 7022 248.402265 0.168436 0.109188 59847 
1228073426 39521 153047 7.745098 213 10244 7042 248.453784 0.168792 0.108990 60008 
1228173426 39662 153673 7.749130 213 10257 7063 248.870455 0.169262 0.108710 60251 
1228273426 39851 154410 7.749366 213 10262 7125 249.115405 0.169564 0.108656 60516 
1228373426 40002 155157 7.757462 214 10262 7153 249.803360 0.169455 0.108744 60796 
1228473426 40175 155812 7.756665 215 10290 7186 250.037834 0.169830 0.108986 61061 
1228573426 40291 156362 7.761634 217 10275 7246 250.534760 0.169825 0.109458 61283 
1228673426 40406 156891 7.765728 218 10270 7285 250.929812 0.169645 0.109326 61489 
1228773426 40562 157583 7.769982 218 10306 7281 251.474927 0.169465 0.109242 61762 
1228873426 40753 158325 7.769980 221 10344 7312 251.853557 0.169174 0.108999 62032 
1228973426 40918 159032 7.773205 221 10370 7323 252.330466 0.169257 0.108888 62322 
1229073426 41075 159700 7.776019 221 10381 7361 252.697310 0.169351 0.109045 62578 
1229173426 41194 160172 7.776472 221 10413 7357 252.914793 0.169407 0.109015 62762 
1229273426 41329 160642 7.773815 222 10447 7372 252.985942 0.169361 0.109027 62942 
1229373426 41482 161292 7.776481 222 10474 7388 253.339665 0.169282 0.109035 63194 
1229473426 41686 162102 7.777287 226 10526 7409 253.827760 0.168886 0.108704 63505 
1229573426 41874 162887 7.779863 227 10554 7430 254.261833 0.168687 0.108615 63785 
1229673426 42060 163577 7.778269 227 10594 7448 254.459914 0.168729 0.108216 64019 
1229773426 42191 164154 7.781470 227 10607 7442 254.850229 0.168723 0.108233 64228 
1229873426 42297 164669 7.786321 227 10605 7455 255.274133 0.168723 0.108156 64429 
1229973426 42457 165441 7.793344 229 10598 7500 255.812422 0.168728 0.108082 64714 
1230073426 42626 166225 7.799231 229 10613 7510 256.383803 0.168869 0.107914 65029 
1230173426 42765 166837 7.802502 231 10636 7531 256.938712 0.168514 0.107534 65254 
1230273426 42887 167345 7.803997 232 10649 7541 257.296990 0.168654 0.107620 65469 
1230373426 43006 167810 7.804027 232 10667 7566 257.519927 0.168825 0.107909 65675 
1230473426 43126 168323 7.806103 232 10677 7573 257.858554 0.168818 0.107754 65849 
1230573426 43313 169052 7.806063 233 10698 7605 258.163323 0.168998 0.107902 66163 
1230673426 43538 169862 7.802931 233 10745 7657 258.336442 0.169169 0.107555 66414 
1230773426 43759 170683 7.801047 233 10793 7696 258.604036 0.168957 0.107195 66723 
1230873426 43928 171303 7.799262 235 10840 7697 258.711847 0.169269 0.106936 66981 
1230973426 44100 171970 7.799093 235 10880 7713 258.944172 0.169575 0.107202 67249 
1231073426 44197 172531 7.807362 235 10865 7728 259.590515 0.169514 0.107339 67500 
1231173426 44341 173202 7.812273 237 10885 7726 260.073656 0.169371 0.106873 67749 
1231273426 44489 174122 7.827643 238 10849 7763 261.171346 0.169147 0.106780 68116 
1231373426 44625 175014 7.843765 239 10805 7788 262.273524 0.169100 0.107020 68495 
1231473426 44748 175872 7.860552 239 10738 7835 263.374631 0.168867 0.107415 68901 
1231573426 44847 176602 7.875755 239 10691 7860 264.421076 0.168672 0.107479 69234 
1231673426 44930 177143 7.885288 241 10670 7858 264.988872 0.168719 0.107745 69451 
1231773426 45024 177769 7.896633 241 10646 7871 265.821384 0.168433 0.107827 69713 
1231873426 45149 178600 7.911582 241 10584 7933 266.789165 0.168461 0.108104 70078 
1231973426 45266 179424 7.927539 242 10553 7936 267.815800 0.168474 0.108154 70445 
1232073426 45375 180181 7.941862 243 10515 7950 268.822083 0.168318 0.108586 70792 
1232173426 45486 180930 7.955415 243 10503 7939 269.765686 0.168245 0.108498 71118 
1232273426 45569 181512 7.966468 243 10476 7944 270.494854 0.168208 0.108729 71360 
1232373426 45625 182035 7.979616 244 10432 7957 271.301129 0.167908 0.109072 71583 
1232473426 45717 182766 7.995538 245 10391 7971 272.327056 0.167585 0.109040 71888 
1232573426 45806 183368 8.006287 246 10371 7975 273.028905 0.167427 0.109043 72121 
1232673426 45813 183412 8.006985 246 10366 7982 273.077598 0.167427 0.109047 72136 
