Timestamp NoNodes NoLinks AverageDegree MaxDeg Singletons Doubletons MeanSquaredDeg Assortativity AverageClustering TriCount 
1165073426 0 0 0.000000 0 0 0 0.000000 0.000000 0.000000 0 
1165173426 8001 18422 4.604924 46 2059 1318 42.221472 0.208232 0.090539 4148 
1165273426 8038 18564 4.619059 46 2063 1322 42.560090 0.207582 0.089644 4157 
1165373426 8076 18711 4.633730 46 2058 1340 42.871719 0.204685 0.088801 4165 
1165473426 8111 18879 4.655160 46 2055 1341 43.274072 0.204631 0.087837 4171 
1165573426 8137 18988 4.667076 47 2050 1353 43.526361 0.205183 0.087015 4176 
1165673426 8160 19095 4.680147 47 2043 1364 43.801471 0.204406 0.086302 4182 
1165773426 8181 19173 4.687202 47 2051 1366 43.972619 0.204691 0.086008 4188 
1165873426 8215 19299 4.698478 47 2050 1386 44.254413 0.203508 0.084961 4191 
1165973426 8257 19435 4.707521 49 2060 1388 44.535303 0.201693 0.084042 4196 
1166073426 8298 19602 4.724512 49 2059 1401 44.932273 0.200556 0.082953 4200 
1166173426 8328 19726 4.737272 49 2047 1423 45.215418 0.200391 0.081985 4204 
1166273426 8346 19822 4.750060 49 2038 1433 45.450994 0.200554 0.081257 4210 
1166373426 8359 19918 4.765642 49 2027 1437 45.778682 0.200777 0.080604 4213 
1166473426 8389 20042 4.778162 49 2028 1436 46.064132 0.200827 0.079727 4223 
1166573426 8415 20171 4.794058 49 2019 1446 46.354843 0.201430 0.078749 4227 
1166673426 8447 20313 4.809518 49 1999 1479 46.675033 0.200130 0.078036 4235 
1166773426 8476 20461 4.827985 49 2002 1477 47.031147 0.201133 0.076908 4237 
1166873426 8504 20566 4.836783 49 2002 1486 47.318674 0.200466 0.076186 4240 
1166973426 8516 20633 4.845702 49 1994 1492 47.459136 0.200612 0.075796 4243 
1167073426 8538 20763 4.863668 49 1981 1498 47.861560 0.197507 0.074958 4248 
1167173426 8558 20871 4.877541 49 1980 1502 48.162655 0.196469 0.074386 4250 
1167273426 8582 20982 4.889769 49 1982 1497 48.448380 0.193657 0.073732 4254 
1167373426 8612 21105 4.901301 49 1981 1511 48.711101 0.193041 0.072938 4258 
1167473426 8635 21213 4.913260 49 1978 1512 48.973248 0.192354 0.072405 4261 
1167573426 8648 21284 4.922294 49 1972 1519 49.169981 0.191563 0.071953 4261 
1167673426 8671 21385 4.932534 49 1972 1525 49.408142 0.190611 0.071150 4263 
1167773426 8697 21503 4.944924 49 1970 1531 49.715994 0.189710 0.070532 4266 
1167873426 8735 21623 4.950887 49 1990 1532 49.972066 0.188900 0.069880 4277 
1167973426 8765 21750 4.962921 49 1984 1545 50.282259 0.187712 0.069149 4286 
1168073426 8787 21837 4.970297 49 1984 1559 50.477296 0.187086 0.068673 4287 
1168173426 8813 21931 4.976966 50 1990 1561 50.681039 0.186975 0.068107 4289 
1168273426 8844 22043 4.984848 50 1989 1583 50.926730 0.186602 0.067654 4291 
1168373426 8874 22175 4.997746 50 1987 1590 51.238900 0.186453 0.067114 4295 
1168473426 8905 22305 5.009545 50 1990 1594 51.527906 0.186079 0.066407 4296 
1168573426 8934 22435 5.022386 50 1981 1600 51.783747 0.186032 0.065821 4301 
1168673426 8958 22532 5.030587 50 1980 1608 51.965171 0.185735 0.065493 4304 
1168773426 8980 22623 5.038530 50 1980 1616 52.161247 0.185485 0.065039 4304 
1168873426 9004 22704 5.043092 51 1981 1627 52.328965 0.185177 0.064670 4307 
1168973426 9035 22847 5.057443 51 1978 1632 52.671389 0.184911 0.063955 4316 
1169073426 9073 22983 5.066240 51 1989 1633 52.910173 0.184080 0.063265 4318 
1169173426 9104 23131 5.081503 52 1986 1642 53.283172 0.183526 0.062564 4321 
1169273426 9133 23254 5.092303 52 1983 1656 53.525895 0.183473 0.061875 4324 
1169373426 9152 23362 5.105332 52 1978 1651 53.790647 0.183531 0.061210 4328 
1169473426 9178 23459 5.112007 52 1978 1656 53.953367 0.183058 0.060733 4330 
1169573426 9209 23582 5.121512 52 1985 1655 54.159409 0.183441 0.060150 4335 
1169673426 9239 23733 5.137569 53 1987 1655 54.555255 0.181888 0.059543 4337 
1169773426 9280 23891 5.148922 54 1997 1657 54.919397 0.180996 0.058834 4341 
1169873426 9310 24009 5.157680 54 1991 1668 55.154887 0.181063 0.058231 4343 
1169973426 9330 24116 5.169561 55 1980 1675 55.390568 0.181345 0.057772 4344 
1170073426 9351 24229 5.182120 55 1981 1674 55.730724 0.181914 0.057262 4347 
1170173426 9380 24375 5.197228 56 1968 1686 56.124307 0.180095 0.056293 4349 
1170273426 9420 24550 5.212314 57 1974 1689 56.556688 0.179636 0.055775 4354 
1170373426 9448 24733 5.235605 59 1963 1696 57.102244 0.178172 0.055158 4356 
1170473426 9479 24909 5.255618 59 1961 1691 57.545522 0.177846 0.054559 4360 
1170573426 9508 25041 5.267354 59 1961 1690 57.845393 0.177407 0.054100 4363 
1170673426 9532 25164 5.279899 60 1960 1696 58.152119 0.176402 0.053433 4364 
1170773426 9559 25282 5.289675 60 1952 1714 58.403599 0.176004 0.052855 4366 
1170873426 9601 25431 5.297573 60 1955 1725 58.678679 0.174854 0.052223 4367 
1170973426 9630 25603 5.317342 60 1949 1720 59.115057 0.174944 0.051477 4376 
1171073426 9666 25752 5.328367 60 1950 1732 59.423340 0.174951 0.050793 4377 
1171173426 9697 25886 5.338971 60 1948 1738 59.715376 0.174865 0.050309 4380 
1171273426 9724 26026 5.352941 60 1945 1745 60.099753 0.175012 0.049913 4384 
1171373426 9748 26181 5.371563 61 1943 1748 60.606894 0.174004 0.049215 4386 
1171473426 9793 26339 5.379148 63 1948 1761 60.899418 0.173383 0.048744 4390 
1171573426 9834 26536 5.396787 63 1946 1764 61.447021 0.172895 0.048037 4395 
1171673426 9865 26659 5.404764 63 1951 1771 61.717587 0.172951 0.047540 4396 
1171773426 9879 26732 5.411884 63 1955 1775 61.952019 0.172806 0.047309 4398 
1171873426 9892 26800 5.418520 64 1950 1782 62.121512 0.172472 0.047132 4401 
1171973426 9907 26878 5.426062 64 1941 1795 62.282427 0.172780 0.047078 4406 
1172073426 9924 26973 5.435913 64 1943 1787 62.511689 0.172664 0.046825 4407 
1172173426 9956 27135 5.450984 64 1943 1797 62.973483 0.172536 0.046210 4412 
1172273426 9982 27314 5.472651 64 1933 1801 63.497095 0.172194 0.045701 4418 
1172373426 10006 27430 5.482710 64 1929 1812 63.791925 0.171488 0.045413 4422 
1172473426 10038 27571 5.493325 64 1932 1822 64.105599 0.171025 0.045000 4429 
1172573426 10072 27771 5.514496 64 1920 1828 64.645751 0.170699 0.044425 4432 
1172673426 10105 27937 5.529342 64 1918 1829 65.105393 0.168744 0.043991 4433 
1172773426 10132 28128 5.552310 64 1906 1837 65.751480 0.167353 0.043673 4440 
1172873426 10164 28290 5.566706 64 1906 1834 66.149154 0.166626 0.043229 4445 
1172973426 10186 28381 5.572551 64 1909 1839 66.355586 0.166214 0.042905 4447 
1173073426 10221 28541 5.584776 64 1912 1842 66.711672 0.166151 0.042527 4450 
1173173426 10252 28736 5.605931 64 1908 1830 67.267655 0.165378 0.042125 4462 
1173273426 10283 28917 5.624234 64 1906 1832 67.824565 0.164343 0.041779 4465 
1173373426 10310 29095 5.644035 64 1901 1838 68.442483 0.163597 0.041331 4472 
1173473426 10344 29265 5.658353 64 1907 1829 68.891531 0.162816 0.040962 4476 
1173573426 10365 29382 5.669465 64 1899 1841 69.187265 0.162389 0.040713 4477 
1173673426 10383 29486 5.679669 64 1892 1849 69.449677 0.162204 0.040529 4479 
1173773426 10415 29650 5.693711 64 1881 1861 69.820835 0.161722 0.040128 4485 
1173873426 10451 29809 5.704526 64 1881 1871 70.161324 0.161349 0.039818 4494 
1173973426 10473 29988 5.726726 66 1866 1863 70.692829 0.160997 0.039278 4501 
1174073426 10507 30141 5.737318 66 1871 1870 71.003902 0.161219 0.039040 4506 
1174173426 10529 30275 5.750784 66 1867 1880 71.372590 0.160711 0.038766 4508 
1174273426 10548 30401 5.764316 66 1865 1873 71.745923 0.160244 0.038311 4509 
1174373426 10585 30585 5.778932 66 1865 1884 72.181578 0.160558 0.038057 4515 
1174473426 10616 30730 5.789375 66 1861 1888 72.454974 0.160896 0.038027 4523 
1174573426 10641 30891 5.806033 66 1860 1888 72.871159 0.160943 0.037629 4525 
1174673426 10673 31063 5.820856 66 1868 1873 73.276679 0.161031 0.037260 4527 
1174773426 10693 31168 5.829608 66 1859 1884 73.548677 0.160295 0.037046 4530 
1174873426 10717 31275 5.836521 66 1860 1883 73.763926 0.159800 0.036808 4533 
1174973426 10761 31452 5.845553 66 1856 1907 74.058173 0.159505 0.036421 4536 
1175073426 10788 31598 5.857990 66 1859 1905 74.419355 0.159095 0.036049 4539 
1175173426 10817 31740 5.868540 67 1862 1914 74.817787 0.158235 0.035811 4541 
1175273426 10847 31876 5.877385 67 1857 1926 75.082143 0.158059 0.035496 4543 
1175373426 10870 32001 5.887948 68 1859 1934 75.398712 0.158182 0.035199 4547 
1175473426 10881 32083 5.897068 69 1860 1932 75.699292 0.157910 0.034958 4549 
1175573426 10910 32256 5.913107 70 1858 1934 76.216865 0.157139 0.034731 4555 
1175673426 10931 32393 5.926814 70 1855 1938 76.653188 0.156910 0.034717 4562 
1175773426 10949 32519 5.940086 70 1854 1933 76.996803 0.157217 0.034477 4563 
1175873426 10982 32628 5.942087 70 1855 1943 77.112730 0.156772 0.034400 4564 
1175973426 11005 32749 5.951658 70 1854 1944 77.474421 0.155933 0.034131 4564 
1176073426 11031 32860 5.957755 70 1857 1944 77.678361 0.156162 0.033910 4565 
1176173426 11060 33037 5.974141 72 1860 1945 78.158590 0.155558 0.033741 4572 
1176273426 11108 33286 5.993158 73 1859 1941 78.754231 0.155227 0.033186 4577 
1176373426 11128 33409 6.004493 73 1858 1930 79.112868 0.154920 0.032928 4580 
1176473426 11152 33535 6.014168 73 1857 1941 79.427009 0.154403 0.032751 4582 
1176573426 11170 33647 6.024530 73 1848 1948 79.748791 0.153737 0.032822 4585 
1176673426 11190 33758 6.033601 73 1846 1948 80.018231 0.153678 0.032611 4587 
1176773426 11219 33956 6.053302 73 1837 1952 80.612532 0.153116 0.032283 4592 
1176873426 11255 34181 6.073923 73 1836 1960 81.252599 0.153287 0.032037 4604 
1176973426 11282 34332 6.086155 73 1831 1973 81.697217 0.153078 0.031856 4608 
1177073426 11321 34506 6.095928 73 1837 1978 82.108294 0.152410 0.031492 4608 
1177173426 11346 34619 6.102415 73 1835 1989 82.341618 0.152351 0.031599 4614 
1177273426 11364 34721 6.110700 73 1835 1993 82.609644 0.152181 0.031481 4620 
1177373426 11393 34887 6.124287 74 1827 2001 83.044501 0.151375 0.031234 4621 
1177473426 11419 35081 6.144321 74 1826 1987 83.614852 0.151068 0.031048 4631 
1177573426 11454 35261 6.156976 74 1824 1991 84.052034 0.151205 0.031331 4638 
1177673426 11491 35419 6.164651 74 1833 1982 84.360630 0.151071 0.031057 4640 
1177773426 11516 35534 6.171240 75 1831 1994 84.591351 0.150486 0.030914 4643 
1177873426 11536 35645 6.179785 75 1830 1996 84.890430 0.150670 0.030691 4646 
1177973426 11576 35835 6.191258 76 1829 2005 85.333967 0.150206 0.030509 4652 
1178073426 11609 36023 6.206047 76 1824 2014 85.836851 0.149082 0.030233 4657 
1178173426 11641 36207 6.220600 77 1829 2015 86.302895 0.148702 0.029944 4668 
1178273426 11661 36331 6.231198 77 1827 2014 86.610582 0.149045 0.029754 4673 
1178373426 11685 36484 6.244587 78 1823 2016 87.023021 0.148423 0.029847 4677 
1178473426 11711 36599 6.250363 78 1829 2008 87.240885 0.148583 0.029625 4678 
1178573426 11733 36780 6.269496 78 1824 2011 87.837893 0.147671 0.029447 4684 
1178673426 11765 36974 6.285423 78 1827 2002 88.327072 0.147375 0.029129 4689 
1178773426 11804 37157 6.295662 78 1819 2019 88.678075 0.146734 0.028849 4691 
1178873426 11834 37320 6.307250 78 1817 2021 89.054926 0.146394 0.028691 4693 
1178973426 11849 37398 6.312431 78 1816 2024 89.254958 0.146014 0.028626 4696 
1179073426 11876 37522 6.318963 78 1820 2021 89.513978 0.145988 0.028430 4700 
1179173426 11910 37704 6.331486 78 1822 2025 89.924601 0.145018 0.028211 4705 
1179273426 11941 37893 6.346705 79 1816 2034 90.430450 0.144441 0.028004 4711 
1179373426 11980 38066 6.354925 79 1816 2043 90.724708 0.144580 0.027685 4716 
1179473426 12010 38240 6.368027 80 1819 2036 91.146878 0.143827 0.027451 4719 
1179573426 12027 38366 6.379978 82 1816 2036 91.586597 0.143538 0.027246 4723 
1179673426 12044 38462 6.386915 82 1820 2038 91.828462 0.143217 0.027091 4726 
1179773426 12066 38619 6.401293 82 1817 2044 92.257583 0.143033 0.026925 4729 
1179873426 12091 38770 6.413034 82 1813 2052 92.653544 0.143057 0.026692 4738 
1179973426 12135 39001 6.427853 83 1802 2063 93.186650 0.142290 0.026692 4743 
1180073426 12170 39212 6.444043 84 1793 2065 93.687757 0.142472 0.026556 4746 
1180173426 12189 39325 6.452539 85 1794 2066 93.963246 0.142306 0.026387 4749 
1180273426 12206 39428 6.460429 85 1791 2071 94.177126 0.142677 0.026292 4756 
1180373426 12241 39578 6.466465 85 1794 2083 94.445388 0.142277 0.026116 4761 
1180473426 12265 39759 6.483327 85 1790 2076 94.991602 0.141741 0.025874 4763 
1180573426 12300 39995 6.503252 86 1785 2077 95.667805 0.141841 0.025541 4775 
1180673426 12330 40181 6.517599 87 1778 2077 96.162206 0.140622 0.025369 4778 
1180773426 12352 40321 6.528659 88 1776 2084 96.588083 0.140547 0.025166 4778 
1180873426 12370 40415 6.534357 88 1775 2087 96.837672 0.139984 0.025085 4781 
1180973426 12392 40528 6.540994 88 1774 2088 97.038089 0.140336 0.024964 4784 
1181073426 12441 40702 6.543204 88 1792 2089 97.253918 0.140016 0.025001 4787 
1181173426 12477 40864 6.550293 88 1797 2087 97.533702 0.139905 0.024794 4789 
1181273426 12519 41038 6.556115 89 1800 2094 97.849509 0.139920 0.024632 4797 
1181373426 12547 41162 6.561250 89 1804 2093 98.053399 0.140072 0.024440 4801 
1181473426 12573 41272 6.565179 90 1802 2107 98.235584 0.139965 0.024337 4805 
1181573426 12596 41410 6.575103 91 1799 2112 98.572880 0.139990 0.024211 4807 
1181673426 12635 41617 6.587574 91 1804 2122 99.078275 0.139761 0.024064 4812 
1181773426 12685 41824 6.594245 91 1806 2134 99.388727 0.139656 0.023895 4818 
1181873426 12720 42032 6.608805 91 1803 2142 99.890094 0.139624 0.023680 4823 
1181973426 12746 42191 6.620273 91 1804 2139 100.312255 0.138985 0.023476 4830 
1182073426 12774 42333 6.627994 92 1802 2145 100.590888 0.138554 0.023331 4834 
1182173426 12799 42472 6.636768 92 1794 2157 100.901008 0.138817 0.023177 4839 
1182273426 12829 42655 6.649778 92 1793 2162 101.367215 0.138140 0.023131 4845 
1182373426 12859 42827 6.661016 92 1789 2169 101.783187 0.137990 0.022970 4848 
1182473426 12900 43038 6.672558 92 1791 2160 102.185116 0.138516 0.022904 4853 
1182573426 12934 43220 6.683161 92 1798 2160 102.576774 0.138590 0.022754 4864 
1182673426 12958 43355 6.691619 92 1800 2159 102.908474 0.138038 0.022524 4864 
1182773426 12996 43496 6.693752 93 1799 2175 103.103416 0.138259 0.022429 4869 
1182873426 13040 43697 6.701994 94 1803 2176 103.444325 0.137639 0.022472 4877 
1182973426 13075 43858 6.708681 94 1805 2184 103.737361 0.137432 0.022343 4882 
1183073426 13122 44047 6.713458 95 1809 2194 104.007773 0.137092 0.022184 4889 
1183173426 13153 44210 6.722421 95 1813 2195 104.370106 0.136830 0.022088 4893 
1183273426 13173 44329 6.730282 95 1812 2195 104.680179 0.136926 0.021956 4897 
1183373426 13199 44472 6.738692 95 1813 2195 104.957648 0.137133 0.021922 4904 
1183473426 13237 44679 6.750623 95 1807 2207 105.404548 0.136968 0.021961 4911 
1183573426 13285 44855 6.752729 96 1826 2217 105.666993 0.136416 0.021781 4911 
1183673426 13314 45017 6.762355 96 1824 2224 106.056933 0.135983 0.021666 4915 
1183773426 13343 45231 6.779735 97 1823 2217 106.680057 0.135518 0.021519 4921 
1183873426 13377 45391 6.786424 97 1829 2220 107.006653 0.135425 0.021342 4923 
1183973426 13409 45543 6.792900 97 1831 2232 107.342382 0.134826 0.021292 4927 
1184073426 13452 45718 6.797205 98 1833 2241 107.571365 0.135078 0.021338 4934 
1184173426 13486 45911 6.808690 98 1834 2245 108.006674 0.134869 0.021170 4940 
1184273426 13521 46120 6.821981 99 1834 2246 108.561201 0.134375 0.020975 4951 
1184373426 13556 46314 6.832989 100 1837 2237 108.991443 0.134248 0.020818 4955 
1184473426 13569 46448 6.846194 100 1834 2232 109.440489 0.134469 0.020755 4964 
1184573426 13598 46651 6.861450 101 1830 2242 110.030740 0.134158 0.020589 4971 
1184673426 13636 46844 6.870637 101 1831 2256 110.454972 0.134231 0.020467 4976 
1184773426 13683 47033 6.874662 102 1839 2260 110.751882 0.133612 0.020280 4981 
1184873426 13726 47263 6.886638 102 1844 2263 111.200495 0.133802 0.020213 4992 
1184973426 13772 47466 6.893116 102 1850 2268 111.540662 0.133729 0.020013 4996 
1185073426 13811 47618 6.895663 102 1856 2268 111.737166 0.133493 0.019861 5000 
1185173426 13840 47764 6.902312 102 1858 2270 111.950723 0.133621 0.019726 5004 
1185273426 13867 47906 6.909353 102 1858 2274 112.221100 0.133825 0.019587 5006 
1185373426 13906 48076 6.914425 102 1860 2278 112.439379 0.133830 0.019440 5008 
1185473426 13942 48266 6.923827 102 1858 2282 112.760580 0.133855 0.019407 5014 
1185573426 13986 48454 6.928929 102 1860 2291 113.047476 0.133875 0.019277 5020 
1185673426 14010 48580 6.935046 102 1865 2285 113.344040 0.133501 0.019209 5024 
1185773426 14051 48764 6.941001 102 1868 2293 113.615401 0.133331 0.019025 5027 
1185873426 14090 48960 6.949610 102 1869 2302 114.033357 0.133012 0.018902 5032 
1185973426 14118 49132 6.960193 102 1871 2299 114.417198 0.132988 0.018899 5035 
1186073426 14159 49333 6.968430 103 1874 2301 114.780705 0.132863 0.018767 5039 
1186173426 14208 49547 6.974521 103 1876 2321 115.121199 0.132722 0.018857 5051 
1186273426 14234 49698 6.982998 103 1869 2335 115.444710 0.132695 0.018771 5054 
1186373426 14272 49879 6.989770 103 1872 2340 115.815863 0.132304 0.018776 5058 
1186473426 14315 50120 7.002445 103 1867 2361 116.316032 0.132573 0.018594 5065 
1186573426 14348 50334 7.016170 103 1863 2362 116.890995 0.131793 0.018635 5067 
1186673426 14387 50583 7.031765 103 1870 2354 117.489261 0.131930 0.018417 5079 
1186773426 14425 50777 7.040139 103 1869 2360 117.834593 0.132646 0.018325 5089 
1186873426 14455 50919 7.045175 103 1870 2366 118.093947 0.132500 0.018243 5095 
1186973426 14478 51059 7.053322 103 1870 2363 118.462357 0.132284 0.018170 5104 
1187073426 14511 51236 7.061677 105 1868 2373 118.885673 0.131812 0.018037 5110 
1187173426 14547 51436 7.071699 105 1865 2382 119.265278 0.132177 0.018100 5117 
1187273426 14584 51600 7.076248 105 1861 2402 119.537164 0.132189 0.017992 5121 
1187373426 14615 51802 7.088881 105 1856 2399 120.076223 0.132644 0.017971 5129 
1187473426 14643 51981 7.099775 106 1855 2401 120.454552 0.132962 0.017877 5132 
1187573426 14669 52136 7.108324 107 1854 2402 120.850092 0.133244 0.017793 5139 
1187673426 14702 52373 7.124609 107 1855 2398 121.495171 0.133656 0.017668 5151 
1187773426 14744 52537 7.126560 107 1865 2411 121.660065 0.134161 0.017763 5158 
1187873426 14778 52694 7.131412 107 1864 2415 121.892949 0.134623 0.017637 5166 
1187973426 14824 52879 7.134242 107 1874 2424 122.184970 0.134479 0.017552 5173 
1188073426 14851 53058 7.145377 107 1872 2427 122.646017 0.134573 0.017444 5182 
1188173426 14876 53233 7.156897 107 1876 2422 123.100430 0.134256 0.017310 5187 
1188273426 14916 53463 7.168544 107 1872 2425 123.547868 0.134278 0.017228 5193 
1188373426 14953 53667 7.178091 107 1876 2426 123.937270 0.134538 0.017143 5205 
1188473426 14981 53846 7.188572 107 1879 2427 124.319071 0.134487 0.017084 5213 
1188573426 15010 54020 7.197868 108 1874 2433 124.717655 0.133952 0.016982 5215 
1188673426 15039 54173 7.204335 108 1878 2427 125.006317 0.133511 0.017037 5218 
1188773426 15070 54326 7.209821 108 1882 2427 125.311214 0.133078 0.017068 5223 
1188873426 15096 54462 7.215421 108 1884 2433 125.611420 0.133487 0.016930 5228 
1188973426 15135 54687 7.226561 108 1884 2428 126.098183 0.133408 0.016986 5236 
1189073426 15174 54898 7.235798 108 1882 2439 126.507711 0.133333 0.016748 5239 
1189173426 15207 55073 7.243112 108 1882 2442 126.903926 0.132229 0.016655 5244 
1189273426 15246 55233 7.245573 108 1884 2461 127.122917 0.132391 0.016577 5251 
1189373426 15273 55399 7.254501 108 1869 2481 127.503830 0.132255 0.016519 5258 
1189473426 15333 55628 7.255984 108 1888 2487 127.727516 0.132910 0.016379 5265 
1189573426 15376 55846 7.264048 109 1889 2495 128.069849 0.133109 0.016295 5269 
1189673426 15418 56013 7.265923 109 1898 2496 128.237385 0.133526 0.016185 5273 
1189773426 15441 56152 7.273104 109 1899 2500 128.568616 0.133497 0.016104 5280 
1189873426 15480 56321 7.276615 110 1906 2506 128.814212 0.133231 0.016026 5284 
1189973426 15510 56483 7.283430 110 1909 2511 129.159510 0.133161 0.015937 5290 
1190073426 15563 56697 7.286127 110 1907 2529 129.397417 0.133033 0.015831 5297 
1190173426 15612 56943 7.294773 110 1914 2528 129.890725 0.132496 0.015781 5307 
1190273426 15667 57184 7.299930 110 1922 2536 130.194166 0.132378 0.015655 5313 
1190373426 15714 57405 7.306224 111 1927 2557 130.584065 0.132481 0.015607 5324 
1190473426 15750 57574 7.310984 111 1934 2557 130.838095 0.132204 0.015654 5331 
1190573426 15795 57726 7.309402 111 1947 2556 130.939918 0.132478 0.015539 5335 
1190673426 15846 57909 7.308974 111 1964 2568 131.098826 0.132604 0.015339 5344 
1190773426 15914 58135 7.306146 113 1982 2581 131.224205 0.132602 0.015140 5348 
1190873426 15965 58393 7.315127 114 1987 2586 131.696586 0.132169 0.015029 5359 
1190973426 16013 58601 7.319178 115 1996 2585 132.041716 0.131535 0.015118 5365 
1191073426 16050 58731 7.318505 115 2006 2593 132.154766 0.131740 0.015051 5372 
1191173426 16092 58872 7.316928 115 2012 2605 132.207308 0.131681 0.015075 5376 
1191273426 16160 59099 7.314233 115 2029 2624 132.311015 0.131907 0.014978 5385 
1191373426 16211 59360 7.323422 117 2041 2623 132.837950 0.131473 0.015033 5403 
1191473426 16270 59588 7.324892 117 2055 2627 133.112477 0.131594 0.014926 5411 
1191573426 16322 59794 7.326798 117 2062 2634 133.311972 0.131432 0.015033 5422 
1191673426 16367 59948 7.325472 117 2071 2642 133.414309 0.131527 0.014957 5428 
1191773426 16400 60066 7.325122 117 2082 2651 133.560244 0.131493 0.014923 5433 
1191873426 16443 60279 7.331874 117 2083 2658 133.926169 0.131361 0.014854 5441 
1191973426 16499 60514 7.335475 117 2096 2664 134.264501 0.130955 0.014757 5449 
1192073426 16556 60719 7.334984 117 2114 2667 134.501087 0.130820 0.014633 5453 
1192173426 16607 60919 7.336545 117 2128 2672 134.730415 0.130976 0.014683 5460 
1192273426 16641 61047 7.336939 117 2131 2685 134.894177 0.130960 0.014635 5462 
1192373426 16670 61168 7.338692 117 2137 2689 135.073545 0.130756 0.014580 5465 
1192473426 16707 61348 7.343988 117 2135 2706 135.431137 0.130766 0.014624 5476 
1192573426 16758 61601 7.351832 117 2143 2712 135.907746 0.130922 0.014629 5492 
1192673426 16810 61836 7.357049 119 2153 2720 136.324807 0.130428 0.014546 5500 
1192773426 16874 62062 7.355932 119 2178 2722 136.554700 0.130061 0.014407 5511 
1192873426 16902 62194 7.359366 119 2182 2728 136.771270 0.130252 0.014304 5516 
1192973426 16920 62277 7.361348 120 2188 2731 136.997281 0.129905 0.014230 5528 
1193073426 16949 62425 7.366216 120 2199 2720 137.280430 0.129698 0.014192 5532 
1193173426 16990 62665 7.376692 121 2201 2721 137.762095 0.129548 0.014083 5537 
1193273426 17044 62892 7.379958 121 2212 2736 138.123211 0.129752 0.014248 5556 
1193373426 17101 63101 7.379802 121 2229 2747 138.362903 0.129635 0.014141 5565 
1193473426 17124 63240 7.386125 121 2227 2747 138.660944 0.129771 0.014107 5571 
1193573426 17146 63325 7.386562 121 2234 2749 138.731249 0.129944 0.014069 5572 
1193673426 17174 63434 7.387213 121 2237 2749 138.853150 0.130323 0.014186 5577 
1193773426 17221 63647 7.391789 121 2237 2768 139.165786 0.130070 0.014089 5586 
1193873426 17264 63829 7.394462 121 2237 2788 139.446478 0.130251 0.013995 5592 
1193973426 17302 64026 7.400994 121 2236 2791 139.783724 0.130015 0.013877 5595 
1194073426 17340 64183 7.402884 123 2239 2804 139.981776 0.129944 0.013815 5598 
1194173426 17360 64308 7.408756 123 2234 2812 140.251613 0.129931 0.013923 5608 
1194273426 17394 64444 7.409911 123 2238 2820 140.441072 0.129586 0.014046 5621 
1194373426 17446 64652 7.411670 125 2250 2826 140.692766 0.129242 0.014076 5632 
1194473426 17482 64854 7.419517 126 2251 2828 141.090836 0.129224 0.014020 5643 
1194573426 17528 65086 7.426518 126 2258 2826 141.522022 0.129426 0.013954 5658 
1194673426 17576 65273 7.427515 126 2268 2833 141.710059 0.129985 0.014113 5666 
1194773426 17604 65401 7.430243 126 2271 2850 141.926608 0.129854 0.014057 5672 
1194873426 17636 65535 7.431957 126 2275 2866 142.116126 0.130069 0.014143 5679 
1194973426 17687 65767 7.436761 126 2290 2861 142.507604 0.129880 0.014066 5683 
1195073426 17734 65976 7.440623 126 2301 2874 142.868952 0.129845 0.013988 5693 
1195173426 17779 66179 7.444626 127 2314 2874 143.186906 0.129741 0.014050 5709 
1195273426 17826 66348 7.443958 127 2323 2882 143.343543 0.129903 0.014009 5716 
1195373426 17848 66480 7.449574 127 2328 2878 143.666181 0.129790 0.013938 5728 
1195473426 17879 66617 7.451983 127 2333 2884 143.896750 0.129720 0.013905 5734 
1195573426 17919 66825 7.458564 127 2332 2889 144.297450 0.129399 0.013789 5744 
1195673426 17955 66996 7.462657 127 2337 2897 144.638485 0.129067 0.013724 5756 
1195773426 17980 67120 7.466073 127 2342 2893 144.819355 0.129134 0.013710 5761 
1195873426 18006 67225 7.466955 127 2341 2900 144.916917 0.129013 0.013683 5763 
1195973426 18030 67358 7.471769 128 2345 2904 145.206212 0.128703 0.013737 5764 
1196073426 18050 67512 7.480554 128 2350 2902 145.630028 0.128608 0.013718 5774 
1196173426 18096 67706 7.482980 128 2359 2913 145.897325 0.128447 0.013615 5779 
1196273426 18139 67902 7.486852 128 2367 2924 146.241799 0.127796 0.013638 5784 
1196373426 18181 68092 7.490457 129 2376 2929 146.572356 0.127759 0.013570 5791 
1196473426 18214 68274 7.496871 129 2378 2931 146.911057 0.127861 0.013473 5805 
1196573426 18239 68399 7.500302 129 2382 2930 147.194254 0.127456 0.013450 5813 
1196673426 18272 68529 7.500985 129 2390 2928 147.374891 0.127797 0.013384 5818 
1196773426 18295 68702 7.510467 130 2390 2924 147.817874 0.127657 0.013386 5832 
1196873426 18325 68891 7.518799 131 2392 2932 148.291405 0.127522 0.013534 5851 
1196973426 18363 69059 7.521538 131 2398 2944 148.510156 0.127666 0.013452 5858 
1197073426 18402 69267 7.528203 131 2401 2950 148.951418 0.127575 0.013364 5865 
1197173426 18427 69409 7.533402 131 2393 2964 149.257068 0.127328 0.013331 5868 
1197273426 18464 69542 7.532712 131 2403 2972 149.337197 0.127121 0.013267 5868 
1197373426 18499 69682 7.533596 131 2408 2983 149.491432 0.127205 0.013220 5871 
1197473426 18536 69863 7.538088 133 2410 2992 149.789167 0.127087 0.013166 5880 
1197573426 18574 70032 7.540864 133 2420 2999 150.035749 0.126902 0.013132 5884 
1197673426 18614 70192 7.541850 133 2424 3008 150.206726 0.126899 0.013083 5890 
1197773426 18640 70302 7.543133 133 2433 3008 150.393348 0.126839 0.013064 5899 
1197873426 18673 70447 7.545333 135 2443 3011 150.639319 0.126775 0.013016 5916 
1197973426 18697 70556 7.547307 135 2447 3020 150.843451 0.126837 0.012990 5921 
1198073426 18741 70705 7.545489 136 2456 3037 151.010192 0.126352 0.012929 5927 
1198173426 18790 70865 7.542842 136 2476 3040 151.140287 0.125932 0.012889 5930 
1198273426 18825 71022 7.545498 136 2485 3044 151.396760 0.126011 0.012877 5939 
1198373426 18852 71141 7.547316 136 2490 3055 151.551347 0.126182 0.012954 5947 
1198473426 18873 71235 7.548879 136 2489 3058 151.685583 0.126209 0.013056 5955 
1198573426 18892 71349 7.553356 136 2492 3053 151.878255 0.126250 0.013021 5956 
1198673426 18899 71412 7.557225 136 2491 3053 152.080322 0.126257 0.013017 5961 
1198773426 18923 71513 7.558315 136 2503 3047 152.220155 0.126152 0.012995 5966 
1198873426 18948 71666 7.564492 136 2506 3046 152.538526 0.125887 0.012961 5968 
1198973426 18971 71822 7.571767 136 2502 3058 152.939961 0.125317 0.013011 5975 
1199073426 19008 71956 7.571128 136 2510 3060 153.081755 0.125356 0.013149 5988 
1199173426 19033 72083 7.574528 136 2515 3067 153.260547 0.125469 0.013114 5994 
1199273426 19060 72219 7.578069 136 2513 3081 153.430640 0.125671 0.013080 5997 
1199373426 19093 72336 7.577227 136 2518 3087 153.490075 0.125608 0.013016 6001 
1199473426 19121 72471 7.580252 136 2524 3092 153.734114 0.125435 0.012997 6008 
1199573426 19150 72585 7.580679 136 2526 3101 153.842193 0.125383 0.012964 6010 
1199673426 19188 72694 7.577027 136 2540 3117 153.899625 0.125239 0.012930 6013 
1199773426 19215 72832 7.580744 136 2539 3122 154.160083 0.125114 0.012896 6021 
1199873426 19238 72950 7.583948 136 2543 3124 154.357522 0.125115 0.012956 6026 
1199973426 19263 73074 7.586980 136 2547 3130 154.546021 0.125030 0.013020 6032 
1200073426 19305 73210 7.584564 136 2557 3136 154.590624 0.125099 0.012969 6034 
1200173426 19337 73348 7.586285 136 2559 3149 154.820810 0.124775 0.012931 6040 
1200273426 19364 73456 7.586862 136 2559 3159 154.914274 0.124921 0.013173 6048 
1200373426 19401 73619 7.589196 136 2565 3168 155.165301 0.125022 0.013273 6058 
1200473426 19441 73776 7.589733 137 2572 3173 155.315467 0.125019 0.013342 6063 
1200573426 19478 73920 7.590102 138 2582 3182 155.486908 0.124460 0.013408 6065 
1200673426 19513 74075 7.592374 138 2585 3190 155.672629 0.124363 0.013348 6070 
1200773426 19539 74185 7.593531 138 2585 3199 155.788321 0.124386 0.013288 6072 
1200873426 19557 74300 7.598302 138 2584 3204 156.002045 0.124687 0.013216 6074 
1200973426 19593 74457 7.600367 138 2595 3209 156.203032 0.124581 0.013118 6079 
1201073426 19642 74630 7.599023 139 2608 3225 156.434579 0.124031 0.013197 6090 
1201173426 19682 74780 7.598821 139 2621 3229 156.599634 0.124354 0.013157 6096 
1201273426 19721 74942 7.600223 139 2634 3231 156.821966 0.124403 0.013157 6106 
1201373426 19777 75192 7.603984 139 2639 3238 157.183698 0.124365 0.013200 6117 
1201473426 19809 75346 7.607249 140 2640 3252 157.397547 0.124338 0.013149 6125 
1201573426 19863 75564 7.608518 140 2654 3258 157.688567 0.124656 0.013033 6135 
1201673426 19911 75797 7.613580 140 2653 3269 158.048014 0.124602 0.013002 6145 
1201773426 19955 75949 7.612027 140 2668 3276 158.113956 0.124863 0.012963 6150 
1201873426 19989 76087 7.612887 140 2684 3275 158.266547 0.124841 0.012871 6153 
1201973426 20017 76208 7.614328 140 2691 3275 158.418944 0.124684 0.012828 6158 
1202073426 20044 76301 7.613351 140 2705 3275 158.501397 0.124403 0.012789 6160 
1202173426 20074 76427 7.614526 140 2711 3282 158.695726 0.124548 0.012777 6167 
1202273426 20090 76507 7.616426 140 2714 3281 158.788054 0.124526 0.012755 6167 
1202373426 20130 76662 7.616692 140 2724 3284 158.975559 0.124297 0.012836 6180 
1202473426 20180 76825 7.613974 140 2728 3304 159.036868 0.124515 0.012871 6187 
1202573426 20216 77030 7.620696 140 2736 3307 159.445588 0.124629 0.012828 6195 
1202673426 20247 77156 7.621475 140 2747 3307 159.597274 0.124497 0.012793 6200 
1202773426 20287 77364 7.626953 141 2757 3303 159.976340 0.124439 0.012739 6203 
1202873426 20331 77588 7.632482 141 2763 3302 160.367714 0.124324 0.012800 6220 
1202973426 20377 77815 7.637533 141 2772 3314 160.746430 0.124011 0.012748 6228 
1203073426 20411 77984 7.641370 143 2775 3316 161.004164 0.123662 0.012799 6232 
1203173426 20448 78106 7.639476 145 2788 3316 161.050861 0.123654 0.012755 6234 
1203273426 20473 78236 7.642847 145 2791 3318 161.257656 0.123837 0.012841 6242 
1203373426 20509 78435 7.648837 145 2797 3321 161.636842 0.123708 0.012802 6253 
1203473426 20554 78648 7.652817 145 2803 3323 161.996108 0.123492 0.012799 6262 
1203573426 20598 78843 7.655403 145 2811 3332 162.340907 0.123745 0.012760 6277 
1203673426 20625 78987 7.659345 146 2809 3337 162.555248 0.123604 0.012875 6281 
1203773426 20660 79128 7.660019 146 2818 3346 162.697773 0.123713 0.012952 6287 
1203873426 20679 79233 7.663137 146 2824 3346 162.871125 0.123753 0.012912 6289 
1203973426 20729 79405 7.661248 148 2841 3351 163.080129 0.123370 0.012872 6294 
1204073426 20775 79615 7.664501 148 2851 3359 163.423827 0.123447 0.012805 6304 
1204173426 20833 79844 7.665147 148 2858 3375 163.671387 0.123274 0.012847 6314 
1204273426 20886 80036 7.664081 148 2867 3393 163.798717 0.123439 0.012775 6318 
1204373426 20915 80157 7.665025 148 2873 3397 163.974372 0.123359 0.012750 6323 
1204473426 20945 80324 7.669993 148 2868 3417 164.275101 0.123190 0.012709 6327 
1204573426 20975 80483 7.674184 148 2874 3422 164.574112 0.123333 0.012670 6339 
1204673426 21044 80760 7.675347 151 2885 3442 164.903060 0.123010 0.012570 6352 
1204773426 21098 80977 7.676273 152 2891 3460 165.113565 0.123292 0.012527 6357 
1204873426 21150 81185 7.677069 153 2910 3472 165.384870 0.123007 0.012512 6373 
1204973426 21189 81355 7.678984 153 2908 3487 165.617632 0.122799 0.012461 6376 
1205073426 21230 81490 7.676872 153 2917 3503 165.678191 0.122833 0.012424 6384 
1205173426 21276 81671 7.677289 153 2924 3510 165.852510 0.122801 0.012579 6391 
1205273426 21331 81881 7.677183 153 2943 3515 166.114200 0.122685 0.012541 6404 
1205373426 21381 82087 7.678500 153 2956 3512 166.323839 0.122880 0.012536 6418 
1205473426 21420 82269 7.681513 153 2964 3512 166.591036 0.122907 0.012510 6425 
1205573426 21454 82392 7.680805 153 2976 3518 166.704298 0.122920 0.012480 6432 
1205673426 21470 82470 7.682347 154 2977 3522 166.875175 0.122844 0.012464 6437 
1205773426 21510 82627 7.682659 155 2992 3534 167.090470 0.122838 0.012427 6447 
1205873426 21582 82862 7.678806 156 3007 3556 167.195811 0.122603 0.012399 6459 
1205973426 21613 83043 7.684542 156 3006 3566 167.586638 0.121909 0.012378 6464 
1206073426 21655 83230 7.686908 156 3010 3581 167.820365 0.121801 0.012309 6467 
1206173426 21685 83378 7.689924 157 3010 3589 168.019737 0.121625 0.012279 6470 
1206273426 21712 83505 7.692060 157 3016 3590 168.207996 0.121701 0.012347 6481 
1206373426 21737 83626 7.694346 157 3014 3600 168.392234 0.121573 0.012325 6485 
1206473426 21794 83837 7.693585 157 3026 3616 168.535744 0.121613 0.012266 6489 
1206573426 21833 84027 7.697247 157 3031 3628 168.781478 0.121600 0.012213 6493 
1206673426 21881 84293 7.704675 157 3032 3639 169.219963 0.121283 0.012135 6500 
1206773426 21925 84501 7.708187 157 3037 3650 169.523558 0.121023 0.012079 6505 
1206873426 21969 84660 7.707224 157 3052 3657 169.659975 0.121158 0.012047 6512 
1206973426 22008 84868 7.712468 158 3050 3669 170.043075 0.120951 0.012082 6523 
1207073426 22058 85097 7.715749 159 3057 3673 170.333303 0.120904 0.011980 6528 
1207173426 22132 85375 7.715073 159 3077 3688 170.551148 0.120915 0.011930 6539 
1207273426 22187 85649 7.720647 159 3073 3711 170.997160 0.120808 0.011831 6554 
1207373426 22242 85877 7.722057 159 3088 3715 171.272098 0.120921 0.011817 6568 
1207473426 22288 86024 7.719311 159 3099 3729 171.303751 0.121149 0.011791 6574 
1207573426 22328 86226 7.723576 160 3099 3748 171.660426 0.120822 0.011760 6584 
1207673426 22371 86450 7.728756 160 3108 3745 172.043002 0.120504 0.011727 6589 
1207773426 22425 86683 7.730925 160 3118 3750 172.340067 0.120476 0.011677 6602 
1207873426 22482 86930 7.733298 160 3127 3764 172.709279 0.120350 0.011683 6624 
1207973426 22533 87146 7.734966 160 3135 3777 172.926641 0.120422 0.011653 6630 
1208073426 22555 87260 7.737530 160 3131 3788 173.120904 0.120391 0.011631 6636 
1208173426 22590 87411 7.738911 160 3131 3803 173.287118 0.120576 0.011601 6646 
1208273426 22650 87639 7.738543 160 3144 3821 173.493598 0.120425 0.011542 6654 
1208373426 22693 87896 7.746530 160 3148 3833 173.942802 0.120350 0.011450 6664 
1208473426 22745 88167 7.752649 160 3153 3838 174.440712 0.120584 0.011399 6680 
1208573426 22802 88421 7.755548 160 3169 3849 174.773792 0.120624 0.011487 6698 
1208673426 22828 88538 7.756965 160 3174 3858 174.960838 0.120708 0.011463 6706 
1208773426 22858 88699 7.760871 160 3182 3859 175.242453 0.120553 0.011441 6713 
1208873426 22903 88917 7.764660 160 3190 3861 175.538750 0.120435 0.011390 6718 
1208973426 22956 89152 7.767207 160 3199 3872 175.777662 0.120588 0.011350 6728 
1209073426 23014 89406 7.769705 160 3203 3887 176.140262 0.120599 0.011486 6747 
1209173426 23061 89570 7.768093 160 3209 3905 176.224708 0.120665 0.011448 6753 
1209273426 23090 89711 7.770550 160 3212 3914 176.394630 0.120627 0.011389 6756 
1209373426 23134 89866 7.769171 160 3226 3926 176.541108 0.120449 0.011272 6760 
1209473426 23192 90081 7.768282 160 3242 3933 176.692566 0.120682 0.011425 6770 
1209573426 23255 90309 7.766846 161 3260 3938 176.856848 0.120554 0.011347 6778 
1209673426 23310 90565 7.770485 161 3272 3952 177.200858 0.120572 0.011312 6785 
1209773426 23358 90808 7.775323 162 3277 3953 177.552958 0.120479 0.011390 6794 
1209873426 23383 90990 7.782577 162 3278 3941 177.931916 0.120258 0.011368 6800 
1209973426 23427 91184 7.784522 162 3284 3952 178.194647 0.120082 0.011278 6806 
1210073426 23476 91411 7.787613 162 3291 3956 178.472397 0.120108 0.011286 6817 
1210173426 23532 91623 7.787098 162 3313 3953 178.648904 0.119978 0.011408 6827 
1210273426 23579 91853 7.791085 162 3310 3968 178.935324 0.119743 0.011324 6833 
1210373426 23627 92054 7.792272 162 3325 3972 179.168578 0.119789 0.011376 6845 
1210473426 23672 92229 7.792244 162 3336 3978 179.315140 0.119819 0.011311 6859 
1210573426 23716 92417 7.793641 162 3337 3990 179.502614 0.120132 0.011487 6872 
1210673426 23759 92600 7.794941 162 3347 3998 179.730376 0.119905 0.011453 6877 
1210773426 23812 92817 7.795817 162 3357 4006 179.976314 0.119960 0.011416 6887 
1210873426 23865 93067 7.799455 162 3362 4023 180.397737 0.119944 0.011388 6906 
1210973426 23911 93271 7.801514 162 3363 4030 180.638785 0.120045 0.011360 6915 
1211073426 23960 93431 7.798915 162 3382 4038 180.696494 0.120137 0.011284 6922 
1211173426 23999 93605 7.800742 162 3391 4038 180.973291 0.119883 0.011291 6936 
1211273426 24057 93825 7.800224 162 3412 4048 181.218938 0.119938 0.011245 6944 
1211373426 24104 94039 7.802771 162 3423 4059 181.491039 0.120060 0.011208 6950 
1211473426 24153 94259 7.805159 163 3425 4070 181.811452 0.120086 0.011261 6968 
1211573426 24210 94488 7.805700 163 3439 4078 182.019413 0.120003 0.011273 6978 
1211673426 24241 94663 7.810156 163 3442 4086 182.277381 0.119973 0.011211 6987 
1211773426 24274 94807 7.811403 163 3446 4089 182.408997 0.119935 0.011200 6997 
1211873426 24315 94980 7.812461 164 3453 4093 182.590335 0.119821 0.011177 7004 
1211973426 24366 95172 7.811869 164 3456 4110 182.727571 0.119785 0.011082 7015 
1212073426 24415 95397 7.814622 164 3467 4119 183.031743 0.119709 0.011257 7027 
1212173426 24468 95660 7.819192 164 3468 4137 183.379189 0.119791 0.011258 7043 
1212273426 24520 95823 7.815905 164 3481 4148 183.384584 0.119776 0.011309 7052 
1212373426 24557 95969 7.816020 164 3485 4162 183.480393 0.119792 0.011286 7057 
1212473426 24615 96216 7.817672 165 3487 4173 183.686858 0.119667 0.011261 7066 
1212573426 24668 96438 7.818875 165 3499 4172 183.888033 0.119754 0.011191 7079 
1212673426 24726 96634 7.816388 165 3512 4182 183.995309 0.119579 0.011162 7090 
1212773426 24792 96875 7.815021 166 3515 4198 184.043562 0.119698 0.011232 7100 
1212873426 24844 97083 7.815408 166 3519 4211 184.226292 0.119688 0.011201 7113 
1212973426 24899 97257 7.812121 166 3531 4229 184.242660 0.119690 0.011173 7123 
1213073426 24964 97472 7.809005 167 3538 4244 184.284089 0.119918 0.011112 7136 
1213173426 25020 97684 7.808473 168 3547 4258 184.428937 0.119876 0.011049 7141 
1213273426 25073 97900 7.809197 168 3553 4282 184.719659 0.119565 0.011083 7149 
1213373426 25127 98115 7.809528 169 3560 4299 184.880885 0.119452 0.011054 7161 
1213473426 25165 98274 7.810372 169 3562 4311 185.014584 0.119252 0.011150 7171 
1213573426 25211 98446 7.809766 169 3573 4312 185.141565 0.119076 0.011123 7180 
1213673426 25280 98707 7.809098 169 3586 4328 185.211630 0.119237 0.011073 7182 
1213773426 25330 98961 7.813739 170 3594 4336 185.626530 0.118869 0.011046 7195 
1213873426 25368 99154 7.817250 170 3600 4344 185.892463 0.118893 0.011031 7209 
1213973426 25434 99381 7.814815 171 3625 4352 186.059291 0.118644 0.010936 7216 
1214073426 25486 99565 7.813309 171 3635 4363 186.094797 0.118654 0.010898 7221 
1214173426 25529 99747 7.814407 171 3638 4370 186.299424 0.118451 0.010876 7228 
1214273426 25607 100027 7.812473 171 3654 4384 186.436756 0.118575 0.010827 7239 
1214373426 25679 100301 7.811909 171 3668 4395 186.571362 0.118784 0.010786 7249 
1214473426 25736 100535 7.812791 171 3675 4409 186.817765 0.118563 0.010719 7258 
1214573426 25816 100779 7.807484 171 3694 4435 186.788348 0.118703 0.010652 7262 
1214673426 25890 101002 7.802395 171 3712 4454 186.744226 0.118865 0.010678 7267 
1214773426 25939 101214 7.804002 171 3706 4470 186.887081 0.119129 0.010600 7275 
1214873426 26015 101489 7.802345 171 3719 4491 187.010417 0.119295 0.010626 7285 
1214973426 26087 101778 7.802967 172 3727 4508 187.211101 0.119228 0.010612 7292 
1215073426 26141 102061 7.808500 173 3727 4518 187.583796 0.119178 0.010650 7304 
1215173426 26203 102250 7.804450 173 3742 4542 187.596611 0.119289 0.010620 7310 
1215273426 26235 102383 7.805070 173 3749 4543 187.719992 0.119287 0.010616 7318 
1215373426 26276 102563 7.806592 174 3753 4552 187.926244 0.119191 0.010592 7325 
1215473426 26349 102821 7.804547 174 3779 4561 188.062773 0.119076 0.010550 7332 
1215573426 26439 103129 7.801278 174 3797 4580 188.145618 0.119552 0.010591 7352 
1215673426 26525 103420 7.797926 174 3813 4610 188.335834 0.119705 0.010551 7372 
1215773426 26589 103654 7.796758 174 3825 4621 188.463124 0.119966 0.010611 7382 
1215873426 26630 103845 7.799099 174 3835 4618 188.667293 0.119842 0.010664 7391 
1215973426 26674 104048 7.801455 174 3838 4623 188.888281 0.119896 0.010654 7402 
1216073426 26736 104298 7.802065 174 3848 4631 189.048250 0.120036 0.010581 7414 
1216173426 26823 104647 7.802781 174 3854 4658 189.244976 0.120128 0.010514 7429 
1216273426 26898 104929 7.801993 174 3865 4683 189.414603 0.120487 0.010485 7446 
1216373426 26969 105169 7.799251 174 3887 4704 189.479106 0.120390 0.010437 7448 
1216473426 27008 105369 7.802799 175 3881 4715 189.715047 0.120375 0.010503 7464 
1216573426 27057 105571 7.803600 176 3884 4729 189.852534 0.120323 0.010519 7476 
1216673426 27151 105873 7.798829 176 3902 4757 189.847667 0.120696 0.010759 7492 
1216773426 27253 106211 7.794445 177 3925 4768 189.879059 0.120693 0.010801 7504 
1216873426 27368 106553 7.786685 177 3963 4781 189.860932 0.120778 0.010692 7514 
1216973426 27456 106837 7.782416 177 3986 4796 189.935679 0.120518 0.010640 7519 
1217073426 27521 107068 7.780822 177 3991 4816 189.993242 0.120748 0.010582 7526 
1217173426 27590 107292 7.777601 177 4011 4831 190.035375 0.120803 0.010596 7534 
1217273426 27673 107586 7.775521 177 4018 4855 190.193112 0.121017 0.010618 7549 
1217373426 27772 107929 7.772505 177 4028 4883 190.315426 0.120933 0.010709 7560 
1217473426 27872 108280 7.769805 177 4051 4903 190.506745 0.120977 0.010639 7573 
1217573426 27950 108619 7.772379 177 4056 4910 190.753345 0.121062 0.010582 7581 
1217673426 28030 108891 7.769604 177 4070 4922 190.818623 0.121199 0.010572 7590 
1217773426 28093 109121 7.768554 178 4077 4946 190.928843 0.121270 0.010650 7601 
1217873426 28185 109454 7.766826 178 4095 4973 191.110520 0.121297 0.010679 7612 
1217973426 28303 109845 7.762075 178 4126 5000 191.215348 0.121455 0.010695 7624 
1218073426 28426 110249 7.756913 179 4161 5006 191.300148 0.121812 0.010757 7650 
1218173426 28539 110627 7.752689 179 4181 5035 191.361365 0.121833 0.010734 7658 
1218273426 28592 110888 7.756575 179 4186 5033 191.674594 0.121669 0.010779 7670 
1218373426 28655 111080 7.752923 179 4186 5067 191.615983 0.121904 0.010870 7676 
1218473426 28738 111365 7.750365 179 4191 5101 191.745494 0.121710 0.010833 7690 
1218573426 28852 111725 7.744697 180 4210 5141 191.819839 0.121752 0.010871 7707 
1218673426 28951 112090 7.743429 180 4228 5158 192.012366 0.121782 0.010776 7723 
1218773426 29046 112466 7.743992 180 4240 5183 192.230255 0.121891 0.010699 7735 
1218873426 29138 112765 7.740065 180 4262 5206 192.279498 0.122083 0.010656 7750 
1218973426 29228 113023 7.733885 180 4291 5216 192.221432 0.122450 0.010604 7760 
1219073426 29306 113378 7.737528 181 4296 5232 192.561182 0.122420 0.010679 7786 
1219173426 29435 113821 7.733718 182 4311 5256 192.643588 0.122755 0.010639 7801 
1219273426 29546 114218 7.731537 184 4324 5279 192.798687 0.122756 0.010709 7817 
1219373426 29657 114617 7.729507 184 4326 5319 192.862865 0.123156 0.010668 7837 
1219473426 29758 114972 7.727132 184 4337 5351 192.943410 0.123276 0.010577 7850 
1219573426 29836 115245 7.725231 184 4356 5363 192.980896 0.123558 0.010539 7857 
1219673426 29934 115579 7.722256 185 4366 5381 193.035745 0.123506 0.010550 7870 
1219773426 30072 116020 7.716148 185 4390 5409 193.027933 0.124015 0.010548 7893 
1219873426 30180 116467 7.718158 185 4386 5437 193.342081 0.123924 0.010643 7914 
1219973426 30277 116863 7.719589 185 4396 5450 193.601215 0.124007 0.010588 7930 
1220073426 30383 117180 7.713524 187 4414 5491 193.571800 0.124311 0.010530 7951 
1220173426 30432 117406 7.715957 187 4413 5491 193.753089 0.124360 0.010473 7956 
1220273426 30480 117645 7.719488 187 4424 5478 194.016995 0.124037 0.010411 7964 
1220373426 30532 117889 7.722324 187 4430 5484 194.213284 0.124140 0.010398 7976 
1220473426 30579 118136 7.726610 187 4419 5495 194.448216 0.124141 0.010443 7983 
1220573426 30616 118394 7.734126 188 4404 5504 194.826431 0.124150 0.010416 7999 
1220673426 30692 118667 7.732764 188 4409 5538 194.926039 0.124072 0.010387 8007 
1220773426 30762 118983 7.735713 188 4404 5551 195.131071 0.124101 0.010372 8020 
1220873426 30833 119240 7.734570 188 4411 5573 195.254500 0.123882 0.010342 8026 
1220973426 30928 119702 7.740688 188 4393 5580 195.601655 0.123918 0.010289 8040 
1221073426 31051 120077 7.734179 189 4422 5598 195.516215 0.124135 0.010220 8051 
1221173426 31159 120462 7.732084 189 4430 5634 195.615970 0.124211 0.010275 8060 
1221273426 31277 120846 7.727467 191 4456 5652 195.652077 0.124114 0.010297 8075 
1221373426 31363 121193 7.728406 191 4453 5680 195.881644 0.123920 0.010277 8089 
1221473426 31433 121494 7.730347 191 4453 5696 196.091942 0.123877 0.010210 8099 
1221573426 31528 121869 7.730842 192 4461 5714 196.276072 0.124030 0.010227 8117 
1221673426 31695 122438 7.726014 193 4492 5752 196.394068 0.124129 0.010181 8138 
1221773426 31814 122915 7.727101 193 4497 5772 196.586974 0.124428 0.010182 8151 
1221873426 31929 123320 7.724639 193 4520 5783 196.714523 0.124560 0.010108 8165 
1221973426 32034 123677 7.721608 193 4531 5794 196.759568 0.124438 0.010025 8179 
1222073426 32119 124018 7.722407 193 4538 5804 196.921822 0.124665 0.009961 8195 
1222173426 32225 124431 7.722638 194 4541 5819 197.056261 0.124579 0.009900 8209 
1222273426 32352 124846 7.717977 194 4573 5828 197.095450 0.124681 0.009878 8224 
1222373426 32467 125284 7.717621 194 4590 5845 197.353497 0.124851 0.009827 8249 
1222473426 32579 125678 7.715277 194 4602 5867 197.400227 0.125153 0.009797 8258 
1222573426 32659 125946 7.712790 194 4606 5884 197.392633 0.125256 0.009762 8262 
1222673426 32765 126305 7.709751 194 4619 5914 197.453624 0.125249 0.009682 8277 
1222773426 32857 126749 7.715190 194 4619 5922 197.871139 0.125105 0.009624 8290 
1222873426 32979 127182 7.712908 194 4638 5959 198.073926 0.125059 0.009563 8305 
1222973426 33085 127693 7.719087 194 4643 5963 198.500106 0.125334 0.009563 8323 
1223073426 33205 128194 7.721367 197 4663 5970 198.803554 0.125192 0.009484 8339 
1223173426 33282 128554 7.725137 197 4656 5984 199.076558 0.125451 0.009450 8360 
1223273426 33367 128887 7.725417 197 4652 6021 199.286421 0.125558 0.009389 8384 
1223373426 33470 129303 7.726501 198 4662 6028 199.554407 0.125508 0.009288 8407 
1223473426 33600 129803 7.726369 198 4687 6055 199.791429 0.125356 0.009182 8419 
1223573426 33747 130243 7.718790 199 4712 6096 199.647495 0.125669 0.009100 8434 
1223673426 33870 130766 7.721642 200 4732 6112 200.038028 0.125523 0.009105 8457 
1223773426 33966 131107 7.719896 202 4750 6127 200.139198 0.125525 0.009083 8466 
1223873426 34055 131529 7.724504 203 4750 6137 200.532961 0.125438 0.009021 8484 
1223973426 34185 132101 7.728594 205 4767 6138 200.898640 0.125749 0.008871 8511 
1224073426 34292 132512 7.728450 205 4773 6167 201.009682 0.125906 0.008840 8523 
1224173426 34417 133017 7.729727 206 4789 6180 201.306564 0.126027 0.008738 8545 
1224273426 34569 133614 7.730279 206 4795 6211 201.515288 0.126095 0.008691 8561 
1224373426 34660 133921 7.727698 206 4803 6227 201.525620 0.126167 0.008653 8566 
1224473426 34754 134299 7.728549 206 4807 6243 201.684526 0.126244 0.008587 8578 
1224573426 34906 134893 7.728929 207 4828 6251 201.933249 0.126184 0.008614 8607 
1224673426 35031 135360 7.728012 208 4849 6260 202.060975 0.126306 0.008578 8628 
1224773426 35171 135926 7.729436 208 4859 6278 202.324813 0.126600 0.008503 8650 
1224873426 35306 136479 7.731207 208 4873 6283 202.661814 0.126590 0.008475 8674 
1224973426 35389 136837 7.733307 208 4874 6305 202.895250 0.126714 0.008476 8691 
1225073426 35476 137159 7.732495 208 4878 6333 203.029936 0.126603 0.008607 8702 
1225173426 35618 137713 7.732776 208 4888 6359 203.300578 0.126358 0.008490 8719 
1225273426 35741 138142 7.730170 208 4904 6394 203.329565 0.126564 0.008486 8727 
1225373426 35845 138580 7.732180 210 4910 6421 203.645306 0.126578 0.008434 8750 
1225473426 35996 139109 7.729137 210 4929 6472 203.819202 0.126576 0.008395 8765 
1225573426 36076 139458 7.731345 210 4931 6496 204.072015 0.126682 0.008441 8776 
1225673426 36153 139785 7.732968 210 4929 6515 204.217963 0.126765 0.008591 8787 
1225773426 36307 140380 7.732944 210 4942 6545 204.466356 0.126643 0.008523 8815 
1225873426 36427 140826 7.731957 211 4950 6553 204.531474 0.127077 0.008437 8830 
1225973426 36549 141290 7.731538 211 4973 6556 204.692769 0.127071 0.008460 8848 
1226073426 36701 141850 7.730035 212 4984 6598 204.821558 0.127091 0.008313 8866 
1226173426 36814 142327 7.732221 213 4982 6613 205.038029 0.127168 0.008240 8881 
1226273426 36907 142783 7.737448 213 4984 6610 205.420923 0.127041 0.008202 8895 
1226373426 37058 143514 7.745372 213 4968 6635 205.890118 0.127051 0.008131 8918 
1226473426 37242 144206 7.744267 213 4984 6678 206.074969 0.127263 0.008207 8944 
1226573426 37404 144774 7.741097 214 5007 6689 206.150946 0.127355 0.008133 8959 
1226673426 37596 145431 7.736515 214 5041 6722 206.160762 0.127735 0.008097 8977 
1226773426 37719 146002 7.741563 215 5042 6729 206.531350 0.127518 0.008042 8993 
1226873426 37825 146482 7.745248 215 5030 6762 206.782816 0.127520 0.008037 9003 
1226973426 37987 147161 7.747966 216 5040 6792 207.140022 0.127356 0.008074 9028 
1227073426 38170 147827 7.745717 216 5058 6824 207.329316 0.127273 0.008132 9057 
1227173426 38309 148401 7.747579 217 5056 6867 207.568039 0.127102 0.008145 9073 
1227273426 38465 148986 7.746575 217 5083 6868 207.715170 0.127323 0.008152 9101 
1227373426 38603 149468 7.743854 217 5086 6915 207.743854 0.127503 0.008146 9120 
1227473426 38708 149923 7.746357 217 5086 6923 207.971582 0.127346 0.008112 9130 
1227573426 38868 150538 7.746115 217 5094 6948 208.124370 0.127724 0.008053 9158 
1227673426 39046 151229 7.746197 217 5114 6965 208.354249 0.127881 0.007981 9178 
1227773426 39167 151741 7.748411 217 5113 6983 208.600148 0.127984 0.007907 9196 
1227873426 39273 152139 7.747766 217 5133 6996 208.745092 0.128004 0.007867 9214 
1227973426 39382 152553 7.747347 217 5138 7008 208.819207 0.128270 0.007869 9224 
1228073426 39521 153047 7.745098 217 5160 7029 208.868045 0.128319 0.007844 9237 
1228173426 39662 153673 7.749130 218 5165 7041 209.219959 0.128311 0.007736 9259 
1228273426 39851 154410 7.749366 218 5174 7062 209.333668 0.128766 0.007614 9275 
1228373426 40002 155157 7.757462 218 5171 7081 209.906805 0.128636 0.007541 9308 
1228473426 40175 155812 7.756665 219 5196 7118 210.089160 0.128768 0.007464 9331 
1228573426 40291 156362 7.761634 220 5184 7139 210.439254 0.128678 0.007392 9342 
1228673426 40406 156891 7.765728 220 5182 7137 210.798000 0.128613 0.007361 9362 
1228773426 40562 157583 7.769982 220 5187 7152 211.144273 0.128602 0.007356 9384 
1228873426 40753 158325 7.769980 220 5186 7233 211.311952 0.128781 0.007280 9399 
1228973426 40918 159032 7.773205 222 5190 7265 211.639914 0.128928 0.007219 9424 
1229073426 41075 159700 7.776019 222 5186 7290 211.895362 0.128975 0.007148 9440 
1229173426 41194 160172 7.776472 222 5191 7319 212.026072 0.129091 0.007233 9455 
1229273426 41329 160642 7.773815 223 5214 7339 212.069104 0.129021 0.007177 9463 
1229373426 41482 161292 7.776481 223 5211 7367 212.308230 0.129253 0.007144 9483 
1229473426 41686 162102 7.777287 223 5238 7392 212.595692 0.129384 0.007096 9524 
1229573426 41874 162887 7.779863 223 5261 7394 212.910637 0.129409 0.007095 9549 
1229673426 42060 163577 7.778269 225 5285 7425 213.034142 0.129407 0.007066 9571 
1229773426 42191 164154 7.781470 225 5280 7461 213.307435 0.129419 0.007012 9586 
1229873426 42297 164669 7.786321 226 5284 7469 213.668487 0.129447 0.006952 9607 
1229973426 42457 165441 7.793344 226 5264 7514 214.151353 0.129632 0.006932 9634 
1230073426 42626 166225 7.799231 227 5270 7523 214.571107 0.129541 0.006897 9659 
1230173426 42765 166837 7.802502 228 5258 7548 214.810102 0.129587 0.006949 9675 
1230273426 42887 167345 7.803997 228 5268 7579 215.028377 0.129583 0.006899 9686 
1230373426 43006 167810 7.804027 229 5295 7579 215.200763 0.129476 0.006865 9694 
1230473426 43126 168323 7.806103 229 5303 7585 215.379122 0.129424 0.006805 9706 
1230573426 43313 169052 7.806063 229 5335 7611 215.617066 0.129589 0.006754 9729 
1230673426 43538 169862 7.802931 229 5375 7632 215.679728 0.129933 0.006740 9754 
1230773426 43759 170683 7.801047 231 5402 7654 215.900226 0.129712 0.006683 9784 
1230873426 43928 171303 7.799262 231 5425 7686 216.026225 0.129828 0.006616 9808 
1230973426 44100 171970 7.799093 231 5437 7728 216.185805 0.130039 0.006550 9826 
1231073426 44197 172531 7.807362 231 5428 7739 216.592167 0.130209 0.006526 9849 
1231173426 44341 173202 7.812273 231 5436 7757 217.022214 0.130016 0.006472 9866 
1231273426 44489 174122 7.827643 232 5434 7729 217.871474 0.129780 0.006457 9906 
1231373426 44625 175014 7.843765 232 5419 7711 218.674106 0.129576 0.006426 9938 
1231473426 44748 175872 7.860552 233 5385 7711 219.631715 0.129494 0.006394 9989 
1231573426 44847 176602 7.875755 233 5348 7692 220.379557 0.129104 0.006330 10016 
1231673426 44930 177143 7.885288 234 5328 7686 220.908480 0.128845 0.006295 10038 
1231773426 45024 177769 7.896633 234 5305 7669 221.508484 0.128784 0.006235 10060 
1231873426 45149 178600 7.911582 234 5267 7706 222.311945 0.128276 0.006163 10081 
1231973426 45266 179424 7.927539 235 5223 7709 223.183802 0.127853 0.006150 10109 
1232073426 45375 180181 7.941862 236 5200 7689 223.942700 0.127732 0.006153 10141 
1232173426 45486 180930 7.955415 236 5193 7668 224.707031 0.127540 0.006120 10170 
1232273426 45569 181512 7.966468 236 5174 7671 225.299831 0.127290 0.006160 10197 
1232373426 45625 182035 7.979616 236 5155 7661 225.995178 0.127196 0.006145 10225 
1232473426 45717 182766 7.995538 236 5132 7643 226.825863 0.126969 0.006134 10255 
1232573426 45806 183368 8.006287 236 5116 7643 227.483605 0.126845 0.006088 10291 
1232673426 45813 183412 8.006985 236 5112 7643 227.511099 0.126839 0.006071 10291 
