Timestamp NoNodes NoLinks AverageDegree MaxDeg Singletons Doubletons MeanSquaredDeg Assortativity AverageClustering TriCount 
1165073426 0 0 0.000000 0 0 0 0.000000 0.000000 0.000000 0 
1165173426 8001 18422 4.604924 46 2061 1318 42.224222 0.207042 0.091245 4166 
1165273426 8038 18564 4.619059 46 2065 1329 42.575765 0.207113 0.091799 4207 
1165373426 8076 18711 4.633730 46 2083 1326 42.955919 0.206592 0.092176 4261 
1165473426 8111 18879 4.655160 46 2089 1322 43.418814 0.206907 0.093643 4335 
1165573426 8137 18988 4.667076 46 2097 1319 43.684159 0.206674 0.094478 4382 
1165673426 8160 19095 4.680147 46 2094 1328 43.949510 0.205592 0.095644 4430 
1165773426 8181 19173 4.687202 47 2099 1330 44.162083 0.204181 0.095930 4463 
1165873426 8215 19299 4.698478 47 2109 1329 44.454291 0.205230 0.096367 4507 
1165973426 8257 19435 4.707521 48 2125 1331 44.728836 0.203404 0.096505 4548 
1166073426 8298 19602 4.724512 48 2137 1331 45.133526 0.202602 0.096875 4596 
1166173426 8328 19726 4.737272 48 2147 1334 45.483429 0.200859 0.096917 4641 
1166273426 8346 19822 4.750060 48 2149 1333 45.808771 0.199926 0.096932 4672 
1166373426 8359 19918 4.765642 48 2144 1344 46.123460 0.198810 0.096991 4700 
1166473426 8389 20042 4.778162 48 2145 1352 46.447252 0.198399 0.097820 4749 
1166573426 8415 20171 4.794058 48 2143 1360 46.837314 0.198436 0.098186 4796 
1166673426 8447 20313 4.809518 49 2159 1352 47.250385 0.196995 0.097935 4841 
1166773426 8476 20461 4.827985 49 2153 1362 47.642048 0.197491 0.099513 4913 
1166873426 8504 20566 4.836783 49 2160 1364 47.855362 0.197343 0.099309 4945 
1166973426 8516 20633 4.845702 50 2165 1358 48.081024 0.197208 0.099430 4973 
1167073426 8538 20763 4.863668 50 2155 1373 48.427735 0.196769 0.100666 5026 
1167173426 8558 20871 4.877541 51 2159 1372 48.734050 0.195618 0.100798 5062 
1167273426 8582 20982 4.889769 51 2165 1377 49.064787 0.194940 0.101331 5108 
1167373426 8612 21105 4.901301 52 2176 1378 49.385509 0.193346 0.101585 5161 
1167473426 8635 21213 4.913260 52 2187 1369 49.683150 0.194208 0.102055 5209 
1167573426 8648 21284 4.922294 52 2192 1360 49.903330 0.193922 0.101835 5233 
1167673426 8671 21385 4.932534 52 2206 1351 50.207127 0.192542 0.101879 5271 
1167773426 8697 21503 4.944924 53 2215 1356 50.527308 0.191766 0.101958 5315 
1167873426 8735 21623 4.950887 53 2234 1356 50.740698 0.190284 0.101743 5348 
1167973426 8765 21750 4.962921 54 2244 1357 51.057387 0.190571 0.101853 5381 
1168073426 8787 21837 4.970297 54 2247 1363 51.246614 0.190613 0.102132 5411 
1168173426 8813 21931 4.976966 54 2259 1361 51.444684 0.191077 0.102346 5447 
1168273426 8844 22043 4.984848 54 2269 1364 51.682497 0.190998 0.102490 5490 
1168373426 8874 22175 4.997746 54 2270 1378 52.052288 0.191610 0.102545 5527 
1168473426 8905 22305 5.009545 54 2273 1386 52.388097 0.191855 0.102899 5571 
1168573426 8934 22435 5.022386 54 2283 1386 52.741661 0.191065 0.103445 5617 
1168673426 8958 22532 5.030587 54 2290 1396 52.956910 0.191283 0.103646 5642 
1168773426 8980 22623 5.038530 54 2295 1403 53.145880 0.191057 0.103496 5673 
1168873426 9004 22704 5.043092 54 2302 1405 53.308085 0.190361 0.103801 5714 
1168973426 9035 22847 5.057443 54 2299 1416 53.680576 0.189939 0.104192 5764 
1169073426 9073 22983 5.066240 54 2308 1425 53.913369 0.190337 0.104491 5816 
1169173426 9104 23131 5.081503 55 2313 1431 54.323155 0.189314 0.104489 5856 
1169273426 9133 23254 5.092303 55 2328 1428 54.672506 0.189112 0.104250 5900 
1169373426 9152 23362 5.105332 55 2338 1421 55.031906 0.188396 0.104235 5933 
1169473426 9178 23459 5.112007 56 2350 1422 55.254086 0.187824 0.104303 5966 
1169573426 9209 23582 5.121512 56 2357 1423 55.513954 0.187807 0.104145 6003 
1169673426 9239 23733 5.137569 56 2364 1428 55.943284 0.187929 0.104589 6073 
1169773426 9280 23891 5.148922 56 2378 1441 56.347845 0.187963 0.104458 6125 
1169873426 9310 24009 5.157680 56 2394 1433 56.666380 0.187417 0.104022 6168 
1169973426 9330 24116 5.169561 57 2404 1427 56.953483 0.185999 0.103779 6213 
1170073426 9351 24229 5.182120 57 2404 1432 57.277083 0.185911 0.104523 6261 
1170173426 9380 24375 5.197228 57 2411 1434 57.726439 0.184673 0.105232 6317 
1170273426 9420 24550 5.212314 57 2429 1437 58.160934 0.183387 0.105122 6372 
1170373426 9448 24733 5.235605 57 2422 1450 58.732218 0.184207 0.105323 6432 
1170473426 9479 24909 5.255618 58 2429 1445 59.308788 0.184094 0.105606 6505 
1170573426 9508 25041 5.267354 59 2435 1441 59.652924 0.184549 0.106185 6551 
1170673426 9532 25164 5.279899 59 2439 1442 60.029375 0.184150 0.106613 6606 
1170773426 9559 25282 5.289675 59 2454 1433 60.366566 0.184248 0.106183 6657 
1170873426 9601 25431 5.297573 60 2472 1428 60.663889 0.184364 0.106487 6709 
1170973426 9630 25603 5.317342 60 2467 1446 61.212876 0.183966 0.105816 6769 
1171073426 9666 25752 5.328367 61 2486 1440 61.549762 0.184312 0.105348 6826 
1171173426 9697 25886 5.338971 61 2496 1433 61.884707 0.184232 0.104880 6861 
1171273426 9724 26026 5.352941 62 2493 1441 62.257096 0.182549 0.105262 6906 
1171373426 9748 26181 5.371563 63 2492 1448 62.772261 0.182369 0.105461 6962 
1171473426 9793 26339 5.379148 63 2515 1450 63.089145 0.182396 0.104915 7011 
1171573426 9834 26536 5.396787 63 2524 1453 63.631483 0.182558 0.104707 7082 
1171673426 9865 26659 5.404764 63 2540 1456 63.891130 0.182528 0.105057 7133 
1171773426 9879 26732 5.411884 63 2535 1471 64.110133 0.182862 0.105301 7157 
1171873426 9892 26800 5.418520 63 2534 1475 64.291953 0.182441 0.104799 7177 
1171973426 9907 26878 5.426062 64 2537 1478 64.532149 0.181632 0.104720 7206 
1172073426 9924 26973 5.435913 64 2543 1470 64.822652 0.181101 0.104382 7244 
1172173426 9956 27135 5.450984 64 2540 1485 65.272599 0.180791 0.105010 7312 
1172273426 9982 27314 5.472651 64 2535 1496 65.886195 0.180267 0.104956 7378 
1172373426 10006 27430 5.482710 64 2539 1501 66.253848 0.179512 0.105044 7428 
1172473426 10038 27571 5.493325 64 2554 1490 66.584579 0.179729 0.104708 7487 
1172573426 10072 27771 5.514496 65 2566 1478 67.175536 0.178727 0.104581 7579 
1172673426 10105 27937 5.529342 65 2575 1486 67.630480 0.179687 0.104835 7649 
1172773426 10132 28128 5.552310 66 2571 1497 68.299842 0.179632 0.105087 7735 
1172873426 10164 28290 5.566706 66 2580 1506 68.826053 0.179646 0.105322 7810 
1172973426 10186 28381 5.572551 66 2582 1515 69.021402 0.179425 0.105996 7850 
1173073426 10221 28541 5.584776 66 2587 1523 69.459348 0.179502 0.106357 7919 
1173173426 10252 28736 5.605931 66 2591 1518 70.049746 0.178966 0.106247 8009 
1173273426 10283 28917 5.624234 66 2592 1532 70.615385 0.178659 0.106521 8081 
1173373426 10310 29095 5.644035 66 2602 1525 71.222696 0.177653 0.106654 8165 
1173473426 10344 29265 5.658353 66 2606 1536 71.629737 0.177972 0.106468 8231 
1173573426 10365 29382 5.669465 66 2609 1526 71.977424 0.178289 0.107055 8291 
1173673426 10383 29486 5.679669 66 2609 1538 72.282770 0.178086 0.107249 8326 
1173773426 10415 29650 5.693711 66 2606 1548 72.728565 0.178371 0.107840 8384 
1173873426 10451 29809 5.704526 66 2618 1554 73.118553 0.178034 0.107908 8435 
1173973426 10473 29988 5.726726 66 2616 1552 73.729972 0.178281 0.108179 8502 
1174073426 10507 30141 5.737318 67 2624 1562 74.131341 0.177055 0.108963 8579 
1174173426 10529 30275 5.750784 67 2629 1559 74.551239 0.176807 0.108650 8632 
1174273426 10548 30401 5.764316 67 2632 1560 74.995639 0.176284 0.108598 8678 
1174373426 10585 30585 5.778932 67 2638 1569 75.503826 0.175867 0.108565 8754 
1174473426 10616 30730 5.789375 68 2647 1575 75.889224 0.176006 0.108467 8801 
1174573426 10641 30891 5.806033 68 2648 1575 76.401466 0.176726 0.108872 8877 
1174673426 10673 31063 5.820856 69 2652 1579 76.889534 0.176369 0.108651 8946 
1174773426 10693 31168 5.829608 69 2655 1580 77.172169 0.176210 0.108465 8990 
1174873426 10717 31275 5.836521 70 2664 1583 77.440515 0.175716 0.108286 9021 
1174973426 10761 31452 5.845553 70 2691 1583 77.848899 0.175133 0.108343 9099 
1175073426 10788 31598 5.857990 70 2688 1597 78.321098 0.174884 0.108495 9160 
1175173426 10817 31740 5.868540 70 2689 1610 78.704447 0.175220 0.108274 9225 
1175273426 10847 31876 5.877385 71 2698 1611 79.034203 0.174890 0.108375 9282 
1175373426 10870 32001 5.887948 71 2701 1614 79.355474 0.174321 0.108245 9322 
1175473426 10881 32083 5.897068 71 2694 1622 79.698006 0.173368 0.108929 9365 
1175573426 10910 32256 5.913107 71 2694 1626 80.165170 0.173448 0.109126 9428 
1175673426 10931 32393 5.926814 72 2695 1626 80.590980 0.173086 0.109505 9491 
1175773426 10949 32519 5.940086 72 2690 1630 80.934880 0.173424 0.109052 9525 
1175873426 10982 32628 5.942087 72 2700 1642 81.066472 0.172836 0.109213 9564 
1175973426 11005 32749 5.951658 72 2703 1645 81.415357 0.173197 0.109168 9620 
1176073426 11031 32860 5.957755 72 2713 1645 81.700480 0.173308 0.109026 9659 
1176173426 11060 33037 5.974141 73 2710 1652 82.255335 0.173376 0.108951 9744 
1176273426 11108 33286 5.993158 73 2727 1659 82.960749 0.173182 0.109501 9860 
1176373426 11128 33409 6.004493 73 2734 1655 83.401150 0.173031 0.109246 9903 
1176473426 11152 33535 6.014168 73 2728 1676 83.718615 0.172888 0.109137 9949 
1176573426 11170 33647 6.024530 73 2732 1673 84.026679 0.172612 0.108818 9986 
1176673426 11190 33758 6.033601 73 2741 1666 84.356211 0.172088 0.108547 10018 
1176773426 11219 33956 6.053302 73 2733 1679 84.969070 0.172852 0.109189 10098 
1176873426 11255 34181 6.073923 73 2742 1671 85.659529 0.173491 0.109508 10186 
1176973426 11282 34332 6.086155 73 2746 1675 86.064173 0.172875 0.109470 10236 
1177073426 11321 34506 6.095928 73 2763 1673 86.494479 0.172643 0.109226 10297 
1177173426 11346 34619 6.102415 73 2769 1674 86.802574 0.172018 0.108963 10338 
1177273426 11364 34721 6.110700 74 2762 1682 87.137276 0.171243 0.109567 10378 
1177373426 11393 34887 6.124287 74 2770 1685 87.641008 0.170899 0.109384 10435 
1177473426 11419 35081 6.144321 74 2778 1679 88.340135 0.171979 0.109065 10508 
1177573426 11454 35261 6.156976 75 2791 1681 88.831500 0.171894 0.108990 10578 
1177673426 11491 35419 6.164651 75 2801 1686 89.163345 0.172624 0.109220 10646 
1177773426 11516 35534 6.171240 75 2808 1694 89.449635 0.172517 0.108860 10691 
1177873426 11536 35645 6.179785 75 2813 1702 89.818135 0.172304 0.108767 10735 
1177973426 11576 35835 6.191258 75 2832 1706 90.307533 0.172068 0.108650 10820 
1178073426 11609 36023 6.206047 77 2843 1709 90.898441 0.171542 0.108780 10892 
1178173426 11641 36207 6.220600 77 2847 1720 91.467915 0.170887 0.108922 10967 
1178273426 11661 36331 6.231198 77 2851 1716 91.815110 0.170629 0.109088 11016 
1178373426 11685 36484 6.244587 77 2842 1731 92.244074 0.169876 0.109597 11066 
1178473426 11711 36599 6.250363 78 2842 1741 92.583554 0.169946 0.109369 11111 
1178573426 11733 36780 6.269496 78 2844 1735 93.216228 0.168902 0.109280 11176 
1178673426 11765 36974 6.285423 79 2849 1744 93.713047 0.168421 0.109271 11235 
1178773426 11804 37157 6.295662 79 2867 1745 94.157404 0.168722 0.109357 11333 
1178873426 11834 37320 6.307250 79 2868 1750 94.570052 0.168964 0.109927 11402 
1178973426 11849 37398 6.312431 79 2870 1755 94.790615 0.168708 0.109830 11435 
1179073426 11876 37522 6.318963 79 2877 1757 95.139609 0.168170 0.110164 11476 
1179173426 11910 37704 6.331486 80 2887 1767 95.654072 0.168037 0.109796 11546 
1179273426 11941 37893 6.346705 80 2891 1766 96.228792 0.168451 0.109632 11624 
1179373426 11980 38066 6.354925 80 2904 1765 96.610851 0.168121 0.109043 11685 
1179473426 12010 38240 6.368027 80 2912 1766 97.150375 0.168114 0.109134 11766 
1179573426 12027 38366 6.379978 80 2912 1767 97.574125 0.167604 0.109165 11826 
1179673426 12044 38462 6.386915 80 2913 1765 97.888741 0.168253 0.109198 11873 
1179773426 12066 38619 6.401293 81 2917 1754 98.437925 0.167342 0.109008 11940 
1179873426 12091 38770 6.413034 81 2917 1761 98.860309 0.167269 0.109132 11998 
1179973426 12135 39001 6.427853 81 2922 1776 99.389699 0.167601 0.108779 12078 
1180073426 12170 39212 6.444043 81 2933 1782 100.067050 0.167836 0.108752 12173 
1180173426 12189 39325 6.452539 81 2938 1774 100.367709 0.167505 0.108595 12214 
1180273426 12206 39428 6.460429 81 2939 1782 100.667704 0.167653 0.108642 12261 
1180373426 12241 39578 6.466465 81 2943 1796 100.962503 0.167396 0.109045 12313 
1180473426 12265 39759 6.483327 81 2935 1800 101.460905 0.167695 0.109580 12392 
1180573426 12300 39995 6.503252 82 2937 1801 102.328293 0.166635 0.109300 12490 
1180673426 12330 40181 6.517599 82 2934 1809 102.836334 0.166512 0.109268 12567 
1180773426 12352 40321 6.528659 82 2928 1827 103.235913 0.166095 0.109693 12621 
1180873426 12370 40415 6.534357 82 2929 1836 103.489572 0.165663 0.109864 12664 
1180973426 12392 40528 6.540994 82 2936 1837 103.766462 0.165880 0.109677 12716 
1181073426 12441 40702 6.543204 82 2963 1833 103.960132 0.165733 0.109424 12776 
1181173426 12477 40864 6.550293 83 2978 1832 104.348962 0.165288 0.109479 12842 
1181273426 12519 41038 6.556115 83 2995 1838 104.697660 0.165377 0.109633 12908 
1181373426 12547 41162 6.561250 83 3007 1839 104.973779 0.165653 0.109584 12959 
1181473426 12573 41272 6.565179 83 3022 1842 105.237414 0.165380 0.109301 13006 
1181573426 12596 41410 6.575103 83 3025 1845 105.667990 0.164590 0.109985 13075 
1181673426 12635 41617 6.587574 83 3035 1853 106.280016 0.163869 0.110466 13177 
1181773426 12685 41824 6.594245 84 3047 1869 106.652582 0.163652 0.110731 13252 
1181873426 12720 42032 6.608805 85 3045 1883 107.207233 0.163347 0.110669 13336 
1181973426 12746 42191 6.620273 85 3055 1876 107.709870 0.163012 0.110980 13402 
1182073426 12774 42333 6.627994 85 3070 1873 108.045561 0.163563 0.110900 13463 
1182173426 12799 42472 6.636768 86 3072 1882 108.406438 0.163393 0.110812 13520 
1182273426 12829 42655 6.649778 87 3077 1891 109.007561 0.162724 0.110638 13604 
1182373426 12859 42827 6.661016 87 3091 1877 109.497473 0.162146 0.110688 13682 
1182473426 12900 43038 6.672558 88 3091 1892 110.060310 0.162572 0.110827 13761 
1182573426 12934 43220 6.683161 88 3095 1901 110.566569 0.162209 0.111002 13831 
1182673426 12958 43355 6.691619 89 3101 1899 110.951844 0.161315 0.110847 13880 
1182773426 12996 43496 6.693752 91 3120 1904 111.198830 0.160649 0.110845 13939 
1182873426 13040 43697 6.701994 91 3130 1920 111.673160 0.160060 0.110859 14009 
1182973426 13075 43858 6.708681 91 3140 1931 112.056291 0.159234 0.110636 14064 
1183073426 13122 44047 6.713458 91 3161 1932 112.428441 0.159519 0.110588 14136 
1183173426 13153 44210 6.722421 91 3164 1945 112.809245 0.159490 0.110713 14208 
1183273426 13173 44329 6.730282 91 3170 1952 113.163744 0.159380 0.110750 14254 
1183373426 13199 44472 6.738692 91 3180 1955 113.597848 0.159162 0.111056 14325 
1183473426 13237 44679 6.750623 91 3182 1969 114.090504 0.159096 0.111192 14408 
1183573426 13285 44855 6.752729 91 3203 1976 114.410839 0.158848 0.110835 14477 
1183673426 13314 45017 6.762355 92 3205 1979 114.773922 0.159203 0.111134 14550 
1183773426 13343 45231 6.779735 92 3203 1984 115.446152 0.159317 0.111402 14636 
1183873426 13377 45391 6.786424 92 3216 1989 115.839127 0.159649 0.111387 14705 
1183973426 13409 45543 6.792900 92 3223 2000 116.161682 0.160058 0.111313 14760 
1184073426 13452 45718 6.797205 92 3248 1999 116.479780 0.160770 0.111264 14827 
1184173426 13486 45911 6.808690 92 3261 1994 117.020021 0.160531 0.111362 14915 
1184273426 13521 46120 6.821981 92 3263 1994 117.552548 0.160439 0.111515 14999 
1184373426 13556 46314 6.832989 92 3272 1996 118.104898 0.160263 0.111974 15084 
1184473426 13569 46448 6.846194 93 3265 2000 118.568060 0.159919 0.112202 15136 
1184573426 13598 46651 6.861450 93 3268 1999 119.127225 0.160402 0.112224 15221 
1184673426 13636 46844 6.870637 93 3271 2011 119.572602 0.160614 0.112350 15288 
1184773426 13683 47033 6.874662 93 3295 2013 120.016371 0.160751 0.111956 15362 
1184873426 13726 47263 6.886638 93 3304 2023 120.610666 0.160689 0.112079 15453 
1184973426 13772 47466 6.893116 93 3317 2017 120.955272 0.160877 0.111661 15525 
1185073426 13811 47618 6.895663 93 3332 2020 121.193252 0.160546 0.111791 15581 
1185173426 13840 47764 6.902312 93 3339 2026 121.546243 0.160751 0.111873 15645 
1185273426 13867 47906 6.909353 93 3349 2030 121.890531 0.161011 0.111737 15703 
1185373426 13906 48076 6.914425 93 3362 2040 122.300590 0.160845 0.111542 15761 
1185473426 13942 48266 6.923827 93 3372 2047 122.727299 0.160801 0.111719 15842 
1185573426 13986 48454 6.928929 94 3385 2059 123.104533 0.160921 0.111699 15936 
1185673426 14010 48580 6.935046 94 3390 2064 123.451106 0.161130 0.111571 15998 
1185773426 14051 48764 6.941001 94 3406 2063 123.786777 0.161314 0.111447 16064 
1185873426 14090 48960 6.949610 94 3420 2060 124.307452 0.161028 0.111229 16155 
1185973426 14118 49132 6.960193 94 3419 2064 124.761864 0.160777 0.111033 16230 
1186073426 14159 49333 6.968430 94 3441 2056 125.257716 0.160935 0.110570 16321 
1186173426 14208 49547 6.974521 95 3452 2067 125.715653 0.160990 0.110509 16404 
1186273426 14234 49698 6.982998 95 3456 2074 126.210622 0.160577 0.110850 16494 
1186373426 14272 49879 6.989770 95 3476 2068 126.622197 0.160041 0.110368 16560 
1186473426 14315 50120 7.002445 95 3478 2082 127.235208 0.160268 0.110096 16671 
1186573426 14348 50334 7.016170 97 3477 2082 127.919571 0.159059 0.110484 16763 
1186673426 14387 50583 7.031765 97 3476 2094 128.594426 0.159885 0.110576 16875 
1186773426 14425 50777 7.040139 97 3489 2098 129.009081 0.160099 0.110902 16963 
1186873426 14455 50919 7.045175 97 3492 2111 129.297544 0.159582 0.110916 17019 
1186973426 14478 51059 7.053322 97 3503 2104 129.711839 0.158863 0.110946 17081 
1187073426 14511 51236 7.061677 97 3512 2106 130.161257 0.158418 0.110778 17157 
1187173426 14547 51436 7.071699 99 3527 2111 130.786829 0.158096 0.110735 17272 
1187273426 14584 51600 7.076248 99 3543 2117 131.087905 0.158029 0.110794 17334 
1187373426 14615 51802 7.088881 99 3550 2126 131.765994 0.157852 0.110950 17437 
1187473426 14643 51981 7.099775 100 3549 2133 132.291334 0.157757 0.110358 17509 
1187573426 14669 52136 7.108324 100 3556 2132 132.671484 0.157558 0.110194 17577 
1187673426 14702 52373 7.124609 101 3553 2130 133.385254 0.157112 0.110474 17693 
1187773426 14744 52537 7.126560 101 3558 2144 133.607434 0.157169 0.110805 17759 
1187873426 14778 52694 7.131412 101 3563 2160 133.949249 0.157207 0.110812 17821 
1187973426 14824 52879 7.134242 101 3588 2151 134.252698 0.157162 0.110837 17897 
1188073426 14851 53058 7.145377 101 3585 2156 134.782843 0.157158 0.111058 17977 
1188173426 14876 53233 7.156897 101 3576 2169 135.295375 0.157141 0.111341 18053 
1188273426 14916 53463 7.168544 101 3591 2164 135.881604 0.156850 0.110973 18148 
1188373426 14953 53667 7.178091 101 3603 2170 136.430683 0.156442 0.110899 18240 
1188473426 14981 53846 7.188572 101 3598 2177 136.870569 0.156142 0.110697 18305 
1188573426 15010 54020 7.197868 101 3600 2175 137.319787 0.156058 0.111112 18372 
1188673426 15039 54173 7.204335 101 3604 2186 137.668462 0.155850 0.111759 18442 
1188773426 15070 54326 7.209821 101 3614 2191 137.991108 0.155890 0.111488 18503 
1188873426 15096 54462 7.215421 101 3622 2196 138.296502 0.155788 0.111496 18559 
1188973426 15135 54687 7.226561 102 3623 2201 138.899901 0.155507 0.111624 18656 
1189073426 15174 54898 7.235798 103 3634 2201 139.469224 0.155096 0.111682 18747 
1189173426 15207 55073 7.243112 103 3649 2193 139.886105 0.155187 0.111544 18834 
1189273426 15246 55233 7.245573 103 3663 2201 140.163453 0.155269 0.111558 18901 
1189373426 15273 55399 7.254501 103 3664 2209 140.647417 0.154872 0.111577 18974 
1189473426 15333 55628 7.255984 104 3700 2202 141.043501 0.154489 0.111031 19065 
1189573426 15376 55846 7.264048 104 3709 2214 141.565166 0.153879 0.111109 19166 
1189673426 15418 56013 7.265923 105 3730 2211 141.859255 0.153660 0.111002 19247 
1189773426 15441 56152 7.273104 105 3728 2224 142.223820 0.153704 0.111564 19323 
1189873426 15480 56321 7.276615 105 3746 2228 142.532429 0.153524 0.111400 19389 
1189973426 15510 56483 7.283430 105 3765 2223 142.972018 0.153364 0.111031 19469 
1190073426 15563 56697 7.286127 105 3785 2235 143.381225 0.152913 0.110861 19557 
1190173426 15612 56943 7.294773 105 3791 2253 143.885857 0.152787 0.111282 19663 
1190273426 15667 57184 7.299930 107 3807 2259 144.356673 0.153066 0.111180 19752 
1190373426 15714 57405 7.306224 108 3832 2249 144.902762 0.153324 0.110947 19839 
1190473426 15750 57574 7.310984 108 3836 2261 145.256254 0.152977 0.111040 19917 
1190573426 15795 57726 7.309402 108 3866 2258 145.412092 0.153127 0.110681 19980 
1190673426 15846 57909 7.308974 108 3881 2276 145.607724 0.153005 0.110744 20049 
1190773426 15914 58135 7.306146 108 3903 2291 145.724394 0.152825 0.110948 20137 
1190873426 15965 58393 7.315127 109 3911 2310 146.305543 0.152472 0.111096 20242 
1190973426 16013 58601 7.319178 109 3939 2302 146.749766 0.152055 0.110972 20340 
1191073426 16050 58731 7.318505 109 3949 2316 146.824174 0.152347 0.111124 20379 
1191173426 16092 58872 7.316928 109 3971 2321 146.919339 0.152796 0.111386 20435 
1191273426 16160 59099 7.314233 109 4009 2328 147.168564 0.152933 0.111083 20542 
1191373426 16211 59360 7.323422 109 4014 2349 147.755228 0.152700 0.111096 20639 
1191473426 16270 59588 7.324892 109 4036 2360 148.083221 0.153247 0.110853 20731 
1191573426 16322 59794 7.326798 109 4047 2371 148.339419 0.153754 0.110988 20815 
1191673426 16367 59948 7.325472 109 4068 2379 148.439421 0.153822 0.110856 20875 
1191773426 16400 60066 7.325122 109 4079 2389 148.554878 0.153544 0.110799 20912 
1191873426 16443 60279 7.331874 109 4088 2406 149.014778 0.153520 0.110549 21003 
1191973426 16499 60514 7.335475 109 4118 2401 149.390993 0.153424 0.110278 21085 
1192073426 16556 60719 7.334984 110 4139 2417 149.701619 0.153499 0.110251 21177 
1192173426 16607 60919 7.336545 110 4161 2426 150.068405 0.153719 0.110151 21270 
1192273426 16641 61047 7.336939 110 4177 2430 150.295775 0.153514 0.110164 21308 
1192373426 16670 61168 7.338692 110 4190 2436 150.518056 0.153393 0.110227 21358 
1192473426 16707 61348 7.343988 110 4206 2435 150.913390 0.153243 0.110072 21433 
1192573426 16758 61601 7.351832 111 4225 2439 151.518320 0.152809 0.110324 21548 
1192673426 16810 61836 7.357049 112 4244 2449 152.029625 0.153074 0.109964 21671 
1192773426 16874 62062 7.355932 113 4281 2445 152.320256 0.153634 0.109654 21771 
1192873426 16902 62194 7.359366 113 4296 2451 152.589279 0.153673 0.109466 21824 
1192973426 16920 62277 7.361348 114 4301 2458 152.802482 0.153572 0.109398 21860 
1193073426 16949 62425 7.366216 114 4311 2458 153.157236 0.153872 0.109261 21918 
1193173426 16990 62665 7.376692 114 4322 2469 153.860742 0.153667 0.109392 22025 
1193273426 17044 62892 7.379958 114 4344 2481 154.183994 0.154188 0.109687 22124 
1193373426 17101 63101 7.379802 114 4367 2481 154.481141 0.153973 0.109388 22207 
1193473426 17124 63240 7.386125 114 4373 2481 154.829362 0.153569 0.109272 22265 
1193573426 17146 63325 7.386562 114 4378 2490 154.943894 0.153716 0.109482 22299 
1193673426 17174 63434 7.387213 114 4392 2492 155.144055 0.153813 0.109628 22352 
1193773426 17221 63647 7.391789 114 4410 2496 155.564717 0.153636 0.109528 22446 
1193873426 17264 63829 7.394462 114 4423 2508 155.867238 0.153657 0.109792 22528 
1193973426 17302 64026 7.400994 114 4436 2508 156.341001 0.153595 0.109491 22616 
1194073426 17340 64183 7.402884 114 4454 2516 156.641984 0.153387 0.109391 22685 
1194173426 17360 64308 7.408756 114 4464 2510 157.047235 0.153119 0.109636 22755 
1194273426 17394 64444 7.409911 116 4484 2511 157.266299 0.153297 0.109692 22809 
1194373426 17446 64652 7.411670 116 4508 2521 157.641178 0.153254 0.109574 22896 
1194473426 17482 64854 7.419517 117 4519 2530 158.178698 0.152890 0.109766 22991 
1194573426 17528 65086 7.426518 118 4535 2537 158.717481 0.152862 0.110010 23098 
1194673426 17576 65273 7.427515 118 4555 2549 158.987142 0.153077 0.109789 23177 
1194773426 17604 65401 7.430243 118 4563 2555 159.261531 0.153114 0.109741 23249 
1194873426 17636 65535 7.431957 119 4570 2569 159.492175 0.152941 0.109772 23305 
1194973426 17687 65767 7.436761 121 4588 2576 159.962571 0.152423 0.109586 23409 
1195073426 17734 65976 7.440623 121 4612 2581 160.394948 0.151896 0.109255 23491 
1195173426 17779 66179 7.444626 121 4635 2585 160.753473 0.152162 0.109175 23588 
1195273426 17826 66348 7.443958 121 4661 2590 160.991137 0.152190 0.108723 23645 
1195373426 17848 66480 7.449574 121 4665 2589 161.299753 0.152366 0.108936 23704 
1195473426 17879 66617 7.451983 121 4670 2604 161.575815 0.152610 0.109160 23762 
1195573426 17919 66825 7.458564 121 4687 2601 161.969976 0.152526 0.108960 23848 
1195673426 17955 66996 7.462657 121 4696 2616 162.325146 0.152390 0.109031 23919 
1195773426 17980 67120 7.466073 121 4698 2627 162.577642 0.152580 0.108995 23975 
1195873426 18006 67225 7.466955 121 4699 2645 162.724425 0.152559 0.109209 24018 
1195973426 18030 67358 7.471769 121 4712 2638 163.059900 0.152619 0.109058 24074 
1196073426 18050 67512 7.480554 121 4713 2644 163.584044 0.152464 0.109225 24149 
1196173426 18096 67706 7.482980 122 4728 2657 163.846375 0.152503 0.109435 24221 
1196273426 18139 67902 7.486852 122 4742 2665 164.254369 0.152271 0.109881 24316 
1196373426 18181 68092 7.490457 124 4764 2667 164.657280 0.152220 0.109591 24396 
1196473426 18214 68274 7.496871 124 4769 2672 165.082684 0.152003 0.109739 24478 
1196573426 18239 68399 7.500302 124 4783 2670 165.383300 0.152236 0.109776 24539 
1196673426 18272 68529 7.500985 124 4794 2680 165.578809 0.152425 0.109728 24599 
1196773426 18295 68702 7.510467 124 4793 2683 166.045696 0.152536 0.109897 24687 
1196873426 18325 68891 7.518799 124 4801 2686 166.545812 0.152550 0.109564 24769 
1196973426 18363 69059 7.521538 124 4818 2697 166.841584 0.152595 0.109865 24845 
1197073426 18402 69267 7.528203 124 4826 2704 167.329095 0.152561 0.109764 24932 
1197173426 18427 69409 7.533402 124 4831 2710 167.752754 0.152815 0.109735 25006 
1197273426 18464 69542 7.532712 124 4853 2713 167.906629 0.152637 0.109558 25061 
1197373426 18499 69682 7.533596 124 4869 2720 168.185524 0.152549 0.109233 25122 
1197473426 18536 69863 7.538088 124 4881 2727 168.667134 0.152289 0.109019 25207 
1197573426 18574 70032 7.540864 124 4899 2731 169.002477 0.151859 0.108975 25285 
1197673426 18614 70192 7.541850 124 4919 2736 169.243580 0.151958 0.109091 25358 
1197773426 18640 70302 7.543133 124 4937 2729 169.489700 0.152101 0.108903 25410 
1197873426 18673 70447 7.545333 124 4948 2735 169.732876 0.151964 0.109104 25470 
1197973426 18697 70556 7.547307 124 4962 2727 169.943734 0.152157 0.108973 25519 
1198073426 18741 70705 7.545489 125 4987 2734 170.128382 0.152195 0.108516 25574 
1198173426 18790 70865 7.542842 125 5010 2748 170.254071 0.152265 0.108641 25646 
1198273426 18825 71022 7.545498 125 5028 2751 170.563081 0.152396 0.108666 25719 
1198373426 18852 71141 7.547316 125 5032 2763 170.775939 0.152404 0.108931 25776 
1198473426 18873 71235 7.548879 125 5042 2765 171.015949 0.152506 0.109057 25823 
1198573426 18892 71349 7.553356 125 5050 2765 171.336650 0.152304 0.108902 25886 
1198673426 18899 71412 7.557225 125 5050 2767 171.582729 0.152349 0.108871 25912 
1198773426 18923 71513 7.558315 125 5064 2760 171.756170 0.152310 0.108574 25956 
1198873426 18948 71666 7.564492 125 5065 2773 172.127929 0.152493 0.108417 26027 
1198973426 18971 71822 7.571767 125 5067 2782 172.572558 0.152312 0.108264 26101 
1199073426 19008 71956 7.571128 125 5077 2791 172.690972 0.152269 0.108375 26149 
1199173426 19033 72083 7.574528 125 5085 2794 172.944885 0.152514 0.108571 26216 
1199273426 19060 72219 7.578069 125 5094 2798 173.211752 0.152790 0.108524 26274 
1199373426 19093 72336 7.577227 125 5112 2807 173.387000 0.152829 0.108370 26325 
1199473426 19121 72471 7.580252 125 5121 2813 173.675017 0.152576 0.108203 26384 
1199573426 19150 72585 7.580679 125 5135 2813 173.875718 0.152313 0.108278 26435 
1199673426 19188 72694 7.577027 125 5159 2817 173.887847 0.152223 0.107996 26479 
1199773426 19215 72832 7.580744 125 5173 2817 174.174135 0.151958 0.108048 26535 
1199873426 19238 72950 7.583948 125 5180 2819 174.380185 0.152222 0.108067 26586 
1199973426 19263 73074 7.586980 125 5181 2830 174.583398 0.152424 0.108046 26639 
1200073426 19305 73210 7.584564 125 5205 2833 174.684382 0.152569 0.107866 26683 
1200173426 19337 73348 7.586285 125 5216 2843 174.931789 0.152462 0.107986 26739 
1200273426 19364 73456 7.586862 126 5228 2846 175.144392 0.152399 0.107958 26805 
1200373426 19401 73619 7.589196 126 5248 2847 175.396526 0.152577 0.107750 26875 
1200473426 19441 73776 7.589733 126 5255 2864 175.548480 0.152557 0.107716 26934 
1200573426 19478 73920 7.590102 126 5272 2866 175.748434 0.152356 0.107622 26998 
1200673426 19513 74075 7.592374 126 5294 2863 176.021422 0.152668 0.107166 27072 
1200773426 19539 74185 7.593531 127 5305 2869 176.224986 0.152483 0.107418 27117 
1200873426 19557 74300 7.598302 127 5310 2869 176.521450 0.152445 0.107357 27165 
1200973426 19593 74457 7.600367 127 5332 2867 176.792732 0.152220 0.107079 27229 
1201073426 19642 74630 7.599023 127 5363 2867 177.008349 0.152439 0.106825 27314 
1201173426 19682 74780 7.598821 127 5380 2877 177.208820 0.152469 0.106980 27390 
1201273426 19721 74942 7.600223 127 5397 2887 177.505400 0.152321 0.107023 27469 
1201373426 19777 75192 7.603984 127 5426 2892 177.930323 0.152156 0.106892 27578 
1201473426 19809 75346 7.607249 127 5435 2902 178.204957 0.151963 0.106909 27640 
1201573426 19863 75564 7.608518 127 5457 2905 178.499622 0.151747 0.107010 27723 
1201673426 19911 75797 7.613580 127 5478 2905 179.004169 0.151642 0.107135 27835 
1201773426 19955 75949 7.612027 127 5505 2912 179.129942 0.151855 0.106954 27893 
1201873426 19989 76087 7.612887 127 5514 2922 179.292911 0.151900 0.107136 27958 
1201973426 20017 76208 7.614328 127 5523 2928 179.497327 0.152044 0.107025 28008 
1202073426 20044 76301 7.613351 127 5533 2941 179.550489 0.152132 0.107102 28043 
1202173426 20074 76427 7.614526 127 5546 2941 179.749626 0.152056 0.106994 28095 
1202273426 20090 76507 7.616426 127 5547 2947 179.890991 0.152076 0.106867 28122 
1202373426 20130 76662 7.616692 127 5561 2959 180.096870 0.151888 0.106808 28169 
1202473426 20180 76825 7.613974 127 5584 2967 180.267294 0.151880 0.106758 28244 
1202573426 20216 77030 7.620696 128 5590 2979 180.748318 0.151868 0.106947 28357 
1202673426 20247 77156 7.621475 128 5601 2990 180.937818 0.151824 0.106912 28411 
1202773426 20287 77364 7.626953 129 5612 2995 181.470400 0.151632 0.107007 28527 
1202873426 20331 77588 7.632482 129 5625 3004 181.919335 0.151534 0.107111 28632 
1202973426 20377 77815 7.637533 129 5644 3007 182.414192 0.152059 0.106982 28760 
1203073426 20411 77984 7.641370 129 5657 3006 182.739699 0.151921 0.106949 28837 
1203173426 20448 78106 7.639476 129 5684 2999 182.860133 0.151890 0.106655 28884 
1203273426 20473 78236 7.642847 130 5699 2997 183.135447 0.151743 0.106399 28950 
1203373426 20509 78435 7.648837 130 5716 2997 183.628456 0.151407 0.106309 29038 
1203473426 20554 78648 7.652817 131 5731 3014 184.041938 0.151483 0.106379 29136 
1203573426 20598 78843 7.655403 131 5746 3033 184.341878 0.151562 0.106154 29207 
1203673426 20625 78987 7.659345 132 5752 3039 184.690521 0.151427 0.106182 29275 
1203773426 20660 79128 7.660019 132 5769 3042 184.951113 0.151425 0.106151 29338 
1203873426 20679 79233 7.663137 132 5774 3050 185.183036 0.151410 0.106021 29378 
1203973426 20729 79405 7.661248 132 5807 3056 185.387428 0.151714 0.105792 29452 
1204073426 20775 79615 7.664501 133 5828 3053 185.811986 0.151620 0.105820 29559 
1204173426 20833 79844 7.665147 134 5855 3056 186.100898 0.151957 0.106045 29670 
1204273426 20886 80036 7.664081 134 5877 3063 186.316671 0.151971 0.105790 29738 
1204373426 20915 80157 7.665025 134 5893 3058 186.541334 0.152138 0.105636 29811 
1204473426 20945 80324 7.669993 134 5896 3073 186.956505 0.151894 0.105943 29895 
1204573426 20975 80483 7.674184 135 5909 3080 187.300024 0.151986 0.105784 29968 
1204673426 21044 80760 7.675347 135 5940 3084 187.692929 0.152302 0.105710 30102 
1204773426 21098 80977 7.676273 135 5972 3082 188.015831 0.152183 0.105666 30202 
1204873426 21150 81185 7.677069 136 5989 3099 188.416454 0.151657 0.105816 30299 
1204973426 21189 81355 7.678984 137 6009 3102 188.725471 0.151677 0.105723 30375 
1205073426 21230 81490 7.676872 137 6028 3102 188.809515 0.151865 0.105617 30439 
1205173426 21276 81671 7.677289 137 6043 3118 189.059880 0.151813 0.105660 30521 
1205273426 21331 81881 7.677183 137 6077 3124 189.423187 0.152072 0.105523 30616 
1205373426 21381 82087 7.678500 138 6100 3138 189.717132 0.152466 0.105601 30717 
1205473426 21420 82269 7.681513 138 6102 3159 190.030626 0.152270 0.105720 30787 
1205573426 21454 82392 7.680805 138 6116 3169 190.205743 0.152436 0.105931 30845 
1205673426 21470 82470 7.682347 138 6117 3173 190.352212 0.152518 0.105933 30879 
1205773426 21510 82627 7.682659 138 6137 3171 190.553882 0.152680 0.105823 30959 
1205873426 21582 82862 7.678806 138 6172 3182 190.802521 0.152700 0.105863 31064 
1205973426 21613 83043 7.684542 138 6175 3193 191.196224 0.152808 0.106001 31164 
1206073426 21655 83230 7.686908 138 6189 3194 191.480397 0.152951 0.105991 31259 
1206173426 21685 83378 7.689924 138 6193 3208 191.813512 0.152694 0.106099 31320 
1206273426 21712 83505 7.692060 138 6204 3216 192.063467 0.152930 0.106084 31389 
1206373426 21737 83626 7.694346 138 6207 3224 192.266918 0.152843 0.106017 31439 
1206473426 21794 83837 7.693585 139 6230 3233 192.567312 0.152337 0.105930 31526 
1206573426 21833 84027 7.697247 140 6242 3241 192.963679 0.152143 0.105935 31609 
1206673426 21881 84293 7.704675 140 6253 3248 193.554865 0.151808 0.105905 31733 
1206773426 21925 84501 7.708187 140 6264 3261 193.949190 0.151564 0.106022 31819 
1206873426 21969 84660 7.707224 140 6282 3274 194.087214 0.151607 0.105643 31883 
1206973426 22008 84868 7.712468 140 6284 3295 194.441567 0.151420 0.106055 31996 
1207073426 22058 85097 7.715749 141 6295 3317 194.883670 0.151340 0.106024 32097 
1207173426 22132 85375 7.715073 141 6326 3329 195.176215 0.151443 0.105807 32221 
1207273426 22187 85649 7.720647 141 6344 3330 195.640871 0.151334 0.105834 32343 
1207373426 22242 85877 7.722057 142 6363 3340 195.961964 0.151470 0.106208 32449 
1207473426 22288 86024 7.719311 142 6381 3348 196.046841 0.151444 0.106242 32507 
1207573426 22328 86226 7.723576 142 6395 3356 196.518094 0.150950 0.106297 32601 
1207673426 22371 86450 7.728756 143 6398 3373 197.066470 0.150512 0.106197 32727 
1207773426 22425 86683 7.730925 143 6415 3378 197.455964 0.150223 0.106360 32834 
1207873426 22482 86930 7.733298 143 6432 3395 197.875456 0.149917 0.106256 32938 
1207973426 22533 87146 7.734966 145 6450 3404 198.198997 0.149617 0.106295 33029 
1208073426 22555 87260 7.737530 145 6457 3403 198.421813 0.149464 0.106279 33081 
1208173426 22590 87411 7.738911 145 6469 3407 198.674281 0.149462 0.106307 33144 
1208273426 22650 87639 7.738543 145 6498 3414 198.961236 0.149947 0.106102 33263 
1208373426 22693 87896 7.746530 146 6498 3438 199.629842 0.149891 0.106381 33404 
1208473426 22745 88167 7.752649 146 6502 3453 200.044933 0.149906 0.106454 33531 
1208573426 22802 88421 7.755548 146 6527 3457 200.432067 0.150119 0.106411 33653 
1208673426 22828 88538 7.756965 146 6535 3458 200.642544 0.150157 0.106386 33705 
1208773426 22858 88699 7.760871 146 6539 3466 201.000175 0.150148 0.106412 33778 
1208873426 22903 88917 7.764660 146 6555 3467 201.447147 0.149850 0.106259 33872 
1208973426 22956 89152 7.767207 146 6573 3475 201.778097 0.149822 0.106446 33992 
1209073426 23014 89406 7.769705 146 6599 3473 202.161032 0.149855 0.106437 34106 
1209173426 23061 89570 7.768093 146 6609 3493 202.237891 0.149996 0.106427 34162 
1209273426 23090 89711 7.770550 146 6618 3497 202.450931 0.150205 0.106502 34232 
1209373426 23134 89866 7.769171 146 6635 3506 202.598772 0.150095 0.106583 34299 
1209473426 23192 90081 7.768282 147 6658 3527 202.827354 0.150093 0.106351 34373 
1209573426 23255 90309 7.766846 147 6685 3533 203.024296 0.149992 0.106292 34475 
1209673426 23310 90565 7.770485 147 6701 3542 203.440498 0.150019 0.106292 34581 
1209773426 23358 90808 7.775323 148 6718 3548 203.902817 0.149918 0.106530 34709 
1209873426 23383 90990 7.782577 148 6718 3551 204.329898 0.149810 0.106629 34787 
1209973426 23427 91184 7.784522 148 6735 3561 204.695437 0.149703 0.106714 34893 
1210073426 23476 91411 7.787613 148 6746 3568 205.070114 0.149379 0.106632 34992 
1210173426 23532 91623 7.787098 148 6762 3592 205.289563 0.149692 0.106998 35087 
1210273426 23579 91853 7.791085 149 6776 3606 205.697273 0.149669 0.107004 35199 
1210373426 23627 92054 7.792272 149 6801 3607 205.960808 0.149871 0.107098 35301 
1210473426 23672 92229 7.792244 149 6821 3618 206.274417 0.149571 0.107100 35382 
1210573426 23716 92417 7.793641 149 6841 3626 206.634171 0.149286 0.107070 35478 
1210673426 23759 92600 7.794941 149 6861 3629 206.970159 0.148976 0.107060 35563 
1210773426 23812 92817 7.795817 149 6882 3635 207.245254 0.149162 0.107135 35656 
1210873426 23865 93067 7.799455 150 6901 3645 207.826524 0.149220 0.107151 35786 
1210973426 23911 93271 7.801514 150 6911 3668 208.126553 0.149173 0.107714 35883 
1211073426 23960 93431 7.798915 151 6937 3682 208.277379 0.149225 0.107822 35974 
1211173426 23999 93605 7.800742 151 6954 3682 208.569107 0.149359 0.107925 36062 
1211273426 24057 93825 7.800224 151 6974 3699 208.800515 0.149432 0.107805 36162 
1211373426 24104 94039 7.802771 151 6992 3703 209.144872 0.149651 0.107459 36280 
1211473426 24153 94259 7.805159 151 7009 3721 209.578603 0.149325 0.107736 36390 
1211573426 24210 94488 7.805700 152 7020 3740 209.921272 0.149172 0.107755 36494 
1211673426 24241 94663 7.810156 152 7021 3758 210.269048 0.149146 0.107751 36574 
1211773426 24274 94807 7.811403 152 7031 3766 210.506468 0.148943 0.107780 36652 
1211873426 24315 94980 7.812461 152 7052 3764 210.741271 0.149172 0.107673 36730 
1211973426 24366 95172 7.811869 153 7073 3769 210.982352 0.149268 0.107813 36812 
1212073426 24415 95397 7.814622 153 7091 3778 211.358919 0.149241 0.107531 36911 
1212173426 24468 95660 7.819192 154 7101 3786 211.839382 0.149110 0.107836 37029 
1212273426 24520 95823 7.815905 154 7128 3799 211.908809 0.149035 0.107635 37084 
1212373426 24557 95969 7.816020 155 7131 3818 212.059209 0.148993 0.107789 37151 
1212473426 24615 96216 7.817672 155 7143 3840 212.336462 0.149196 0.107709 37248 
1212573426 24668 96438 7.818875 155 7156 3850 212.570131 0.149485 0.107624 37360 
1212673426 24726 96634 7.816388 155 7186 3854 212.773680 0.149500 0.107420 37446 
1212773426 24792 96875 7.815021 156 7210 3864 213.014198 0.149476 0.107622 37550 
1212873426 24844 97083 7.815408 156 7221 3880 213.258896 0.149351 0.107679 37635 
1212973426 24899 97257 7.812121 156 7244 3888 213.345677 0.149274 0.107885 37705 
1213073426 24964 97472 7.809005 156 7275 3898 213.478689 0.149316 0.107699 37794 
1213173426 25020 97684 7.808473 156 7288 3909 213.671383 0.149534 0.107800 37888 
1213273426 25073 97900 7.809197 156 7299 3925 213.850516 0.149678 0.107679 37972 
1213373426 25127 98115 7.809528 156 7308 3935 214.035579 0.149702 0.107822 38055 
1213473426 25165 98274 7.810372 156 7326 3934 214.267514 0.149550 0.107632 38130 
1213573426 25211 98446 7.809766 156 7339 3943 214.409266 0.149498 0.107866 38199 
1213673426 25280 98707 7.809098 156 7357 3968 214.637816 0.149794 0.107808 38315 
1213773426 25330 98961 7.813739 157 7360 3981 215.103040 0.149864 0.107917 38442 
1213873426 25368 99154 7.817250 157 7360 4003 215.412961 0.149945 0.108186 38540 
1213973426 25434 99381 7.814815 158 7375 4027 215.610207 0.150212 0.107987 38637 
1214073426 25486 99565 7.813309 158 7383 4050 215.733501 0.150306 0.107991 38715 
1214173426 25529 99747 7.814407 158 7386 4066 215.981511 0.150180 0.108074 38790 
1214273426 25607 100027 7.812473 158 7412 4086 216.204632 0.150261 0.108202 38926 
1214373426 25679 100301 7.811909 159 7436 4098 216.464270 0.150293 0.108021 39048 
1214473426 25736 100535 7.812791 159 7445 4117 216.685421 0.150611 0.107839 39139 
1214573426 25816 100779 7.807484 159 7473 4143 216.760769 0.150612 0.107834 39240 
1214673426 25890 101002 7.802395 159 7508 4156 216.765083 0.150747 0.107841 39329 
1214773426 25939 101214 7.804002 160 7516 4175 217.106057 0.150829 0.107942 39440 
1214873426 26015 101489 7.802345 160 7544 4191 217.439170 0.150558 0.107699 39564 
1214973426 26087 101778 7.802967 161 7560 4208 217.764940 0.150336 0.108047 39685 
1215073426 26141 102061 7.808500 161 7557 4219 218.207720 0.150097 0.108250 39796 
1215173426 26203 102250 7.804450 161 7580 4232 218.277754 0.150044 0.107971 39873 
1215273426 26235 102383 7.805070 161 7588 4249 218.442386 0.149963 0.108071 39933 
1215373426 26276 102563 7.806592 161 7590 4260 218.674760 0.150014 0.108004 40010 
1215473426 26349 102821 7.804547 161 7619 4272 218.870925 0.149938 0.107858 40109 
1215573426 26439 103129 7.801278 163 7639 4318 219.090813 0.149645 0.107841 40243 
1215673426 26525 103420 7.797926 163 7663 4352 219.197587 0.149802 0.108298 40355 
1215773426 26589 103654 7.796758 163 7680 4359 219.412163 0.149785 0.108185 40459 
1215873426 26630 103845 7.799099 163 7683 4368 219.676005 0.149581 0.107974 40527 
1215973426 26674 104048 7.801455 163 7694 4372 219.954937 0.149666 0.108028 40617 
1216073426 26736 104298 7.802065 164 7702 4394 220.195242 0.149636 0.107918 40719 
1216173426 26823 104647 7.802781 165 7727 4406 220.519554 0.149742 0.107838 40866 
1216273426 26898 104929 7.801993 166 7753 4420 220.683768 0.149853 0.107629 40992 
1216373426 26969 105169 7.799251 166 7775 4436 220.798843 0.149806 0.107501 41090 
1216473426 27008 105369 7.802799 167 7788 4441 221.151289 0.149685 0.107578 41180 
1216573426 27057 105571 7.803600 167 7792 4454 221.275308 0.149850 0.107586 41258 
1216673426 27151 105873 7.798829 167 7828 4469 221.352584 0.150109 0.107773 41387 
1216773426 27253 106211 7.794445 169 7862 4484 221.456207 0.150523 0.107636 41506 
1216873426 27368 106553 7.786685 170 7894 4532 221.506723 0.150685 0.107384 41632 
1216973426 27456 106837 7.782416 170 7937 4545 221.682037 0.150539 0.107213 41745 
1217073426 27521 107068 7.780822 170 7962 4551 221.844482 0.150541 0.107007 41847 
1217173426 27590 107292 7.777601 173 7989 4566 221.990721 0.150665 0.107089 41951 
1217273426 27673 107586 7.775521 173 8014 4583 222.154880 0.150739 0.107006 42072 
1217373426 27772 107929 7.772505 173 8056 4583 222.241538 0.151225 0.107046 42201 
1217473426 27872 108280 7.769805 173 8086 4615 222.483281 0.151168 0.107165 42342 
1217573426 27950 108619 7.772379 174 8101 4634 222.910340 0.150910 0.107236 42480 
1217673426 28030 108891 7.769604 175 8134 4643 223.058651 0.151034 0.107222 42601 
1217773426 28093 109121 7.768554 175 8147 4663 223.243726 0.150898 0.107037 42687 
1217873426 28185 109454 7.766826 176 8171 4694 223.499734 0.150926 0.107021 42831 
1217973426 28303 109845 7.762075 177 8224 4709 223.705049 0.151122 0.107083 42992 
1218073426 28426 110249 7.756913 178 8282 4716 223.819602 0.151437 0.106701 43145 
1218173426 28539 110627 7.752689 178 8322 4745 223.925646 0.151841 0.106822 43297 
1218273426 28592 110888 7.756575 178 8327 4764 224.259233 0.151895 0.106941 43411 
1218373426 28655 111080 7.752923 178 8343 4787 224.277648 0.151933 0.106868 43489 
1218473426 28738 111365 7.750365 178 8363 4807 224.351938 0.152310 0.106882 43613 
1218573426 28852 111725 7.744697 178 8415 4817 224.438999 0.152502 0.106681 43770 
1218673426 28951 112090 7.743429 178 8442 4837 224.685296 0.152716 0.106673 43924 
1218773426 29046 112466 7.743992 178 8468 4857 224.981271 0.152809 0.106706 44080 
1218873426 29138 112765 7.740065 178 8494 4889 225.063903 0.153296 0.106495 44187 
1218973426 29228 113023 7.733885 178 8543 4902 225.084713 0.153402 0.106576 44297 
1219073426 29306 113378 7.737528 178 8551 4930 225.544462 0.153308 0.106749 44466 
1219173426 29435 113821 7.733718 179 8586 4961 225.669305 0.153581 0.107340 44630 
1219273426 29546 114218 7.731537 179 8618 4982 225.924457 0.153680 0.107275 44780 
1219373426 29657 114617 7.729507 180 8655 5007 226.148700 0.153701 0.107126 44930 
1219473426 29758 114972 7.727132 180 8681 5031 226.240339 0.153998 0.106711 45063 
1219573426 29836 115245 7.725231 180 8697 5057 226.298230 0.154161 0.106555 45159 
1219673426 29934 115579 7.722256 180 8722 5074 226.371684 0.154500 0.106486 45277 
1219773426 30072 116020 7.716148 180 8767 5103 226.514499 0.154316 0.106260 45460 
1219873426 30180 116467 7.718158 180 8774 5136 226.937972 0.154288 0.105568 45623 
1219973426 30277 116863 7.719589 180 8773 5168 227.222578 0.154498 0.105953 45792 
1220073426 30383 117180 7.713524 181 8801 5195 227.206464 0.154562 0.105948 45902 
1220173426 30432 117406 7.715957 181 8795 5221 227.431059 0.154598 0.106143 45999 
1220273426 30480 117645 7.719488 182 8801 5235 227.821063 0.154689 0.106342 46125 
1220373426 30532 117889 7.722324 182 8789 5263 228.096489 0.154740 0.106675 46221 
1220473426 30579 118136 7.726610 182 8774 5287 228.372739 0.154872 0.106984 46324 
1220573426 30616 118394 7.734126 182 8752 5303 228.824340 0.154807 0.107105 46451 
1220673426 30692 118667 7.732764 182 8761 5337 228.950802 0.154642 0.106985 46548 
1220773426 30762 118983 7.735713 183 8759 5361 229.281321 0.154721 0.107010 46686 
1220873426 30833 119240 7.734570 183 8771 5381 229.416988 0.154755 0.106764 46780 
1220973426 30928 119702 7.740688 185 8765 5402 230.013257 0.154526 0.106930 46973 
1221073426 31051 120077 7.734179 185 8794 5435 229.950147 0.154750 0.106892 47096 
1221173426 31159 120462 7.732084 185 8819 5434 230.072403 0.154915 0.107105 47241 
1221273426 31277 120846 7.727467 185 8863 5458 230.159798 0.155080 0.106990 47391 
1221373426 31363 121193 7.728406 185 8879 5474 230.394924 0.155290 0.107047 47529 
1221473426 31433 121494 7.730347 185 8881 5490 230.652881 0.155193 0.106824 47644 
1221573426 31528 121869 7.730842 186 8883 5522 230.881439 0.155337 0.106851 47776 
1221673426 31695 122438 7.726014 187 8924 5556 231.077583 0.155706 0.106241 47990 
1221773426 31814 122915 7.727101 187 8954 5571 231.443704 0.155805 0.106394 48194 
1221873426 31929 123320 7.724639 187 8984 5597 231.556140 0.156049 0.106215 48348 
1221973426 32034 123677 7.721608 188 9021 5602 231.671037 0.155924 0.106119 48483 
1222073426 32119 124018 7.722407 188 9051 5611 231.944270 0.155934 0.106200 48629 
1222173426 32225 124431 7.722638 189 9057 5652 232.216230 0.156004 0.106041 48773 
1222273426 32352 124846 7.717977 189 9076 5703 232.323751 0.156198 0.106068 48946 
1222373426 32467 125284 7.717621 189 9106 5725 232.595559 0.156246 0.105984 49122 
1222473426 32579 125678 7.715277 189 9137 5740 232.777065 0.156259 0.106198 49279 
1222573426 32659 125946 7.712790 191 9155 5758 232.831134 0.156390 0.106252 49387 
1222673426 32765 126305 7.709751 191 9174 5780 232.861041 0.156493 0.106149 49514 
1222773426 32857 126749 7.715190 192 9168 5819 233.353562 0.156531 0.106360 49706 
1222873426 32979 127182 7.712908 193 9188 5860 233.525395 0.156682 0.106484 49883 
1222973426 33085 127693 7.719087 193 9188 5877 234.045156 0.156884 0.106407 50105 
1223073426 33205 128194 7.721367 193 9212 5907 234.465833 0.156833 0.106684 50311 
1223173426 33282 128554 7.725137 193 9218 5916 234.867135 0.156881 0.106851 50488 
1223273426 33367 128887 7.725417 193 9241 5910 235.100908 0.156882 0.106571 50624 
1223373426 33470 129303 7.726501 193 9262 5911 235.339528 0.157109 0.106195 50770 
1223473426 33600 129803 7.726369 193 9307 5907 235.665595 0.157504 0.106240 50981 
1223573426 33747 130243 7.718790 193 9377 5919 235.648621 0.157813 0.106246 51154 
1223673426 33870 130766 7.721642 193 9397 5922 236.069619 0.158116 0.106052 51370 
1223773426 33966 131107 7.719896 193 9433 5919 236.206972 0.158291 0.105806 51488 
1223873426 34055 131529 7.724504 193 9434 5938 236.642784 0.158182 0.106175 51661 
1223973426 34185 132101 7.728594 193 9448 5970 237.243411 0.158455 0.106612 51929 
1224073426 34292 132512 7.728450 194 9474 5983 237.512831 0.158434 0.106326 52088 
1224173426 34417 133017 7.729727 194 9481 6025 237.835604 0.158329 0.106361 52267 
1224273426 34569 133614 7.730279 194 9498 6063 238.216147 0.158369 0.106501 52487 
1224373426 34660 133921 7.727698 194 9533 6060 238.312233 0.158244 0.106683 52611 
1224473426 34754 134299 7.728549 194 9542 6080 238.517696 0.158408 0.106749 52756 
1224573426 34906 134893 7.728929 195 9563 6120 238.782903 0.158896 0.106904 52975 
1224673426 35031 135360 7.728012 196 9599 6142 239.048214 0.158945 0.107071 53165 
1224773426 35171 135926 7.729436 197 9646 6147 239.546445 0.158887 0.106904 53389 
1224873426 35306 136479 7.731207 198 9669 6170 239.905342 0.158957 0.106672 53597 
1224973426 35389 136837 7.733307 198 9676 6181 240.178078 0.159048 0.106801 53756 
1225073426 35476 137159 7.732495 198 9701 6195 240.360131 0.159118 0.106791 53877 
1225173426 35618 137713 7.732776 198 9700 6254 240.727553 0.158917 0.106967 54079 
1225273426 35741 138142 7.730170 200 9728 6283 240.918721 0.158826 0.107102 54260 
1225373426 35845 138580 7.732180 200 9743 6303 241.235207 0.158928 0.107300 54448 
1225473426 35996 139109 7.729137 201 9785 6343 241.424936 0.158985 0.107309 54640 
1225573426 36076 139458 7.731345 201 9775 6375 241.736833 0.158812 0.107069 54780 
1225673426 36153 139785 7.732968 201 9789 6384 242.031256 0.158745 0.106859 54922 
1225773426 36307 140380 7.732944 202 9807 6426 242.342579 0.158973 0.106803 55153 
1225873426 36427 140826 7.731957 203 9817 6463 242.594724 0.158962 0.106775 55340 
1225973426 36549 141290 7.731538 203 9832 6487 242.764727 0.158978 0.106581 55504 
1226073426 36701 141850 7.730035 203 9840 6529 242.902210 0.159279 0.106267 55710 
1226173426 36814 142327 7.732221 203 9841 6561 243.232575 0.159325 0.106353 55869 
1226273426 36907 142783 7.737448 203 9834 6579 243.684233 0.159430 0.106144 56067 
1226373426 37058 143514 7.745372 203 9823 6622 244.334826 0.159745 0.106235 56353 
1226473426 37242 144206 7.744267 204 9860 6654 244.666022 0.159721 0.106307 56626 
1226573426 37404 144774 7.741097 204 9901 6673 244.722008 0.160143 0.106384 56850 
1226673426 37596 145431 7.736515 205 9949 6718 244.834504 0.160240 0.106099 57099 
1226773426 37719 146002 7.741563 205 9942 6776 245.282590 0.160384 0.106118 57317 
1226873426 37825 146482 7.745248 206 9930 6814 245.534118 0.160545 0.106408 57490 
1226973426 37987 147161 7.747966 206 9933 6861 245.882381 0.160650 0.106454 57747 
1227073426 38170 147827 7.745717 206 9976 6895 246.168038 0.160647 0.106087 57985 
1227173426 38309 148401 7.747579 207 10005 6909 246.523219 0.160721 0.105699 58201 
1227273426 38465 148986 7.746575 208 10045 6913 246.801924 0.160785 0.105695 58444 
1227373426 38603 149468 7.743854 208 10080 6948 246.942310 0.160965 0.105544 58607 
1227473426 38708 149923 7.746357 208 10101 6968 247.269815 0.161099 0.105553 58788 
1227573426 38868 150538 7.746115 208 10137 7001 247.529073 0.161133 0.105324 58993 
1227673426 39046 151229 7.746197 209 10166 7035 247.782103 0.161292 0.105153 59219 
1227773426 39167 151741 7.748411 209 10170 7070 248.164628 0.161092 0.105227 59432 
1227873426 39273 152139 7.747766 209 10189 7079 248.309475 0.160997 0.105415 59589 
1227973426 39382 152553 7.747347 209 10218 7082 248.434970 0.161124 0.105103 59737 
1228073426 39521 153047 7.745098 210 10239 7118 248.612687 0.161012 0.104772 59924 
1228173426 39662 153673 7.749130 210 10253 7129 249.076749 0.160905 0.104740 60164 
1228273426 39851 154410 7.749366 210 10278 7149 249.337984 0.161445 0.104854 60431 
1228373426 40002 155157 7.757462 211 10263 7212 250.098345 0.161288 0.105264 60760 
1228473426 40175 155812 7.756665 211 10319 7208 250.400199 0.161362 0.105653 61012 
1228573426 40291 156362 7.761634 211 10346 7194 250.985530 0.161123 0.105710 61264 
1228673426 40406 156891 7.765728 213 10356 7195 251.368312 0.160992 0.105938 61476 
1228773426 40562 157583 7.769982 216 10374 7215 251.875549 0.161066 0.106114 61779 
1228873426 40753 158325 7.769980 216 10393 7253 252.144627 0.161475 0.105849 62054 
1228973426 40918 159032 7.773205 217 10403 7283 252.587125 0.161483 0.105842 62341 
1229073426 41075 159700 7.776019 217 10403 7323 252.934632 0.161679 0.105990 62619 
1229173426 41194 160172 7.776472 217 10405 7365 253.154052 0.161843 0.106126 62790 
1229273426 41329 160642 7.773815 217 10423 7393 253.240388 0.161901 0.105912 62934 
1229373426 41482 161292 7.776481 217 10445 7404 253.623596 0.162185 0.106001 63214 
1229473426 41686 162102 7.777287 218 10470 7445 254.025812 0.162095 0.105725 63506 
1229573426 41874 162887 7.779863 219 10509 7467 254.470363 0.162359 0.105728 63811 
1229673426 42060 163577 7.778269 219 10557 7498 254.719211 0.162304 0.105741 64064 
1229773426 42191 164154 7.781470 219 10572 7508 255.100092 0.162251 0.105576 64279 
1229873426 42297 164669 7.786321 219 10565 7528 255.410833 0.162506 0.105330 64448 
1229973426 42457 165441 7.793344 220 10565 7556 255.949031 0.162556 0.105156 64736 
1230073426 42626 166225 7.799231 220 10568 7603 256.609628 0.162616 0.105397 65061 
1230173426 42765 166837 7.802502 221 10590 7621 257.035146 0.162715 0.105425 65294 
1230273426 42887 167345 7.803997 221 10604 7619 257.302026 0.162694 0.105560 65475 
1230373426 43006 167810 7.804027 221 10627 7631 257.500860 0.162520 0.105646 65644 
1230473426 43126 168323 7.806103 221 10647 7646 257.797060 0.162654 0.105681 65879 
1230573426 43313 169052 7.806063 221 10702 7664 258.099924 0.162750 0.105903 66164 
1230673426 43538 169862 7.802931 222 10750 7698 258.267996 0.162889 0.106004 66466 
1230773426 43759 170683 7.801047 223 10799 7723 258.550790 0.162832 0.105938 66776 
1230873426 43928 171303 7.799262 223 10828 7778 258.697824 0.162848 0.106240 67008 
1230973426 44100 171970 7.799093 223 10879 7780 259.077324 0.162629 0.106073 67249 
1231073426 44197 172531 7.807362 223 10867 7797 259.653008 0.162614 0.106331 67489 
1231173426 44341 173202 7.812273 223 10879 7837 260.212129 0.162441 0.105988 67743 
1231273426 44489 174122 7.827643 223 10826 7858 261.199757 0.162356 0.106353 68117 
1231373426 44625 175014 7.843765 224 10788 7889 262.278857 0.162399 0.106396 68498 
1231473426 44748 175872 7.860552 224 10726 7924 263.306025 0.161984 0.106501 68826 
1231573426 44847 176602 7.875755 224 10688 7931 264.248891 0.161840 0.107118 69149 
1231673426 44930 177143 7.885288 224 10667 7941 264.854351 0.161890 0.107282 69370 
1231773426 45024 177769 7.896633 224 10634 7957 265.550418 0.161931 0.107581 69638 
1231873426 45149 178600 7.911582 224 10596 7987 266.514696 0.161941 0.107947 69993 
1231973426 45266 179424 7.927539 226 10562 7988 267.637344 0.161491 0.108453 70362 
1232073426 45375 180181 7.941862 227 10532 8006 268.650006 0.161135 0.108518 70711 
1232173426 45486 180930 7.955415 227 10495 8012 269.494834 0.161200 0.108508 71018 
1232273426 45569 181512 7.966468 227 10473 8014 270.189295 0.161232 0.108321 71262 
1232373426 45625 182035 7.979616 227 10437 8019 271.000197 0.161264 0.108491 71501 
1232473426 45717 182766 7.995538 227 10415 7995 271.989894 0.161191 0.108381 71814 
1232573426 45806 183368 8.006287 227 10383 8025 272.677684 0.161007 0.108970 72073 
1232673426 45813 183412 8.006985 227 10381 8030 272.739397 0.161004 0.108997 72095 
