Timestamp NoNodes NoLinks AverageDegree MaxDeg Singletons Doubletons MeanSquaredDeg Assortativity AverageClustering TriCount 
1165073426 0 0 0.000000 0 0 0 0.000000 0.000000 0.000000 0 
1165173426 8001 18422 4.604924 46 2050 1325 42.228471 0.207709 0.090310 4146 
1165273426 8038 18564 4.619059 46 2049 1336 42.536452 0.208385 0.089112 4164 
1165373426 8076 18711 4.633730 46 2052 1349 42.887816 0.208077 0.088012 4170 
1165473426 8111 18879 4.655160 46 2047 1348 43.265935 0.208216 0.086677 4176 
1165573426 8137 18988 4.667076 46 2045 1355 43.554381 0.207934 0.085995 4183 
1165673426 8160 19095 4.680147 47 2044 1363 43.813235 0.207513 0.085460 4191 
1165773426 8181 19173 4.687202 47 2045 1372 43.986065 0.208048 0.084910 4194 
1165873426 8215 19299 4.698478 47 2049 1377 44.266829 0.208112 0.083961 4205 
1165973426 8257 19435 4.707521 47 2057 1389 44.481289 0.207665 0.082731 4209 
1166073426 8298 19602 4.724512 47 2051 1402 44.853218 0.206986 0.081565 4217 
1166173426 8328 19726 4.737272 47 2043 1421 45.146013 0.205786 0.080547 4218 
1166273426 8346 19822 4.750060 47 2043 1416 45.413611 0.205514 0.080063 4224 
1166373426 8359 19918 4.765642 47 2031 1425 45.729872 0.204704 0.079401 4224 
1166473426 8389 20042 4.778162 48 2027 1434 46.025986 0.204328 0.078562 4227 
1166573426 8415 20171 4.794058 48 2019 1438 46.326560 0.204046 0.077681 4231 
1166673426 8447 20313 4.809518 48 2012 1448 46.637386 0.203136 0.076655 4240 
1166773426 8476 20461 4.827985 48 2006 1465 47.037518 0.203192 0.075665 4247 
1166873426 8504 20566 4.836783 48 2003 1481 47.267404 0.202678 0.075115 4251 
1166973426 8516 20633 4.845702 48 1998 1488 47.437764 0.202373 0.074543 4253 
1167073426 8538 20763 4.863668 48 1992 1493 47.820333 0.202395 0.073804 4262 
1167173426 8558 20871 4.877541 48 1983 1505 48.139519 0.200497 0.072977 4268 
1167273426 8582 20982 4.889769 48 1981 1511 48.432300 0.200262 0.072185 4273 
1167373426 8612 21105 4.901301 48 1980 1521 48.758941 0.198814 0.071327 4275 
1167473426 8635 21213 4.913260 48 1978 1523 49.032774 0.197753 0.070556 4279 
1167573426 8648 21284 4.922294 48 1977 1521 49.238899 0.198198 0.069991 4281 
1167673426 8671 21385 4.932534 48 1973 1533 49.451274 0.197970 0.069357 4281 
1167773426 8697 21503 4.944924 48 1971 1530 49.731402 0.198000 0.068789 4284 
1167873426 8735 21623 4.950887 48 1975 1543 49.943446 0.197003 0.068005 4287 
1167973426 8765 21750 4.962921 48 1972 1553 50.183229 0.197307 0.067627 4289 
1168073426 8787 21837 4.970297 48 1973 1560 50.401275 0.196712 0.067118 4289 
1168173426 8813 21931 4.976966 48 1972 1567 50.572336 0.196464 0.066922 4292 
1168273426 8844 22043 4.984848 48 1972 1577 50.778833 0.197829 0.066308 4297 
1168373426 8874 22175 4.997746 48 1971 1584 51.116520 0.196874 0.065683 4298 
1168473426 8905 22305 5.009545 49 1966 1590 51.387535 0.195702 0.064952 4300 
1168573426 8934 22435 5.022386 49 1953 1608 51.672487 0.194960 0.064508 4302 
1168673426 8958 22532 5.030587 49 1950 1616 51.899308 0.195421 0.063867 4303 
1168773426 8980 22623 5.038530 49 1951 1624 52.160134 0.195091 0.063578 4310 
1168873426 9004 22704 5.043092 49 1956 1630 52.302088 0.194450 0.063137 4312 
1168973426 9035 22847 5.057443 50 1960 1630 52.689762 0.193270 0.062541 4314 
1169073426 9073 22983 5.066240 50 1965 1639 52.938168 0.194144 0.061375 4316 
1169173426 9104 23131 5.081503 50 1964 1648 53.316125 0.194249 0.060733 4323 
1169273426 9133 23254 5.092303 50 1968 1651 53.641082 0.193236 0.060507 4336 
1169373426 9152 23362 5.105332 50 1962 1652 53.940778 0.193294 0.059977 4340 
1169473426 9178 23459 5.112007 50 1963 1666 54.156679 0.191931 0.059632 4342 
1169573426 9209 23582 5.121512 51 1960 1687 54.431100 0.192025 0.059006 4346 
1169673426 9239 23733 5.137569 51 1955 1693 54.844897 0.191523 0.058430 4354 
1169773426 9280 23891 5.148922 51 1952 1700 55.124784 0.190367 0.057790 4357 
1169873426 9310 24009 5.157680 53 1958 1704 55.371858 0.188763 0.057335 4362 
1169973426 9330 24116 5.169561 53 1959 1701 55.690890 0.188735 0.056961 4365 
1170073426 9351 24229 5.182120 53 1959 1698 55.988878 0.187468 0.056500 4366 
1170173426 9380 24375 5.197228 53 1949 1701 56.308102 0.188211 0.056002 4370 
1170273426 9420 24550 5.212314 53 1953 1709 56.774735 0.186748 0.055172 4378 
1170373426 9448 24733 5.235605 53 1943 1707 57.358594 0.185789 0.054662 4380 
1170473426 9479 24909 5.255618 54 1940 1713 57.868341 0.184823 0.054029 4388 
1170573426 9508 25041 5.267354 54 1936 1718 58.184266 0.183444 0.053196 4390 
1170673426 9532 25164 5.279899 54 1940 1725 58.544692 0.182639 0.052766 4394 
1170773426 9559 25282 5.289675 54 1933 1737 58.814102 0.183577 0.052468 4396 
1170873426 9601 25431 5.297573 55 1939 1747 59.093636 0.182893 0.051912 4398 
1170973426 9630 25603 5.317342 55 1932 1751 59.563240 0.182701 0.051356 4402 
1171073426 9666 25752 5.328367 55 1932 1754 59.856197 0.182277 0.050674 4407 
1171173426 9697 25886 5.338971 55 1929 1763 60.129525 0.182773 0.050512 4414 
1171273426 9724 26026 5.352941 56 1925 1766 60.507404 0.182082 0.050156 4421 
1171373426 9748 26181 5.371563 56 1915 1774 60.941526 0.180583 0.049555 4424 
1171473426 9793 26339 5.379148 57 1920 1787 61.236802 0.180750 0.049306 4432 
1171573426 9834 26536 5.396787 57 1908 1808 61.643075 0.181091 0.048817 4440 
1171673426 9865 26659 5.404764 57 1911 1814 61.868018 0.180532 0.048361 4440 
1171773426 9879 26732 5.411884 57 1908 1818 62.054864 0.180140 0.048356 4443 
1171873426 9892 26800 5.418520 57 1907 1817 62.223817 0.180050 0.048130 4444 
1171973426 9907 26878 5.426062 57 1899 1833 62.441506 0.180455 0.047943 4450 
1172073426 9924 26973 5.435913 57 1892 1839 62.689843 0.179787 0.047856 4451 
1172173426 9956 27135 5.450984 58 1888 1852 63.129771 0.178404 0.047664 4458 
1172273426 9982 27314 5.472651 58 1876 1864 63.591064 0.178770 0.047341 4466 
1172373426 10006 27430 5.482710 58 1873 1878 63.910454 0.178346 0.047025 4475 
1172473426 10038 27571 5.493325 58 1865 1887 64.202829 0.178084 0.046609 4477 
1172573426 10072 27771 5.514496 58 1854 1897 64.747617 0.176955 0.046089 4478 
1172673426 10105 27937 5.529342 59 1853 1905 65.152895 0.176487 0.045652 4482 
1172773426 10132 28128 5.552310 59 1841 1905 65.718516 0.175620 0.044955 4484 
1172873426 10164 28290 5.566706 59 1844 1901 66.136364 0.175038 0.044492 4488 
1172973426 10186 28381 5.572551 59 1838 1911 66.278814 0.174935 0.044266 4489 
1173073426 10221 28541 5.584776 59 1837 1923 66.645925 0.175184 0.043752 4491 
1173173426 10252 28736 5.605931 60 1817 1939 67.211861 0.173715 0.043281 4495 
1173273426 10283 28917 5.624234 60 1810 1942 67.695809 0.172983 0.042848 4503 
1173373426 10310 29095 5.644035 60 1798 1949 68.194956 0.172982 0.042450 4506 
1173473426 10344 29265 5.658353 61 1803 1949 68.652359 0.172852 0.041939 4511 
1173573426 10365 29382 5.669465 61 1799 1947 68.947033 0.173438 0.041670 4516 
1173673426 10383 29486 5.679669 61 1793 1951 69.244342 0.172729 0.041468 4521 
1173773426 10415 29650 5.693711 61 1788 1951 69.629381 0.172026 0.041123 4524 
1173873426 10451 29809 5.704526 61 1791 1950 69.956942 0.171925 0.040706 4528 
1173973426 10473 29988 5.726726 61 1788 1947 70.536045 0.171489 0.040309 4531 
1174073426 10507 30141 5.737318 61 1794 1950 70.852384 0.171668 0.039986 4535 
1174173426 10529 30275 5.750784 61 1789 1952 71.213221 0.171372 0.039681 4537 
1174273426 10548 30401 5.764316 61 1788 1949 71.578498 0.170783 0.039384 4540 
1174373426 10585 30585 5.778932 61 1793 1939 72.009825 0.169284 0.039022 4542 
1174473426 10616 30730 5.789375 61 1791 1948 72.322155 0.168738 0.038733 4543 
1174573426 10641 30891 5.806033 61 1786 1946 72.818908 0.168441 0.038458 4550 
1174673426 10673 31063 5.820856 61 1780 1956 73.220463 0.168592 0.038270 4555 
1174773426 10693 31168 5.829608 61 1782 1953 73.477041 0.168837 0.038093 4558 
1174873426 10717 31275 5.836521 62 1784 1959 73.733134 0.169082 0.037850 4560 
1174973426 10761 31452 5.845553 63 1790 1961 74.081963 0.168293 0.037477 4561 
1175073426 10788 31598 5.857990 63 1793 1957 74.447349 0.167808 0.037320 4569 
1175173426 10817 31740 5.868540 63 1790 1966 74.755477 0.167380 0.036964 4570 
1175273426 10847 31876 5.877385 63 1790 1973 75.065917 0.167912 0.036878 4573 
1175373426 10870 32001 5.887948 63 1787 1982 75.420791 0.166698 0.036682 4576 
1175473426 10881 32083 5.897068 63 1786 1985 75.701130 0.166258 0.036482 4577 
1175573426 10910 32256 5.913107 64 1784 1980 76.212832 0.165472 0.036147 4581 
1175673426 10931 32393 5.926814 64 1782 1978 76.624280 0.165247 0.035914 4585 
1175773426 10949 32519 5.940086 64 1778 1977 77.037355 0.165141 0.035738 4593 
1175873426 10982 32628 5.942087 64 1790 1981 77.190311 0.165044 0.035454 4597 
1175973426 11005 32749 5.951658 64 1788 1977 77.443344 0.164482 0.035184 4599 
1176073426 11031 32860 5.957755 64 1794 1977 77.707914 0.164430 0.034992 4603 
1176173426 11060 33037 5.974141 64 1796 1973 78.205606 0.163369 0.034622 4610 
1176273426 11108 33286 5.993158 64 1795 1968 78.762694 0.162802 0.034132 4617 
1176373426 11128 33409 6.004493 64 1791 1970 79.117362 0.162528 0.033968 4618 
1176473426 11152 33535 6.014168 64 1783 1983 79.410509 0.161913 0.033717 4618 
1176573426 11170 33647 6.024530 64 1778 1981 79.678424 0.161926 0.033331 4622 
1176673426 11190 33758 6.033601 64 1778 1977 79.954781 0.161219 0.033096 4622 
1176773426 11219 33956 6.053302 65 1774 1974 80.538372 0.161129 0.032958 4629 
1176873426 11255 34181 6.073923 66 1775 1964 81.216704 0.160090 0.032622 4634 
1176973426 11282 34332 6.086155 66 1776 1953 81.550966 0.159692 0.032425 4637 
1177073426 11321 34506 6.095928 68 1780 1967 81.959544 0.158564 0.032179 4640 
1177173426 11346 34619 6.102415 68 1781 1973 82.201481 0.158408 0.031841 4646 
1177273426 11364 34721 6.110700 68 1781 1979 82.465505 0.158166 0.031686 4650 
1177373426 11393 34887 6.124287 68 1777 1986 82.852629 0.157806 0.031558 4658 
1177473426 11419 35081 6.144321 68 1777 1986 83.479814 0.156523 0.031310 4665 
1177573426 11454 35261 6.156976 68 1775 2006 83.942204 0.155878 0.031029 4669 
1177673426 11491 35419 6.164651 68 1783 2010 84.245932 0.155258 0.030745 4671 
1177773426 11516 35534 6.171240 68 1791 2011 84.501216 0.155952 0.030591 4677 
1177873426 11536 35645 6.179785 69 1791 2009 84.778433 0.155800 0.030351 4678 
1177973426 11576 35835 6.191258 69 1789 2020 85.176572 0.155915 0.030034 4683 
1178073426 11609 36023 6.206047 70 1777 2039 85.671806 0.155023 0.030118 4694 
1178173426 11641 36207 6.220600 70 1777 2042 86.129542 0.155061 0.029854 4698 
1178273426 11661 36331 6.231198 71 1775 2044 86.518480 0.154230 0.029670 4702 
1178373426 11685 36484 6.244587 71 1774 2042 86.943261 0.153997 0.029725 4707 
1178473426 11711 36599 6.250363 71 1772 2056 87.170523 0.153594 0.029464 4712 
1178573426 11733 36780 6.269496 71 1765 2055 87.679195 0.153123 0.029273 4717 
1178673426 11765 36974 6.285423 71 1762 2066 88.208585 0.152541 0.029002 4721 
1178773426 11804 37157 6.295662 72 1762 2069 88.574043 0.151981 0.028730 4727 
1178873426 11834 37320 6.307250 72 1764 2068 88.963157 0.151488 0.028471 4730 
1178973426 11849 37398 6.312431 73 1766 2069 89.152671 0.151391 0.028424 4732 
1179073426 11876 37522 6.318963 73 1763 2076 89.360559 0.151629 0.028277 4737 
1179173426 11910 37704 6.331486 73 1760 2073 89.761209 0.151443 0.027960 4739 
1179273426 11941 37893 6.346705 73 1758 2074 90.243028 0.151002 0.027657 4749 
1179373426 11980 38066 6.354925 73 1762 2077 90.648581 0.151048 0.027385 4756 
1179473426 12010 38240 6.368027 74 1762 2078 91.058951 0.150724 0.027188 4757 
1179573426 12027 38366 6.379978 76 1760 2084 91.482830 0.150752 0.026967 4765 
1179673426 12044 38462 6.386915 77 1755 2097 91.733643 0.150900 0.026883 4767 
1179773426 12066 38619 6.401293 77 1753 2096 92.162440 0.151171 0.026700 4777 
1179873426 12091 38770 6.413034 77 1747 2096 92.530973 0.150628 0.026707 4782 
1179973426 12135 39001 6.427853 77 1744 2103 93.031891 0.150953 0.026445 4788 
1180073426 12170 39212 6.444043 77 1746 2100 93.665242 0.150420 0.026115 4795 
1180173426 12189 39325 6.452539 77 1742 2102 93.947165 0.150407 0.025994 4799 
1180273426 12206 39428 6.460429 78 1741 2103 94.229232 0.150267 0.025877 4804 
1180373426 12241 39578 6.466465 78 1743 2113 94.473001 0.149820 0.025757 4813 
1180473426 12265 39759 6.483327 79 1737 2107 94.946270 0.149462 0.025598 4815 
1180573426 12300 39995 6.503252 80 1736 2108 95.628455 0.148913 0.025289 4820 
1180673426 12330 40181 6.517599 82 1741 2098 96.157664 0.148301 0.025126 4820 
1180773426 12352 40321 6.528659 82 1739 2096 96.573187 0.148572 0.024910 4827 
1180873426 12370 40415 6.534357 82 1738 2097 96.786742 0.148627 0.024818 4831 
1180973426 12392 40528 6.540994 82 1741 2098 97.062137 0.149014 0.024735 4845 
1181073426 12441 40702 6.543204 82 1754 2115 97.304397 0.149185 0.024557 4849 
1181173426 12477 40864 6.550293 82 1756 2123 97.661778 0.149044 0.024407 4856 
1181273426 12519 41038 6.556115 83 1752 2132 97.964055 0.148972 0.024539 4866 
1181373426 12547 41162 6.561250 83 1759 2135 98.231609 0.148808 0.024352 4871 
1181473426 12573 41272 6.565179 83 1758 2136 98.438241 0.148482 0.024391 4874 
1181573426 12596 41410 6.575103 83 1756 2137 98.760876 0.148216 0.024278 4875 
1181673426 12635 41617 6.587574 83 1764 2134 99.238623 0.147954 0.024078 4879 
1181773426 12685 41824 6.594245 84 1775 2138 99.596847 0.147516 0.023841 4883 
1181873426 12720 42032 6.608805 84 1775 2135 100.157547 0.147266 0.023669 4891 
1181973426 12746 42191 6.620273 84 1770 2138 100.572886 0.146795 0.023552 4892 
1182073426 12774 42333 6.627994 84 1764 2148 100.858932 0.146947 0.023366 4895 
1182173426 12799 42472 6.636768 84 1764 2158 101.198375 0.147351 0.023251 4897 
1182273426 12829 42655 6.649778 84 1761 2154 101.611037 0.147794 0.023137 4903 
1182373426 12859 42827 6.661016 84 1757 2159 101.978536 0.147416 0.023015 4909 
1182473426 12900 43038 6.672558 84 1759 2157 102.466977 0.146794 0.022833 4912 
1182573426 12934 43220 6.683161 84 1759 2168 102.951755 0.146699 0.022854 4921 
1182673426 12958 43355 6.691619 84 1758 2175 103.240624 0.146842 0.022802 4926 
1182773426 12996 43496 6.693752 85 1768 2177 103.417205 0.146907 0.022682 4929 
1182873426 13040 43697 6.701994 85 1770 2191 103.809202 0.146793 0.022491 4934 
1182973426 13075 43858 6.708681 85 1767 2204 104.141033 0.146738 0.022371 4943 
1183073426 13122 44047 6.713458 85 1770 2212 104.406036 0.146585 0.022186 4949 
1183173426 13153 44210 6.722421 85 1767 2212 104.685167 0.146961 0.022033 4952 
1183273426 13173 44329 6.730282 85 1768 2210 104.985956 0.146652 0.021903 4959 
1183373426 13199 44472 6.738692 85 1771 2208 105.277824 0.145984 0.021932 4961 
1183473426 13237 44679 6.750623 85 1770 2218 105.759311 0.145520 0.021782 4967 
1183573426 13285 44855 6.752729 86 1774 2238 105.969289 0.145789 0.021551 4973 
1183673426 13314 45017 6.762355 86 1780 2233 106.413099 0.145826 0.021373 4979 
1183773426 13343 45231 6.779735 86 1774 2239 107.066477 0.145811 0.021192 4985 
1183873426 13377 45391 6.786424 86 1770 2252 107.400015 0.145738 0.021049 4988 
1183973426 13409 45543 6.792900 86 1778 2244 107.699157 0.145455 0.020822 4991 
1184073426 13452 45718 6.797205 86 1791 2253 108.035682 0.145197 0.020661 5001 
1184173426 13486 45911 6.808690 86 1782 2263 108.453211 0.144994 0.020513 5006 
1184273426 13521 46120 6.821981 86 1787 2260 109.016197 0.144617 0.020319 5019 
1184373426 13556 46314 6.832989 86 1790 2258 109.467690 0.144555 0.020146 5023 
1184473426 13569 46448 6.846194 86 1787 2261 109.929693 0.144117 0.020031 5029 
1184573426 13598 46651 6.861450 86 1782 2260 110.534637 0.143555 0.019895 5037 
1184673426 13636 46844 6.870637 86 1787 2256 110.958639 0.143923 0.019695 5045 
1184773426 13683 47033 6.874662 86 1792 2268 111.244756 0.143750 0.019684 5051 
1184873426 13726 47263 6.886638 86 1793 2276 111.759872 0.143820 0.019529 5059 
1184973426 13772 47466 6.893116 86 1793 2291 112.125762 0.144129 0.019403 5068 
1185073426 13811 47618 6.895663 86 1797 2301 112.326406 0.143722 0.019222 5073 
1185173426 13840 47764 6.902312 86 1804 2299 112.691763 0.143193 0.019096 5081 
1185273426 13867 47906 6.909353 86 1807 2304 112.993726 0.143147 0.018977 5087 
1185373426 13906 48076 6.914425 86 1808 2314 113.285920 0.142891 0.018979 5093 
1185473426 13942 48266 6.923827 86 1805 2322 113.638646 0.142197 0.018765 5096 
1185573426 13986 48454 6.928929 86 1821 2324 114.040898 0.142565 0.018582 5100 
1185673426 14010 48580 6.935046 87 1823 2325 114.354747 0.141865 0.018448 5103 
1185773426 14051 48764 6.941001 87 1821 2341 114.674543 0.142138 0.018561 5112 
1185873426 14090 48960 6.949610 87 1822 2357 115.126899 0.141493 0.018661 5117 
1185973426 14118 49132 6.960193 87 1821 2362 115.471597 0.141555 0.018607 5119 
1186073426 14159 49333 6.968430 87 1818 2372 115.815382 0.141562 0.018485 5126 
1186173426 14208 49547 6.974521 88 1823 2380 116.257883 0.141534 0.018589 5144 
1186273426 14234 49698 6.982998 88 1818 2388 116.585500 0.141454 0.018734 5152 
1186373426 14272 49879 6.989770 88 1824 2403 116.923627 0.141523 0.018626 5156 
1186473426 14315 50120 7.002445 88 1832 2399 117.392944 0.141565 0.018466 5165 
1186573426 14348 50334 7.016170 88 1829 2394 117.909674 0.140531 0.018304 5172 
1186673426 14387 50583 7.031765 88 1823 2400 118.522277 0.140097 0.018213 5181 
1186773426 14425 50777 7.040139 89 1831 2393 118.930052 0.139095 0.018114 5183 
1186873426 14455 50919 7.045175 90 1837 2388 119.178692 0.139271 0.017985 5183 
1186973426 14478 51059 7.053322 90 1830 2394 119.476723 0.138977 0.017916 5187 
1187073426 14511 51236 7.061677 90 1837 2399 119.945559 0.138790 0.017851 5195 
1187173426 14547 51436 7.071699 92 1834 2417 120.342476 0.138606 0.017719 5199 
1187273426 14584 51600 7.076248 92 1838 2415 120.572271 0.138352 0.017576 5200 
1187373426 14615 51802 7.088881 92 1836 2407 121.036333 0.138099 0.017441 5205 
1187473426 14643 51981 7.099775 92 1841 2405 121.540941 0.137373 0.017372 5208 
1187573426 14669 52136 7.108324 92 1839 2407 121.956643 0.137505 0.017401 5221 
1187673426 14702 52373 7.124609 93 1837 2404 122.605904 0.137160 0.017280 5232 
1187773426 14744 52537 7.126560 93 1846 2413 122.807244 0.137385 0.017188 5238 
1187873426 14778 52694 7.131412 93 1845 2425 123.080931 0.137570 0.017100 5241 
1187973426 14824 52879 7.134242 93 1852 2427 123.337021 0.137520 0.016954 5248 
1188073426 14851 53058 7.145377 93 1844 2432 123.770655 0.137542 0.016821 5252 
1188173426 14876 53233 7.156897 94 1834 2432 124.188492 0.137202 0.016763 5257 
1188273426 14916 53463 7.168544 94 1832 2433 124.667605 0.137189 0.016620 5263 
1188373426 14953 53667 7.178091 94 1839 2436 125.101585 0.137251 0.016497 5270 
1188473426 14981 53846 7.188572 94 1831 2449 125.536079 0.137134 0.016397 5275 
1188573426 15010 54020 7.197868 95 1836 2446 125.966689 0.137526 0.016271 5284 
1188673426 15039 54173 7.204335 95 1843 2442 126.245362 0.136965 0.016220 5289 
1188773426 15070 54326 7.209821 95 1844 2443 126.571997 0.136541 0.016158 5293 
1188873426 15096 54462 7.215421 95 1844 2444 126.850821 0.136407 0.016082 5297 
1188973426 15135 54687 7.226561 96 1841 2447 127.266997 0.136472 0.016001 5313 
1189073426 15174 54898 7.235798 96 1836 2456 127.705022 0.135952 0.015872 5320 
1189173426 15207 55073 7.243112 97 1837 2459 128.067600 0.135703 0.015781 5327 
1189273426 15246 55233 7.245573 97 1845 2470 128.274433 0.135480 0.015840 5329 
1189373426 15273 55399 7.254501 98 1841 2473 128.647024 0.135091 0.015811 5336 
1189473426 15333 55628 7.255984 99 1854 2476 128.887498 0.135095 0.015682 5337 
1189573426 15376 55846 7.264048 99 1854 2486 129.256243 0.135546 0.015603 5347 
1189673426 15418 56013 7.265923 99 1868 2494 129.547282 0.135183 0.015504 5353 
1189773426 15441 56152 7.273104 99 1868 2496 129.819701 0.135491 0.015435 5359 
1189873426 15480 56321 7.276615 100 1877 2510 130.110724 0.135638 0.015365 5367 
1189973426 15510 56483 7.283430 101 1877 2513 130.442166 0.135700 0.015259 5376 
1190073426 15563 56697 7.286127 101 1891 2522 130.745615 0.134984 0.015346 5387 
1190173426 15612 56943 7.294773 102 1903 2528 131.239816 0.134744 0.015195 5396 
1190273426 15667 57184 7.299930 102 1913 2534 131.638603 0.134876 0.015069 5406 
1190373426 15714 57405 7.306224 103 1923 2541 132.090365 0.134408 0.015114 5420 
1190473426 15750 57574 7.310984 103 1922 2562 132.351238 0.134503 0.015172 5430 
1190573426 15795 57726 7.309402 103 1938 2561 132.460652 0.134724 0.015048 5437 
1190673426 15846 57909 7.308974 103 1955 2570 132.620851 0.134596 0.015099 5443 
1190773426 15914 58135 7.306146 103 1978 2580 132.736081 0.134624 0.015146 5448 
1190873426 15965 58393 7.315127 104 1980 2590 133.232947 0.134869 0.015167 5457 
1190973426 16013 58601 7.319178 104 1982 2613 133.523887 0.135326 0.015043 5464 
1191073426 16050 58731 7.318505 104 1991 2623 133.617072 0.135514 0.015005 5469 
1191173426 16092 58872 7.316928 104 2014 2621 133.739249 0.135338 0.014926 5470 
1191273426 16160 59099 7.314233 104 2025 2642 133.884901 0.135305 0.014821 5474 
1191373426 16211 59360 7.323422 104 2027 2656 134.322004 0.134742 0.014847 5482 
1191473426 16270 59588 7.324892 105 2049 2654 134.575415 0.134725 0.014716 5489 
1191573426 16322 59794 7.326798 105 2056 2668 134.810440 0.134804 0.014628 5490 
1191673426 16367 59948 7.325472 105 2062 2681 134.870288 0.134768 0.014721 5492 
1191773426 16400 60066 7.325122 105 2063 2688 134.955854 0.134578 0.014626 5493 
1191873426 16443 60279 7.331874 105 2069 2701 135.388919 0.134651 0.014539 5498 
1191973426 16499 60514 7.335475 105 2085 2694 135.675617 0.134487 0.014451 5505 
1192073426 16556 60719 7.334984 105 2106 2695 135.822783 0.134861 0.014560 5515 
1192173426 16607 60919 7.336545 105 2113 2711 136.081291 0.134571 0.014474 5520 
1192273426 16641 61047 7.336939 105 2122 2719 136.210684 0.134704 0.014417 5524 
1192373426 16670 61168 7.338692 105 2125 2729 136.352130 0.134733 0.014365 5529 
1192473426 16707 61348 7.343988 105 2133 2733 136.686060 0.134533 0.014242 5537 
1192573426 16758 61601 7.351832 105 2146 2728 137.190476 0.134348 0.014186 5546 
1192673426 16810 61836 7.357049 107 2148 2755 137.592148 0.134031 0.014366 5559 
1192773426 16874 62062 7.355932 107 2164 2766 137.795662 0.133886 0.014177 5564 
1192873426 16902 62194 7.359366 107 2170 2770 137.996095 0.133938 0.014143 5571 
1192973426 16920 62277 7.361348 107 2176 2768 138.137234 0.133880 0.014120 5572 
1193073426 16949 62425 7.366216 108 2180 2773 138.448640 0.133393 0.014153 5580 
1193173426 16990 62665 7.376692 108 2188 2765 139.088170 0.132370 0.014061 5590 
1193273426 17044 62892 7.379958 108 2186 2783 139.411054 0.132029 0.013954 5597 
1193373426 17101 63101 7.379802 109 2193 2806 139.636162 0.132064 0.013853 5608 
1193473426 17124 63240 7.386125 109 2193 2812 139.937398 0.131662 0.013768 5614 
1193573426 17146 63325 7.386562 109 2195 2820 140.013064 0.131893 0.013744 5620 
1193673426 17174 63434 7.387213 109 2205 2822 140.167695 0.131732 0.013708 5626 
1193773426 17221 63647 7.391789 109 2211 2828 140.470124 0.131586 0.013610 5634 
1193873426 17264 63829 7.394462 109 2222 2835 140.713044 0.131730 0.013557 5641 
1193973426 17302 64026 7.400994 109 2221 2843 141.041382 0.131625 0.013529 5651 
1194073426 17340 64183 7.402884 109 2232 2844 141.241061 0.131733 0.013733 5658 
1194173426 17360 64308 7.408756 109 2227 2854 141.535253 0.131321 0.014010 5666 
1194273426 17394 64444 7.409911 109 2224 2870 141.726342 0.131221 0.013949 5668 
1194373426 17446 64652 7.411670 110 2244 2872 142.016737 0.131090 0.013879 5674 
1194473426 17482 64854 7.419517 110 2246 2877 142.417916 0.130756 0.013834 5681 
1194573426 17528 65086 7.426518 110 2252 2893 142.834779 0.130630 0.013741 5686 
1194673426 17576 65273 7.427515 110 2269 2896 143.085116 0.130696 0.013693 5700 
1194773426 17604 65401 7.430243 110 2276 2891 143.272893 0.130696 0.013626 5704 
1194873426 17636 65535 7.431957 110 2283 2904 143.477433 0.130675 0.013583 5710 
1194973426 17687 65767 7.436761 110 2287 2915 143.825069 0.131221 0.013500 5723 
1195073426 17734 65976 7.440623 111 2294 2925 144.162738 0.131258 0.013393 5728 
1195173426 17779 66179 7.444626 111 2303 2931 144.538388 0.131101 0.013355 5740 
1195273426 17826 66348 7.443958 111 2313 2934 144.687984 0.131145 0.013317 5745 
1195373426 17848 66480 7.449574 111 2312 2939 144.966383 0.131376 0.013269 5749 
1195473426 17879 66617 7.451983 111 2312 2952 145.227585 0.131161 0.013189 5758 
1195573426 17919 66825 7.458564 112 2309 2961 145.588705 0.131491 0.013191 5767 
1195673426 17955 66996 7.462657 112 2309 2969 145.815093 0.131534 0.013143 5769 
1195773426 17980 67120 7.466073 113 2314 2971 146.030145 0.131415 0.013112 5774 
1195873426 18006 67225 7.466955 114 2319 2971 146.148173 0.131140 0.013071 5777 
1195973426 18030 67358 7.471769 114 2322 2973 146.469773 0.131064 0.013094 5789 
1196073426 18050 67512 7.480554 114 2324 2967 146.914127 0.131122 0.013143 5796 
1196173426 18096 67706 7.482980 115 2337 2975 147.298519 0.130568 0.013193 5807 
1196273426 18139 67902 7.486852 116 2341 2986 147.603286 0.130336 0.013095 5814 
1196373426 18181 68092 7.490457 116 2353 2996 147.952918 0.130033 0.013034 5821 
1196473426 18214 68274 7.496871 117 2356 3001 148.402328 0.129159 0.013021 5828 
1196573426 18239 68399 7.500302 117 2351 3006 148.532266 0.129336 0.012973 5834 
1196673426 18272 68529 7.500985 117 2359 3014 148.655101 0.129464 0.012930 5840 
1196773426 18295 68702 7.510467 118 2359 3009 149.129161 0.128939 0.012903 5852 
1196873426 18325 68891 7.518799 119 2354 3015 149.558745 0.128745 0.012991 5861 
1196973426 18363 69059 7.521538 119 2359 3031 149.824212 0.128773 0.012954 5866 
1197073426 18402 69267 7.528203 119 2353 3034 150.147701 0.128920 0.013046 5876 
1197173426 18427 69409 7.533402 119 2360 3028 150.457589 0.128718 0.013010 5884 
1197273426 18464 69542 7.532712 121 2368 3040 150.609619 0.128340 0.013076 5890 
1197373426 18499 69682 7.533596 122 2372 3045 150.776691 0.128041 0.013048 5897 
1197473426 18536 69863 7.538088 122 2372 3049 151.077795 0.127874 0.012975 5911 
1197573426 18574 70032 7.540864 122 2380 3055 151.340261 0.127981 0.012930 5918 
1197673426 18614 70192 7.541850 123 2388 3065 151.479424 0.128060 0.012897 5923 
1197773426 18640 70302 7.543133 123 2395 3068 151.632189 0.128049 0.013141 5932 
1197873426 18673 70447 7.545333 123 2396 3082 151.821132 0.127884 0.013091 5938 
1197973426 18697 70556 7.547307 123 2399 3092 152.022998 0.127599 0.013064 5946 
1198073426 18741 70705 7.545489 124 2408 3109 152.130196 0.127388 0.013043 5952 
1198173426 18790 70865 7.542842 124 2424 3124 152.251836 0.127484 0.013098 5959 
1198273426 18825 71022 7.545498 124 2437 3121 152.512510 0.127771 0.013116 5968 
1198373426 18852 71141 7.547316 125 2437 3135 152.699873 0.127473 0.013084 5972 
1198473426 18873 71235 7.548879 125 2437 3137 152.862926 0.127448 0.013281 5979 
1198573426 18892 71349 7.553356 125 2442 3136 153.075058 0.127357 0.013226 5980 
1198673426 18899 71412 7.557225 125 2438 3141 153.283772 0.127268 0.013220 5983 
1198773426 18923 71513 7.558315 126 2443 3147 153.467421 0.126931 0.013170 5991 
1198873426 18948 71666 7.564492 126 2449 3148 153.809267 0.126776 0.013245 6000 
1198973426 18971 71822 7.571767 126 2446 3154 154.177323 0.126538 0.013211 6010 
1199073426 19008 71956 7.571128 126 2462 3156 154.321128 0.126472 0.013180 6020 
1199173426 19033 72083 7.574528 127 2463 3163 154.554406 0.126399 0.013181 6028 
1199273426 19060 72219 7.578069 127 2464 3170 154.775761 0.126547 0.013246 6044 
1199373426 19093 72336 7.577227 127 2472 3182 154.866915 0.126513 0.013247 6047 
1199473426 19121 72471 7.580252 127 2478 3188 155.082684 0.126637 0.013209 6052 
1199573426 19150 72585 7.580679 127 2483 3200 155.207102 0.126737 0.013360 6059 
1199673426 19188 72694 7.577027 127 2500 3202 155.227017 0.126730 0.013327 6060 
1199773426 19215 72832 7.580744 128 2505 3200 155.481447 0.126449 0.013315 6066 
1199873426 19238 72950 7.583948 128 2504 3208 155.710157 0.126292 0.013251 6071 
1199973426 19263 73074 7.586980 128 2505 3215 155.903857 0.126343 0.013181 6074 
1200073426 19305 73210 7.584564 129 2517 3229 155.937218 0.126436 0.013119 6081 
1200173426 19337 73348 7.586285 129 2516 3245 156.090707 0.126303 0.013093 6086 
1200273426 19364 73456 7.586862 129 2526 3242 156.229601 0.126345 0.013065 6091 
1200373426 19401 73619 7.589196 129 2535 3234 156.453688 0.126090 0.013054 6099 
1200473426 19441 73776 7.589733 129 2541 3246 156.651201 0.125913 0.013016 6102 
1200573426 19478 73920 7.590102 129 2553 3252 156.805730 0.125945 0.012928 6111 
1200673426 19513 74075 7.592374 129 2554 3258 157.035412 0.125731 0.012891 6114 
1200773426 19539 74185 7.593531 129 2559 3265 157.172117 0.125750 0.012804 6122 
1200873426 19557 74300 7.598302 130 2561 3267 157.469448 0.125361 0.012783 6124 
1200973426 19593 74457 7.600367 130 2570 3273 157.691114 0.124990 0.012887 6129 
1201073426 19642 74630 7.599023 131 2588 3271 157.836167 0.124874 0.013040 6136 
1201173426 19682 74780 7.598821 131 2603 3272 158.016157 0.124870 0.012966 6142 
1201273426 19721 74942 7.600223 131 2617 3283 158.237716 0.124766 0.012928 6148 
1201373426 19777 75192 7.603984 132 2631 3293 158.698893 0.124617 0.012863 6163 
1201473426 19809 75346 7.607249 132 2632 3300 158.917563 0.124676 0.012828 6166 
1201573426 19863 75564 7.608518 132 2644 3312 159.179782 0.124760 0.012873 6176 
1201673426 19911 75797 7.613580 133 2650 3323 159.622420 0.124390 0.012824 6189 
1201773426 19955 75949 7.612027 134 2665 3324 159.701428 0.124298 0.012705 6191 
1201873426 19989 76087 7.612887 135 2672 3328 159.950873 0.123921 0.012704 6199 
1201973426 20017 76208 7.614328 135 2681 3331 160.112904 0.123797 0.012607 6205 
1202073426 20044 76301 7.613351 135 2691 3337 160.163939 0.123938 0.012592 6212 
1202173426 20074 76427 7.614526 135 2693 3344 160.346020 0.123753 0.012531 6216 
1202273426 20090 76507 7.616426 135 2694 3343 160.466799 0.123626 0.012480 6217 
1202373426 20130 76662 7.616692 135 2700 3353 160.626329 0.123974 0.012572 6225 
1202473426 20180 76825 7.613974 135 2714 3369 160.738256 0.123877 0.012643 6232 
1202573426 20216 77030 7.620696 136 2717 3375 161.134547 0.123825 0.012605 6244 
1202673426 20247 77156 7.621475 136 2726 3373 161.254606 0.123873 0.012578 6250 
1202773426 20287 77364 7.626953 137 2726 3381 161.562873 0.124007 0.012633 6259 
1202873426 20331 77588 7.632482 137 2737 3375 161.952290 0.123980 0.012507 6271 
1202973426 20377 77815 7.637533 137 2742 3378 162.355401 0.123626 0.012688 6281 
1203073426 20411 77984 7.641370 137 2743 3386 162.626917 0.123450 0.012655 6286 
1203173426 20448 78106 7.639476 137 2757 3390 162.676350 0.123582 0.012623 6288 
1203273426 20473 78236 7.642847 137 2761 3394 162.882821 0.123339 0.012613 6290 
1203373426 20509 78435 7.648837 137 2762 3401 163.220440 0.123353 0.012560 6301 
1203473426 20554 78648 7.652817 137 2768 3406 163.541598 0.122976 0.012517 6310 
1203573426 20598 78843 7.655403 137 2776 3415 163.766288 0.123363 0.012574 6320 
1203673426 20625 78987 7.659345 137 2781 3418 164.030448 0.123316 0.012658 6328 
1203773426 20660 79128 7.660019 137 2794 3422 164.186157 0.123539 0.012623 6334 
1203873426 20679 79233 7.663137 138 2795 3426 164.406886 0.123644 0.012628 6342 
1203973426 20729 79405 7.661248 138 2822 3420 164.493415 0.123815 0.012582 6348 
1204073426 20775 79615 7.664501 139 2833 3425 164.817617 0.123451 0.012678 6361 
1204173426 20833 79844 7.665147 139 2841 3441 165.009552 0.123368 0.012717 6371 
1204273426 20886 80036 7.664081 139 2854 3451 165.128603 0.123551 0.012838 6388 
1204373426 20915 80157 7.665025 140 2864 3452 165.269424 0.123471 0.012812 6391 
1204473426 20945 80324 7.669993 141 2864 3458 165.598663 0.123502 0.012757 6405 
1204573426 20975 80483 7.674184 141 2866 3471 165.908844 0.123293 0.012725 6412 
1204673426 21044 80760 7.675347 141 2881 3489 166.284262 0.123172 0.012635 6425 
1204773426 21098 80977 7.676273 141 2895 3499 166.487345 0.123273 0.012569 6432 
1204873426 21150 81185 7.677069 141 2912 3505 166.706950 0.123561 0.012511 6439 
1204973426 21189 81355 7.678984 141 2918 3517 166.949361 0.123426 0.012458 6440 
1205073426 21230 81490 7.676872 141 2925 3531 167.025247 0.123480 0.012432 6449 
1205173426 21276 81671 7.677289 141 2926 3549 167.138372 0.123826 0.012380 6458 
1205273426 21331 81881 7.677183 142 2945 3556 167.352492 0.123415 0.012297 6465 
1205373426 21381 82087 7.678500 142 2952 3561 167.610402 0.123315 0.012320 6471 
1205473426 21420 82269 7.681513 142 2963 3564 167.915313 0.123279 0.012280 6480 
1205573426 21454 82392 7.680805 143 2975 3570 168.061900 0.123158 0.012265 6488 
1205673426 21470 82470 7.682347 143 2979 3574 168.164881 0.123281 0.012201 6490 
1205773426 21510 82627 7.682659 143 2986 3585 168.329056 0.123329 0.012151 6493 
1205873426 21582 82862 7.678806 143 3002 3611 168.425076 0.123429 0.012321 6498 
1205973426 21613 83043 7.684542 143 3003 3618 168.802665 0.123319 0.012249 6509 
1206073426 21655 83230 7.686908 143 3010 3622 169.035142 0.123308 0.012123 6517 
1206173426 21685 83378 7.689924 143 3013 3621 169.218261 0.123255 0.012081 6525 
1206273426 21712 83505 7.692060 143 3017 3620 169.391028 0.123236 0.011995 6530 
1206373426 21737 83626 7.694346 143 3021 3617 169.605281 0.123061 0.011969 6532 
1206473426 21794 83837 7.693585 143 3039 3624 169.763880 0.123633 0.012002 6545 
1206573426 21833 84027 7.697247 143 3036 3642 170.031695 0.123571 0.012076 6558 
1206673426 21881 84293 7.704675 143 3042 3649 170.534253 0.123499 0.012019 6572 
1206773426 21925 84501 7.708187 143 3048 3648 170.815234 0.123138 0.012047 6577 
1206873426 21969 84660 7.707224 143 3056 3663 170.972461 0.122946 0.012009 6585 
1206973426 22008 84868 7.712468 143 3058 3669 171.351327 0.122754 0.011975 6602 
1207073426 22058 85097 7.715749 144 3066 3673 171.586091 0.122964 0.011921 6609 
1207173426 22132 85375 7.715073 145 3082 3696 171.793873 0.123165 0.011983 6623 
1207273426 22187 85649 7.720647 146 3084 3703 172.163699 0.122839 0.011907 6629 
1207373426 22242 85877 7.722057 146 3102 3715 172.446003 0.122760 0.011853 6641 
1207473426 22288 86024 7.719311 146 3119 3723 172.519562 0.122696 0.011816 6644 
1207573426 22328 86226 7.723576 146 3113 3742 172.850949 0.122736 0.011879 6654 
1207673426 22371 86450 7.728756 147 3116 3751 173.187698 0.122673 0.011838 6668 
1207773426 22425 86683 7.730925 147 3123 3766 173.432330 0.122556 0.011904 6680 
1207873426 22482 86930 7.733298 147 3135 3777 173.759541 0.122502 0.011830 6689 
1207973426 22533 87146 7.734966 148 3137 3789 173.940443 0.122625 0.011909 6699 
1208073426 22555 87260 7.737530 148 3138 3799 174.151452 0.122662 0.011898 6705 
1208173426 22590 87411 7.738911 148 3144 3805 174.308012 0.122598 0.011851 6716 
1208273426 22650 87639 7.738543 148 3159 3812 174.518675 0.122493 0.011983 6735 
1208373426 22693 87896 7.746530 148 3156 3829 174.964527 0.122548 0.011912 6757 
1208473426 22745 88167 7.752649 148 3153 3844 175.387558 0.122350 0.011829 6773 
1208573426 22802 88421 7.755548 149 3165 3854 175.750285 0.122107 0.011770 6788 
1208673426 22828 88538 7.756965 149 3171 3859 175.865954 0.122086 0.011744 6792 
1208773426 22858 88699 7.760871 149 3178 3865 176.114621 0.121889 0.011667 6797 
1208873426 22903 88917 7.764660 149 3182 3879 176.531633 0.121342 0.011651 6817 
1208973426 22956 89152 7.767207 149 3192 3885 176.817651 0.121094 0.011621 6828 
1209073426 23014 89406 7.769705 149 3201 3897 177.140089 0.121019 0.011569 6841 
1209173426 23061 89570 7.768093 149 3212 3907 177.210008 0.121114 0.011624 6848 
1209273426 23090 89711 7.770550 149 3226 3904 177.503162 0.120782 0.011587 6859 
1209373426 23134 89866 7.769171 149 3236 3916 177.614766 0.120927 0.011557 6866 
1209473426 23192 90081 7.768282 149 3254 3932 177.818644 0.120993 0.011497 6881 
1209573426 23255 90309 7.766846 149 3265 3942 177.947624 0.121288 0.011433 6890 
1209673426 23310 90565 7.770485 149 3276 3954 178.324067 0.121225 0.011385 6895 
1209773426 23358 90808 7.775323 149 3271 3964 178.660930 0.121486 0.011508 6907 
1209873426 23383 90990 7.782577 149 3266 3961 179.039815 0.121256 0.011491 6921 
1209973426 23427 91184 7.784522 150 3272 3966 179.325650 0.120973 0.011461 6928 
1210073426 23476 91411 7.787613 150 3280 3963 179.538337 0.120823 0.011427 6933 
1210173426 23532 91623 7.787098 150 3298 3968 179.723865 0.120790 0.011364 6950 
1210273426 23579 91853 7.791085 150 3302 3971 180.018237 0.120522 0.011305 6958 
1210373426 23627 92054 7.792272 150 3313 3978 180.229060 0.120554 0.011336 6968 
1210473426 23672 92229 7.792244 150 3320 3985 180.347415 0.120558 0.011299 6976 
1210573426 23716 92417 7.793641 150 3330 3994 180.559369 0.120709 0.011320 6989 
1210673426 23759 92600 7.794941 150 3334 4003 180.766110 0.120518 0.011375 7001 
1210773426 23812 92817 7.795817 152 3348 3998 180.975559 0.120456 0.011320 7017 
1210873426 23865 93067 7.799455 152 3356 4006 181.383951 0.120425 0.011296 7034 
1210973426 23911 93271 7.801514 153 3363 4013 181.585714 0.120385 0.011260 7041 
1211073426 23960 93431 7.798915 153 3375 4025 181.596828 0.120736 0.011206 7049 
1211173426 23999 93605 7.800742 153 3381 4036 181.836577 0.120573 0.011171 7057 
1211273426 24057 93825 7.800224 153 3393 4048 182.016045 0.120560 0.011128 7064 
1211373426 24104 94039 7.802771 153 3406 4059 182.362844 0.120405 0.011227 7075 
1211473426 24153 94259 7.805159 153 3410 4084 182.653252 0.120239 0.011191 7083 
1211573426 24210 94488 7.805700 153 3418 4102 182.828666 0.120242 0.011237 7089 
1211673426 24241 94663 7.810156 153 3422 4103 183.160183 0.120220 0.011212 7100 
1211773426 24274 94807 7.811403 153 3427 4108 183.326440 0.120401 0.011158 7107 
1211873426 24315 94980 7.812461 153 3437 4116 183.529509 0.120610 0.011113 7115 
1211973426 24366 95172 7.811869 153 3443 4131 183.658376 0.120781 0.011024 7121 
1212073426 24415 95397 7.814622 153 3449 4143 183.933565 0.120571 0.011074 7136 
1212173426 24468 95660 7.819192 153 3450 4162 184.202223 0.120900 0.011024 7143 
1212273426 24520 95823 7.815905 153 3470 4164 184.254078 0.120894 0.011150 7148 
1212373426 24557 95969 7.816020 153 3478 4169 184.362666 0.120899 0.011124 7155 
1212473426 24615 96216 7.817672 154 3476 4179 184.541377 0.120998 0.011076 7160 
1212573426 24668 96438 7.818875 154 3481 4195 184.737555 0.120816 0.011040 7168 
1212673426 24726 96634 7.816388 154 3495 4208 184.832080 0.120810 0.011096 7186 
1212773426 24792 96875 7.815021 154 3507 4216 184.942723 0.120579 0.011056 7200 
1212873426 24844 97083 7.815408 155 3515 4232 185.110047 0.120352 0.011013 7206 
1212973426 24899 97257 7.812121 155 3528 4244 185.154665 0.120400 0.011055 7213 
1213073426 24964 97472 7.809005 156 3548 4256 185.232975 0.120344 0.011077 7223 
1213173426 25020 97684 7.808473 157 3561 4258 185.412870 0.120345 0.011042 7234 
1213273426 25073 97900 7.809197 157 3568 4263 185.561999 0.120388 0.011060 7240 
1213373426 25127 98115 7.809528 157 3571 4284 185.694353 0.120663 0.011013 7247 
1213473426 25165 98274 7.810372 157 3566 4300 185.808464 0.120739 0.010987 7252 
1213573426 25211 98446 7.809766 157 3575 4318 185.936615 0.120750 0.010940 7262 
1213673426 25280 98707 7.809098 158 3585 4326 186.027532 0.121122 0.010927 7277 
1213773426 25330 98961 7.813739 159 3585 4335 186.377734 0.120776 0.010882 7287 
1213873426 25368 99154 7.817250 159 3589 4331 186.617707 0.120583 0.010847 7295 
1213973426 25434 99381 7.814815 160 3599 4352 186.686561 0.120449 0.010806 7303 
1214073426 25486 99565 7.813309 160 3603 4367 186.770070 0.120465 0.010763 7309 
1214173426 25529 99747 7.814407 160 3605 4377 186.932743 0.120423 0.010955 7320 
1214273426 25607 100027 7.812473 160 3623 4390 187.087515 0.120673 0.010896 7331 
1214373426 25679 100301 7.811909 161 3631 4411 187.297091 0.120572 0.010824 7344 
1214473426 25736 100535 7.812791 161 3645 4413 187.485157 0.120754 0.010790 7354 
1214573426 25816 100779 7.807484 161 3649 4442 187.385497 0.121140 0.010899 7360 
1214673426 25890 101002 7.802395 161 3678 4461 187.346234 0.121123 0.010817 7364 
1214773426 25939 101214 7.804002 161 3684 4463 187.531054 0.120954 0.010762 7371 
1214873426 26015 101489 7.802345 161 3707 4471 187.677571 0.120922 0.010721 7381 
1214973426 26087 101778 7.802967 161 3718 4473 187.919807 0.120935 0.010592 7393 
1215073426 26141 102061 7.808500 161 3715 4471 188.255155 0.120853 0.010536 7409 
1215173426 26203 102250 7.804450 161 3727 4495 188.218906 0.121030 0.010559 7421 
1215273426 26235 102383 7.805070 161 3725 4510 188.337412 0.121108 0.010546 7427 
1215373426 26276 102563 7.806592 161 3732 4521 188.521617 0.121144 0.010523 7436 
1215473426 26349 102821 7.804547 161 3739 4544 188.644123 0.121098 0.010539 7444 
1215573426 26439 103129 7.801278 161 3754 4573 188.805099 0.121332 0.010517 7459 
1215673426 26525 103420 7.797926 161 3777 4589 188.910613 0.121340 0.010468 7467 
1215773426 26589 103654 7.796758 162 3783 4609 188.975441 0.121397 0.010507 7474 
1215873426 26630 103845 7.799099 162 3792 4605 189.139317 0.121534 0.010487 7485 
1215973426 26674 104048 7.801455 162 3790 4619 189.494414 0.121315 0.010460 7503 
1216073426 26736 104298 7.802065 162 3798 4636 189.722172 0.121217 0.010397 7516 
1216173426 26823 104647 7.802781 162 3795 4659 189.978377 0.120907 0.010347 7531 
1216273426 26898 104929 7.801993 162 3813 4668 190.184252 0.120967 0.010542 7545 
1216373426 26969 105169 7.799251 162 3829 4679 190.262672 0.121065 0.010507 7562 
1216473426 27008 105369 7.802799 162 3830 4680 190.551688 0.120814 0.010561 7575 
1216573426 27057 105571 7.803600 162 3836 4685 190.718853 0.120795 0.010547 7583 
1216673426 27151 105873 7.798829 162 3855 4705 190.786048 0.120864 0.010687 7603 
1216773426 27253 106211 7.794445 163 3880 4732 190.863318 0.120859 0.010628 7616 
1216873426 27368 106553 7.786685 163 3908 4770 190.908579 0.120534 0.010773 7629 
1216973426 27456 106837 7.782416 163 3923 4802 191.028628 0.120459 0.010731 7644 
1217073426 27521 107068 7.780822 163 3935 4811 191.118782 0.120403 0.010783 7652 
1217173426 27590 107292 7.777601 163 3957 4831 191.171946 0.120526 0.010835 7660 
1217273426 27673 107586 7.775521 164 3965 4856 191.287175 0.120721 0.010819 7671 
1217373426 27772 107929 7.772505 164 3984 4869 191.378439 0.120826 0.010877 7685 
1217473426 27872 108280 7.769805 165 4008 4875 191.586251 0.120776 0.010825 7699 
1217573426 27950 108619 7.772379 165 4016 4893 191.853882 0.120972 0.010806 7715 
1217673426 28030 108891 7.769604 165 4030 4916 191.964253 0.121237 0.010909 7727 
1217773426 28093 109121 7.768554 165 4043 4919 192.086926 0.121204 0.010780 7731 
1217873426 28185 109454 7.766826 166 4055 4950 192.256945 0.121284 0.010734 7750 
1217973426 28303 109845 7.762075 167 4096 4967 192.392750 0.121285 0.010640 7765 
1218073426 28426 110249 7.756913 167 4139 4983 192.467248 0.121880 0.010662 7797 
1218173426 28539 110627 7.752689 168 4159 5004 192.527349 0.121785 0.010740 7811 
1218273426 28592 110888 7.756575 168 4150 5026 192.857163 0.121846 0.010730 7831 
1218373426 28655 111080 7.752923 168 4165 5034 192.836992 0.122054 0.010703 7840 
1218473426 28738 111365 7.750365 168 4173 5064 192.982601 0.122106 0.010647 7852 
1218573426 28852 111725 7.744697 169 4190 5109 193.045681 0.122400 0.010707 7869 
1218673426 28951 112090 7.743429 169 4207 5132 193.251287 0.122266 0.010759 7884 
1218773426 29046 112466 7.743992 171 4232 5137 193.527233 0.122321 0.010679 7901 
1218873426 29138 112765 7.740065 172 4241 5174 193.559750 0.122293 0.010777 7912 
1218973426 29228 113023 7.733885 172 4268 5203 193.523197 0.122425 0.010735 7921 
1219073426 29306 113378 7.737528 172 4272 5210 193.840374 0.122407 0.010743 7929 
1219173426 29435 113821 7.733718 173 4287 5238 193.945031 0.122624 0.010652 7948 
1219273426 29546 114218 7.731537 174 4304 5267 194.032289 0.122768 0.010679 7965 
1219373426 29657 114617 7.729507 174 4321 5278 194.171562 0.122774 0.010647 7983 
1219473426 29758 114972 7.727132 174 4323 5309 194.249882 0.122956 0.010572 7996 
1219573426 29836 115245 7.725231 174 4334 5315 194.297627 0.123076 0.010515 8004 
1219673426 29934 115579 7.722256 174 4348 5339 194.381840 0.122951 0.010459 8016 
1219773426 30072 116020 7.716148 174 4385 5362 194.387271 0.123039 0.010446 8030 
1219873426 30180 116467 7.718158 174 4393 5362 194.613585 0.123280 0.010354 8043 
1219973426 30277 116863 7.719589 174 4402 5369 194.793870 0.123552 0.010292 8056 
1220073426 30383 117180 7.713524 174 4424 5406 194.724682 0.123675 0.010252 8062 
1220173426 30432 117406 7.715957 175 4424 5415 194.902405 0.123699 0.010239 8072 
1220273426 30480 117645 7.719488 176 4423 5428 195.152493 0.123405 0.010239 8084 
1220373426 30532 117889 7.722324 176 4419 5429 195.360081 0.123446 0.010147 8093 
1220473426 30579 118136 7.726610 176 4417 5429 195.641322 0.123466 0.010076 8099 
1220573426 30616 118394 7.734126 176 4408 5430 196.009342 0.123467 0.010042 8114 
1220673426 30692 118667 7.732764 176 4419 5451 196.096898 0.123439 0.009994 8125 
1220773426 30762 118983 7.735713 177 4413 5459 196.345621 0.123463 0.009931 8132 
1220873426 30833 119240 7.734570 177 4420 5477 196.407421 0.123430 0.009903 8140 
1220973426 30928 119702 7.740688 179 4422 5472 196.871379 0.123454 0.009796 8163 
1221073426 31051 120077 7.734179 179 4439 5512 196.798879 0.123820 0.009753 8172 
1221173426 31159 120462 7.732084 179 4449 5554 196.917488 0.123891 0.009711 8179 
1221273426 31277 120846 7.727467 180 4469 5570 196.880775 0.124118 0.009716 8188 
1221373426 31363 121193 7.728406 180 4476 5578 197.047986 0.124102 0.009666 8198 
1221473426 31433 121494 7.730347 180 4467 5602 197.163681 0.124499 0.009608 8210 
1221573426 31528 121869 7.730842 181 4477 5629 197.342426 0.124580 0.009691 8221 
1221673426 31695 122438 7.726014 183 4510 5670 197.497649 0.124687 0.009679 8255 
1221773426 31814 122915 7.727101 186 4511 5709 197.777394 0.124880 0.009648 8275 
1221873426 31929 123320 7.724639 187 4529 5736 197.835886 0.124902 0.009603 8290 
1221973426 32034 123677 7.721608 187 4543 5764 197.825311 0.125251 0.009501 8300 
1222073426 32119 124018 7.722407 187 4540 5796 198.018556 0.125203 0.009731 8310 
1222173426 32225 124431 7.722638 187 4548 5806 198.148953 0.125265 0.009746 8323 
1222273426 32352 124846 7.717977 188 4556 5854 198.135386 0.125376 0.009673 8333 
1222373426 32467 125284 7.717621 188 4556 5887 198.248991 0.125543 0.009624 8344 
1222473426 32579 125678 7.715277 188 4564 5930 198.308542 0.125731 0.009627 8360 
1222573426 32659 125946 7.712790 188 4580 5952 198.318197 0.125869 0.009584 8374 
1222673426 32765 126305 7.709751 189 4599 5968 198.414222 0.126055 0.009508 8392 
1222773426 32857 126749 7.715190 190 4599 5985 198.767690 0.126112 0.009495 8406 
1222873426 32979 127182 7.712908 190 4609 6013 198.855575 0.126151 0.009513 8420 
1222973426 33085 127693 7.719087 190 4604 6012 199.344476 0.125968 0.009447 8437 
1223073426 33205 128194 7.721367 190 4593 6060 199.634212 0.125761 0.009404 8447 
1223173426 33282 128554 7.725137 190 4595 6060 199.919957 0.125712 0.009366 8462 
1223273426 33367 128887 7.725417 191 4606 6071 200.036203 0.125805 0.009331 8475 
1223373426 33470 129303 7.726501 191 4614 6096 200.249537 0.125985 0.009278 8495 
1223473426 33600 129803 7.726369 191 4636 6129 200.494702 0.125786 0.009249 8513 
1223573426 33747 130243 7.718790 191 4661 6175 200.358669 0.126273 0.009159 8523 
1223673426 33870 130766 7.721642 191 4672 6189 200.757071 0.126234 0.009212 8555 
1223773426 33966 131107 7.719896 191 4691 6208 200.888536 0.126391 0.009231 8577 
1223873426 34055 131529 7.724504 191 4691 6224 201.181677 0.126416 0.009174 8591 
1223973426 34185 132101 7.728594 194 4698 6230 201.567822 0.126407 0.009011 8609 
1224073426 34292 132512 7.728450 194 4707 6264 201.730141 0.126715 0.008950 8623 
1224173426 34417 133017 7.729727 194 4724 6271 202.029288 0.126661 0.008856 8635 
1224273426 34569 133614 7.730279 195 4747 6279 202.304435 0.126483 0.008867 8662 
1224373426 34660 133921 7.727698 195 4769 6298 202.359896 0.126615 0.008862 8671 
1224473426 34754 134299 7.728549 195 4761 6316 202.496864 0.126718 0.008821 8686 
1224573426 34906 134893 7.728929 195 4774 6337 202.716324 0.126943 0.008753 8712 
1224673426 35031 135360 7.728012 195 4801 6368 202.915361 0.127172 0.008697 8738 
1224773426 35171 135926 7.729436 198 4823 6388 203.262688 0.126980 0.008640 8748 
1224873426 35306 136479 7.731207 199 4819 6409 203.426896 0.127026 0.008628 8759 
1224973426 35389 136837 7.733307 199 4832 6405 203.672384 0.127238 0.008595 8777 
1225073426 35476 137159 7.732495 199 4840 6434 203.804713 0.127200 0.008504 8790 
1225173426 35618 137713 7.732776 200 4849 6464 204.034196 0.127109 0.008526 8824 
1225273426 35741 138142 7.730170 201 4880 6454 204.100613 0.127312 0.008521 8839 
1225373426 35845 138580 7.732180 202 4888 6462 204.363844 0.127418 0.008547 8855 
1225473426 35996 139109 7.729137 202 4912 6486 204.468719 0.127554 0.008639 8877 
1225573426 36076 139458 7.731345 202 4920 6494 204.658887 0.127813 0.008645 8888 
1225673426 36153 139785 7.732968 203 4927 6504 204.838547 0.127801 0.008632 8897 
1225773426 36307 140380 7.732944 204 4946 6538 205.059465 0.127965 0.008653 8926 
1225873426 36427 140826 7.731957 204 4940 6583 205.199824 0.128003 0.008595 8940 
1225973426 36549 141290 7.731538 204 4959 6601 205.371255 0.128011 0.008556 8962 
1226073426 36701 141850 7.730035 204 4965 6630 205.443775 0.128368 0.008457 8974 
1226173426 36814 142327 7.732221 204 4962 6659 205.641549 0.128514 0.008455 8999 
1226273426 36907 142783 7.737448 205 4946 6672 205.967648 0.128567 0.008424 9013 
1226373426 37058 143514 7.745372 205 4950 6686 206.567543 0.128568 0.008430 9039 
1226473426 37242 144206 7.744267 205 4967 6723 206.727136 0.128761 0.008472 9057 
1226573426 37404 144774 7.741097 205 4971 6759 206.774356 0.128992 0.008427 9081 
1226673426 37596 145431 7.736515 206 4980 6827 206.829876 0.128965 0.008430 9096 
1226773426 37719 146002 7.741563 206 4976 6842 207.250457 0.128765 0.008354 9118 
1226873426 37825 146482 7.745248 206 4965 6880 207.540621 0.128939 0.008380 9134 
1226973426 37987 147161 7.747966 206 4971 6910 207.900071 0.128965 0.008291 9151 
1227073426 38170 147827 7.745717 206 4995 6941 208.075504 0.129126 0.008304 9177 
1227173426 38309 148401 7.747579 207 4993 6962 208.264272 0.129208 0.008260 9190 
1227273426 38465 148986 7.746575 207 5006 6995 208.423294 0.129133 0.008337 9212 
1227373426 38603 149468 7.743854 209 5020 7016 208.478927 0.128931 0.008393 9219 
1227473426 38708 149923 7.746357 209 5017 7037 208.693913 0.129061 0.008370 9238 
1227573426 38868 150538 7.746115 210 5040 7052 208.975610 0.128850 0.008321 9269 
1227673426 39046 151229 7.746197 211 5063 7073 209.182042 0.129046 0.008314 9296 
1227773426 39167 151741 7.748411 212 5078 7082 209.484362 0.129030 0.008273 9316 
1227873426 39273 152139 7.747766 212 5082 7107 209.564485 0.129171 0.008302 9332 
1227973426 39382 152553 7.747347 212 5090 7126 209.638921 0.129310 0.008242 9347 
1228073426 39521 153047 7.745098 212 5115 7161 209.660181 0.129641 0.008259 9363 
1228173426 39662 153673 7.749130 213 5118 7177 209.980687 0.129501 0.008207 9375 
1228273426 39851 154410 7.749366 214 5132 7217 210.197737 0.129299 0.008141 9395 
1228373426 40002 155157 7.757462 214 5106 7248 210.691365 0.129505 0.008157 9428 
1228473426 40175 155812 7.756665 214 5128 7275 210.877113 0.129714 0.008172 9452 
1228573426 40291 156362 7.761634 215 5134 7271 211.267330 0.129449 0.008156 9472 
1228673426 40406 156891 7.765728 215 5130 7298 211.559917 0.129224 0.008251 9491 
1228773426 40562 157583 7.769982 216 5140 7315 211.977171 0.128961 0.008326 9510 
1228873426 40753 158325 7.769980 216 5148 7369 212.163620 0.129010 0.008291 9534 
1228973426 40918 159032 7.773205 218 5161 7407 212.579940 0.128686 0.008253 9556 
1229073426 41075 159700 7.776019 220 5183 7416 212.967645 0.128576 0.008238 9584 
1229173426 41194 160172 7.776472 220 5201 7439 213.160023 0.128593 0.008214 9605 
1229273426 41329 160642 7.773815 220 5223 7461 213.185318 0.128725 0.008144 9615 
1229373426 41482 161292 7.776481 222 5223 7481 213.514295 0.128673 0.008046 9641 
1229473426 41686 162102 7.777287 222 5238 7527 213.764381 0.128876 0.008014 9678 
1229573426 41874 162887 7.779863 223 5244 7586 214.116015 0.128828 0.007951 9705 
1229673426 42060 163577 7.778269 223 5285 7601 214.242606 0.128911 0.007937 9731 
1229773426 42191 164154 7.781470 223 5279 7625 214.512147 0.128956 0.007846 9741 
1229873426 42297 164669 7.786321 223 5280 7622 214.807055 0.129067 0.007776 9763 
1229973426 42457 165441 7.793344 224 5282 7630 215.270839 0.129188 0.007685 9790 
1230073426 42626 166225 7.799231 225 5261 7674 215.747150 0.129128 0.007723 9819 
1230173426 42765 166837 7.802502 226 5266 7672 216.050789 0.129227 0.007780 9843 
1230273426 42887 167345 7.803997 226 5288 7671 216.290764 0.129246 0.007756 9864 
1230373426 43006 167810 7.804027 226 5316 7677 216.448217 0.129205 0.007772 9876 
1230473426 43126 168323 7.806103 226 5311 7709 216.670454 0.129343 0.007721 9902 
1230573426 43313 169052 7.806063 227 5338 7721 216.844550 0.129412 0.007658 9926 
1230673426 43538 169862 7.802931 228 5371 7772 216.968579 0.129564 0.007605 9955 
1230773426 43759 170683 7.801047 229 5387 7811 217.124386 0.129672 0.007530 9980 
1230873426 43928 171303 7.799262 230 5395 7846 217.230058 0.129940 0.007486 10004 
1230973426 44100 171970 7.799093 230 5402 7882 217.409161 0.130114 0.007458 10030 
1231073426 44197 172531 7.807362 230 5389 7884 217.803064 0.130306 0.007430 10054 
1231173426 44341 173202 7.812273 230 5380 7921 218.153402 0.130339 0.007457 10080 
1231273426 44489 174122 7.827643 231 5341 7925 218.991751 0.130177 0.007390 10110 
1231373426 44625 175014 7.843765 231 5299 7905 219.848022 0.129904 0.007375 10148 
1231473426 44748 175872 7.860552 232 5253 7881 220.734692 0.129642 0.007400 10181 
1231573426 44847 176602 7.875755 234 5230 7882 221.566571 0.129616 0.007394 10225 
1231673426 44930 177143 7.885288 234 5211 7856 222.089740 0.129501 0.007353 10253 
1231773426 45024 177769 7.896633 235 5192 7853 222.673730 0.129266 0.007333 10276 
1231873426 45149 178600 7.911582 235 5160 7862 223.435292 0.129289 0.007338 10311 
1231973426 45266 179424 7.927539 235 5132 7842 224.247250 0.129124 0.007265 10338 
1232073426 45375 180181 7.941862 235 5099 7848 224.936331 0.129295 0.007215 10361 
1232173426 45486 180930 7.955415 235 5064 7848 225.686541 0.129263 0.007217 10388 
1232273426 45569 181512 7.966468 235 5038 7847 226.172222 0.129351 0.007248 10404 
1232373426 45625 182035 7.979616 235 5008 7833 226.769578 0.129255 0.007208 10420 
1232473426 45717 182766 7.995538 235 4982 7825 227.600805 0.129132 0.007225 10447 
1232573426 45806 183368 8.006287 235 4967 7817 228.174213 0.129155 0.007245 10468 
1232673426 45813 183412 8.006985 235 4968 7813 228.192740 0.129175 0.007242 10469 
