Timestamp NoNodes NoLinks AverageDegree MaxDeg Singletons Doubletons MeanSquaredDeg Assortativity AverageClustering TriCount 
1165073426 0 0 0.000000 0 0 0 0.000000 0.000000 0.000000 0 
1165173426 8001 18422 4.604924 46 2053 1326 42.227472 0.208695 0.090390 4144 
1165273426 8038 18564 4.619059 46 2056 1339 42.532222 0.208687 0.089019 4153 
1165373426 8076 18711 4.633730 46 2053 1348 42.886330 0.208693 0.087780 4161 
1165473426 8111 18879 4.655160 46 2043 1362 43.299716 0.208698 0.086719 4168 
1165573426 8137 18988 4.667076 46 2033 1377 43.528082 0.209169 0.085819 4173 
1165673426 8160 19095 4.680147 46 2027 1390 43.808824 0.208176 0.085142 4174 
1165773426 8181 19173 4.687202 47 2031 1393 43.989732 0.208084 0.084677 4177 
1165873426 8215 19299 4.698478 47 2030 1410 44.240049 0.207136 0.083462 4182 
1165973426 8257 19435 4.707521 47 2031 1428 44.472569 0.205933 0.082478 4187 
1166073426 8298 19602 4.724512 47 2025 1449 44.840443 0.205857 0.081203 4195 
1166173426 8328 19726 4.737272 47 2020 1461 45.129923 0.205004 0.080568 4197 
1166273426 8346 19822 4.750060 47 2014 1463 45.383417 0.204923 0.080131 4202 
1166373426 8359 19918 4.765642 47 1999 1474 45.647805 0.204863 0.079688 4204 
1166473426 8389 20042 4.778162 48 1996 1481 45.906783 0.204394 0.079099 4208 
1166573426 8415 20171 4.794058 48 1991 1494 46.292573 0.203364 0.078336 4211 
1166673426 8447 20313 4.809518 48 1985 1498 46.583402 0.203783 0.077521 4218 
1166773426 8476 20461 4.827985 48 1985 1502 46.974988 0.203683 0.076638 4227 
1166873426 8504 20566 4.836783 48 1983 1511 47.195437 0.202724 0.075847 4228 
1166973426 8516 20633 4.845702 48 1984 1510 47.394786 0.202431 0.075483 4229 
1167073426 8538 20763 4.863668 49 1985 1498 47.781916 0.201620 0.074266 4232 
1167173426 8558 20871 4.877541 49 1981 1493 48.064501 0.201089 0.073584 4239 
1167273426 8582 20982 4.889769 49 1977 1502 48.367979 0.199484 0.073027 4240 
1167373426 8612 21105 4.901301 49 1978 1512 48.666744 0.198688 0.072311 4245 
1167473426 8635 21213 4.913260 50 1976 1516 48.951940 0.197923 0.071798 4246 
1167573426 8648 21284 4.922294 50 1973 1522 49.165356 0.196770 0.071372 4248 
1167673426 8671 21385 4.932534 51 1972 1521 49.409295 0.196408 0.070678 4252 
1167773426 8697 21503 4.944924 52 1974 1521 49.740830 0.195039 0.069982 4255 
1167873426 8735 21623 4.950887 52 1983 1535 49.960847 0.194866 0.069375 4258 
1167973426 8765 21750 4.962921 52 1980 1553 50.280890 0.192768 0.068471 4261 
1168073426 8787 21837 4.970297 52 1985 1548 50.462729 0.192807 0.067982 4264 
1168173426 8813 21931 4.976966 52 1983 1556 50.662204 0.192795 0.067752 4267 
1168273426 8844 22043 4.984848 52 1982 1567 50.871325 0.192967 0.067092 4270 
1168373426 8874 22175 4.997746 52 1981 1576 51.188641 0.192193 0.066508 4272 
1168473426 8905 22305 5.009545 52 1982 1586 51.476025 0.191604 0.065754 4273 
1168573426 8934 22435 5.022386 52 1980 1587 51.777927 0.191216 0.064979 4273 
1168673426 8958 22532 5.030587 54 1984 1592 52.053360 0.188941 0.064663 4279 
1168773426 8980 22623 5.038530 54 1981 1601 52.242094 0.189320 0.064094 4283 
1168873426 9004 22704 5.043092 55 1988 1598 52.376721 0.188346 0.063590 4284 
1168973426 9035 22847 5.057443 55 1985 1605 52.746873 0.188803 0.062827 4286 
1169073426 9073 22983 5.066240 55 1994 1610 53.041111 0.189061 0.062075 4293 
1169173426 9104 23131 5.081503 56 1989 1620 53.379613 0.188890 0.061622 4294 
1169273426 9133 23254 5.092303 56 1983 1634 53.663418 0.188065 0.061210 4296 
1169373426 9152 23362 5.105332 56 1976 1637 53.965691 0.187427 0.060858 4299 
1169473426 9178 23459 5.112007 56 1979 1645 54.169100 0.188227 0.060286 4300 
1169573426 9209 23582 5.121512 56 1977 1653 54.369204 0.188435 0.059735 4303 
1169673426 9239 23733 5.137569 56 1970 1659 54.736876 0.188331 0.059070 4306 
1169773426 9280 23891 5.148922 56 1973 1668 55.006466 0.188084 0.058536 4307 
1169873426 9310 24009 5.157680 56 1970 1680 55.244898 0.187822 0.057990 4311 
1169973426 9330 24116 5.169561 57 1969 1678 55.557342 0.186622 0.057307 4314 
1170073426 9351 24229 5.182120 57 1960 1684 55.853705 0.185564 0.056839 4317 
1170173426 9380 24375 5.197228 57 1949 1697 56.194883 0.185256 0.056327 4320 
1170273426 9420 24550 5.212314 57 1946 1710 56.568577 0.184780 0.055561 4323 
1170373426 9448 24733 5.235605 57 1937 1716 57.120237 0.184012 0.054848 4328 
1170473426 9479 24909 5.255618 58 1935 1713 57.609030 0.182379 0.054166 4331 
1170573426 9508 25041 5.267354 58 1929 1721 57.911022 0.181734 0.053674 4334 
1170673426 9532 25164 5.279899 58 1926 1723 58.224717 0.182620 0.053251 4340 
1170773426 9559 25282 5.289675 58 1923 1734 58.491056 0.180845 0.052743 4340 
1170873426 9601 25431 5.297573 59 1923 1749 58.772420 0.180645 0.052287 4343 
1170973426 9630 25603 5.317342 59 1919 1756 59.277674 0.179377 0.051834 4345 
1171073426 9666 25752 5.328367 61 1915 1768 59.633768 0.177313 0.051416 4348 
1171173426 9697 25886 5.338971 61 1924 1768 59.919357 0.177026 0.051000 4348 
1171273426 9724 26026 5.352941 61 1920 1768 60.251748 0.176290 0.050532 4357 
1171373426 9748 26181 5.371563 61 1913 1772 60.672343 0.176411 0.050063 4366 
1171473426 9793 26339 5.379148 61 1925 1781 61.012152 0.175479 0.049549 4366 
1171573426 9834 26536 5.396787 61 1929 1786 61.520439 0.174870 0.048878 4375 
1171673426 9865 26659 5.404764 61 1935 1792 61.809833 0.175186 0.048521 4376 
1171773426 9879 26732 5.411884 62 1936 1787 62.023079 0.174708 0.048393 4379 
1171873426 9892 26800 5.418520 62 1933 1790 62.203195 0.175179 0.048100 4379 
1171973426 9907 26878 5.426062 62 1931 1793 62.383567 0.174779 0.047936 4380 
1172073426 9924 26973 5.435913 62 1933 1786 62.632003 0.174868 0.047505 4380 
1172173426 9956 27135 5.450984 62 1925 1797 63.026718 0.174332 0.047177 4384 
1172273426 9982 27314 5.472651 62 1923 1793 63.619916 0.172527 0.046730 4388 
1172373426 10006 27430 5.482710 62 1918 1797 63.839097 0.172219 0.046463 4391 
1172473426 10038 27571 5.493325 63 1917 1799 64.161387 0.170748 0.046016 4394 
1172573426 10072 27771 5.514496 63 1907 1803 64.695195 0.170231 0.045370 4400 
1172673426 10105 27937 5.529342 63 1905 1810 65.095101 0.170497 0.044923 4404 
1172773426 10132 28128 5.552310 64 1900 1809 65.656139 0.169360 0.044312 4409 
1172873426 10164 28290 5.566706 64 1898 1809 66.035222 0.168654 0.043741 4412 
1172973426 10186 28381 5.572551 64 1902 1814 66.210681 0.168568 0.043310 4416 
1173073426 10221 28541 5.584776 65 1906 1810 66.546326 0.168531 0.042861 4422 
1173173426 10252 28736 5.605931 65 1902 1808 67.071401 0.168761 0.042358 4424 
1173273426 10283 28917 5.624234 65 1900 1813 67.606341 0.167806 0.041877 4431 
1173373426 10310 29095 5.644035 65 1891 1819 68.072357 0.168086 0.041459 4440 
1173473426 10344 29265 5.658353 65 1889 1824 68.502127 0.168486 0.040995 4447 
1173573426 10365 29382 5.669465 65 1889 1820 68.839556 0.168449 0.040786 4450 
1173673426 10383 29486 5.679669 65 1882 1822 69.108543 0.167943 0.040548 4454 
1173773426 10415 29650 5.693711 65 1875 1835 69.500720 0.168007 0.040117 4456 
1173873426 10451 29809 5.704526 65 1875 1845 69.813606 0.168183 0.039652 4457 
1173973426 10473 29988 5.726726 65 1866 1842 70.347178 0.168007 0.039285 4463 
1174073426 10507 30141 5.737318 65 1868 1848 70.707338 0.169320 0.038944 4475 
1174173426 10529 30275 5.750784 65 1864 1846 71.051762 0.169210 0.038627 4478 
1174273426 10548 30401 5.764316 65 1856 1858 71.414486 0.169332 0.038402 4481 
1174373426 10585 30585 5.778932 65 1854 1871 71.885309 0.168830 0.038096 4488 
1174473426 10616 30730 5.789375 65 1860 1875 72.247362 0.168323 0.037647 4490 
1174573426 10641 30891 5.806033 66 1859 1866 72.758199 0.167509 0.037335 4494 
1174673426 10673 31063 5.820856 67 1857 1872 73.271620 0.167814 0.036932 4502 
1174773426 10693 31168 5.829608 67 1854 1876 73.485645 0.168589 0.036777 4507 
1174873426 10717 31275 5.836521 67 1851 1889 73.694504 0.167898 0.036860 4510 
1174973426 10761 31452 5.845553 67 1860 1895 74.023975 0.168096 0.036854 4519 
1175073426 10788 31598 5.857990 67 1858 1889 74.354468 0.167835 0.036513 4525 
1175173426 10817 31740 5.868540 67 1853 1901 74.714616 0.168134 0.036162 4535 
1175273426 10847 31876 5.877385 67 1853 1907 75.073292 0.168154 0.035877 4540 
1175373426 10870 32001 5.887948 67 1849 1915 75.348114 0.168632 0.035586 4542 
1175473426 10881 32083 5.897068 67 1843 1915 75.614557 0.168162 0.035478 4545 
1175573426 10910 32256 5.913107 67 1840 1913 76.057195 0.168535 0.035191 4547 
1175673426 10931 32393 5.926814 68 1841 1910 76.472784 0.167981 0.034967 4550 
1175773426 10949 32519 5.940086 68 1835 1909 76.827655 0.167813 0.034937 4554 
1175873426 10982 32628 5.942087 68 1843 1918 76.980696 0.167384 0.034714 4556 
1175973426 11005 32749 5.951658 68 1845 1924 77.308133 0.166854 0.034490 4559 
1176073426 11031 32860 5.957755 68 1854 1923 77.546369 0.167031 0.034325 4563 
1176173426 11060 33037 5.974141 69 1850 1931 78.093490 0.165990 0.033895 4567 
1176273426 11108 33286 5.993158 69 1847 1942 78.664566 0.164420 0.033319 4571 
1176373426 11128 33409 6.004493 69 1844 1941 79.039720 0.164271 0.033126 4580 
1176473426 11152 33535 6.014168 69 1845 1943 79.357245 0.164056 0.032918 4581 
1176573426 11170 33647 6.024530 70 1846 1940 79.691316 0.163680 0.032689 4587 
1176673426 11190 33758 6.033601 71 1846 1945 80.010188 0.163143 0.032529 4594 
1176773426 11219 33956 6.053302 72 1834 1954 80.567787 0.161668 0.032179 4601 
1176873426 11255 34181 6.073923 72 1835 1947 81.225233 0.161472 0.031924 4611 
1176973426 11282 34332 6.086155 72 1822 1961 81.588194 0.161674 0.031914 4616 
1177073426 11321 34506 6.095928 72 1830 1965 81.976681 0.160747 0.031696 4617 
1177173426 11346 34619 6.102415 72 1834 1968 82.187026 0.160504 0.031517 4619 
1177273426 11364 34721 6.110700 74 1838 1967 82.482401 0.159867 0.031292 4620 
1177373426 11393 34887 6.124287 75 1836 1981 82.904766 0.159578 0.031045 4620 
1177473426 11419 35081 6.144321 76 1827 1985 83.548297 0.158812 0.030866 4625 
1177573426 11454 35261 6.156976 76 1833 1983 84.005413 0.158474 0.030625 4632 
1177673426 11491 35419 6.164651 76 1838 1994 84.326865 0.158948 0.030429 4637 
1177773426 11516 35534 6.171240 77 1838 1995 84.560959 0.158990 0.030187 4640 
1177873426 11536 35645 6.179785 77 1835 2004 84.859570 0.158471 0.030060 4641 
1177973426 11576 35835 6.191258 77 1831 2017 85.247581 0.158200 0.029730 4646 
1178073426 11609 36023 6.206047 77 1820 2028 85.690757 0.157831 0.029358 4648 
1178173426 11641 36207 6.220600 77 1820 2032 86.121295 0.158052 0.029035 4655 
1178273426 11661 36331 6.231198 77 1815 2040 86.501329 0.157679 0.029073 4659 
1178373426 11685 36484 6.244587 78 1815 2041 86.947882 0.157331 0.029291 4674 
1178473426 11711 36599 6.250363 78 1816 2051 87.160447 0.156996 0.028992 4676 
1178573426 11733 36780 6.269496 79 1800 2057 87.735277 0.155500 0.028802 4679 
1178673426 11765 36974 6.285423 80 1800 2049 88.248534 0.154596 0.028785 4687 
1178773426 11804 37157 6.295662 81 1801 2060 88.700949 0.153806 0.028566 4698 
1178873426 11834 37320 6.307250 81 1799 2067 89.090248 0.153504 0.028325 4699 
1178973426 11849 37398 6.312431 81 1794 2076 89.232678 0.153948 0.028211 4699 
1179073426 11876 37522 6.318963 81 1793 2073 89.473392 0.154211 0.027974 4701 
1179173426 11910 37704 6.331486 82 1790 2069 89.932997 0.153825 0.027740 4708 
1179273426 11941 37893 6.346705 82 1780 2086 90.391927 0.153368 0.027561 4716 
1179373426 11980 38066 6.354925 82 1784 2098 90.748080 0.153622 0.027350 4723 
1179473426 12010 38240 6.368027 83 1780 2100 91.208659 0.153229 0.027172 4726 
1179573426 12027 38366 6.379978 83 1781 2095 91.572961 0.153057 0.027050 4727 
1179673426 12044 38462 6.386915 83 1785 2090 91.832946 0.152459 0.026969 4728 
1179773426 12066 38619 6.401293 83 1784 2090 92.251285 0.152448 0.026764 4734 
1179873426 12091 38770 6.413034 83 1782 2089 92.660491 0.152444 0.026562 4734 
1179973426 12135 39001 6.427853 85 1780 2097 93.224392 0.151469 0.026546 4745 
1180073426 12170 39212 6.444043 85 1774 2104 93.750370 0.151228 0.026442 4751 
1180173426 12189 39325 6.452539 85 1773 2108 94.081221 0.150775 0.026320 4756 
1180273426 12206 39428 6.460429 85 1763 2120 94.340488 0.150034 0.026310 4759 
1180373426 12241 39578 6.466465 85 1755 2138 94.599134 0.150374 0.026173 4765 
1180473426 12265 39759 6.483327 85 1754 2131 95.163147 0.150107 0.025997 4771 
1180573426 12300 39995 6.503252 85 1754 2126 95.773496 0.149455 0.025619 4776 
1180673426 12330 40181 6.517599 85 1755 2129 96.301541 0.148541 0.025424 4777 
1180773426 12352 40321 6.528659 85 1750 2133 96.696405 0.148342 0.025325 4784 
1180873426 12370 40415 6.534357 85 1749 2134 96.884236 0.148122 0.025252 4785 
1180973426 12392 40528 6.540994 86 1752 2128 97.120077 0.147588 0.025149 4786 
1181073426 12441 40702 6.543204 86 1765 2133 97.355679 0.147361 0.024955 4795 
1181173426 12477 40864 6.550293 86 1771 2148 97.641420 0.147253 0.024784 4797 
1181273426 12519 41038 6.556115 86 1773 2151 97.907341 0.146798 0.024753 4804 
1181373426 12547 41162 6.561250 87 1776 2156 98.124970 0.146254 0.024609 4805 
1181473426 12573 41272 6.565179 87 1778 2146 98.307802 0.146216 0.024453 4807 
1181573426 12596 41410 6.575103 87 1775 2149 98.603049 0.146151 0.024351 4814 
1181673426 12635 41617 6.587574 87 1777 2145 99.114998 0.144852 0.024158 4815 
1181773426 12685 41824 6.594245 88 1786 2143 99.464722 0.144697 0.024005 4818 
1181873426 12720 42032 6.608805 88 1784 2141 99.936321 0.144354 0.023824 4822 
1181973426 12746 42191 6.620273 88 1783 2141 100.324180 0.143968 0.023663 4831 
1182073426 12774 42333 6.627994 88 1780 2152 100.651010 0.143413 0.023549 4836 
1182173426 12799 42472 6.636768 88 1774 2162 100.996015 0.142612 0.023448 4841 
1182273426 12829 42655 6.649778 89 1772 2174 101.459194 0.141915 0.023291 4844 
1182373426 12859 42827 6.661016 89 1764 2187 101.877440 0.141869 0.023004 4848 
1182473426 12900 43038 6.672558 91 1770 2186 102.324961 0.141223 0.023016 4850 
1182573426 12934 43220 6.683161 92 1767 2194 102.742848 0.141100 0.023050 4857 
1182673426 12958 43355 6.691619 92 1762 2200 103.046458 0.140850 0.022999 4861 
1182773426 12996 43496 6.693752 92 1765 2210 103.213450 0.141032 0.022875 4863 
1182873426 13040 43697 6.701994 92 1777 2204 103.588037 0.140639 0.022707 4868 
1182973426 13075 43858 6.708681 92 1777 2216 103.868451 0.141097 0.022578 4873 
1183073426 13122 44047 6.713458 92 1784 2220 104.122542 0.141233 0.022388 4878 
1183173426 13153 44210 6.722421 92 1781 2236 104.491903 0.141016 0.022254 4884 
1183273426 13173 44329 6.730282 92 1775 2242 104.760647 0.140899 0.022162 4884 
1183373426 13199 44472 6.738692 93 1779 2246 105.094931 0.140723 0.022059 4890 
1183473426 13237 44679 6.750623 93 1783 2247 105.604442 0.139891 0.021937 4901 
1183573426 13285 44855 6.752729 93 1787 2265 105.809409 0.140351 0.021740 4907 
1183673426 13314 45017 6.762355 93 1783 2274 106.231486 0.140305 0.021620 4912 
1183773426 13343 45231 6.779735 94 1779 2277 106.825452 0.140144 0.021454 4920 
1183873426 13377 45391 6.786424 95 1785 2279 107.188009 0.139911 0.021330 4935 
1183973426 13409 45543 6.792900 95 1782 2279 107.395630 0.140343 0.021245 4939 
1184073426 13452 45718 6.797205 95 1788 2289 107.651502 0.140159 0.021144 4945 
1184173426 13486 45911 6.808690 96 1787 2291 108.034554 0.140740 0.020982 4945 
1184273426 13521 46120 6.821981 96 1792 2291 108.576289 0.140792 0.020890 4951 
1184373426 13556 46314 6.832989 96 1791 2290 109.076129 0.140103 0.020661 4954 
1184473426 13569 46448 6.846194 96 1787 2289 109.522293 0.139593 0.020536 4959 
1184573426 13598 46651 6.861450 96 1791 2279 110.102809 0.138855 0.020396 4968 
1184673426 13636 46844 6.870637 96 1785 2291 110.476973 0.138595 0.020262 4972 
1184773426 13683 47033 6.874662 96 1790 2308 110.749836 0.138740 0.020071 4979 
1184873426 13726 47263 6.886638 96 1779 2314 111.158823 0.138591 0.019845 4981 
1184973426 13772 47466 6.893116 97 1789 2322 111.546471 0.138054 0.019671 4993 
1185073426 13811 47618 6.895663 97 1796 2328 111.731518 0.137956 0.019514 4998 
1185173426 13840 47764 6.902312 98 1800 2333 112.097543 0.137614 0.019520 5007 
1185273426 13867 47906 6.909353 98 1798 2339 112.465422 0.137465 0.019432 5012 
1185373426 13906 48076 6.914425 98 1806 2342 112.730332 0.137349 0.019269 5021 
1185473426 13942 48266 6.923827 98 1806 2345 113.110171 0.137052 0.019136 5028 
1185573426 13986 48454 6.928929 99 1813 2353 113.364221 0.137114 0.018951 5031 
1185673426 14010 48580 6.935046 99 1818 2346 113.624268 0.136660 0.018830 5035 
1185773426 14051 48764 6.941001 99 1823 2345 113.962138 0.136448 0.018763 5042 
1185873426 14090 48960 6.949610 99 1822 2358 114.331583 0.137030 0.018807 5052 
1185973426 14118 49132 6.960193 99 1819 2368 114.720924 0.136675 0.018791 5057 
1186073426 14159 49333 6.968430 99 1818 2380 115.153330 0.136917 0.018650 5062 
1186173426 14208 49547 6.974521 99 1826 2385 115.559403 0.135895 0.018495 5066 
1186273426 14234 49698 6.982998 99 1825 2392 115.891246 0.135771 0.018395 5069 
1186373426 14272 49879 6.989770 99 1828 2400 116.204737 0.135732 0.018255 5074 
1186473426 14315 50120 7.002445 99 1830 2405 116.651205 0.136616 0.018070 5083 
1186573426 14348 50334 7.016170 99 1828 2398 117.239615 0.136242 0.018014 5091 
1186673426 14387 50583 7.031765 99 1831 2393 117.864322 0.136193 0.017884 5102 
1186773426 14425 50777 7.040139 99 1834 2405 118.258995 0.136226 0.017760 5107 
1186873426 14455 50919 7.045175 99 1835 2403 118.544863 0.135583 0.017697 5115 
1186973426 14478 51059 7.053322 99 1834 2404 118.893770 0.135456 0.017652 5119 
1187073426 14511 51236 7.061677 99 1836 2404 119.247330 0.135646 0.017602 5133 
1187173426 14547 51436 7.071699 101 1837 2415 119.724479 0.135600 0.017452 5149 
1187273426 14584 51600 7.076248 101 1841 2425 119.973533 0.135347 0.017340 5153 
1187373426 14615 51802 7.088881 103 1832 2427 120.446254 0.135117 0.017241 5160 
1187473426 14643 51981 7.099775 103 1830 2428 120.872499 0.134683 0.017164 5168 
1187573426 14669 52136 7.108324 103 1822 2437 121.215216 0.134832 0.017109 5176 
1187673426 14702 52373 7.124609 104 1817 2439 121.807373 0.134979 0.017152 5189 
1187773426 14744 52537 7.126560 104 1822 2458 121.971514 0.135140 0.017052 5191 
1187873426 14778 52694 7.131412 104 1818 2469 122.231290 0.134791 0.017115 5198 
1187973426 14824 52879 7.134242 105 1826 2473 122.463168 0.134619 0.017173 5207 
1188073426 14851 53058 7.145377 105 1823 2477 122.910242 0.134118 0.017095 5213 
1188173426 14876 53233 7.156897 106 1822 2470 123.373756 0.133741 0.017008 5217 
1188273426 14916 53463 7.168544 106 1827 2463 123.866720 0.133542 0.016901 5224 
1188373426 14953 53667 7.178091 106 1830 2469 124.285963 0.133598 0.016757 5231 
1188473426 14981 53846 7.188572 106 1828 2466 124.644283 0.133904 0.016687 5235 
1188573426 15010 54020 7.197868 106 1830 2464 125.024117 0.134013 0.016606 5240 
1188673426 15039 54173 7.204335 106 1834 2472 125.321098 0.133588 0.016544 5246 
1188773426 15070 54326 7.209821 106 1834 2477 125.618049 0.133538 0.016499 5251 
1188873426 15096 54462 7.215421 106 1835 2486 125.861685 0.133535 0.016435 5257 
1188973426 15135 54687 7.226561 106 1837 2481 126.334589 0.133628 0.016388 5276 
1189073426 15174 54898 7.235798 106 1840 2488 126.754580 0.133312 0.016252 5282 
1189173426 15207 55073 7.243112 106 1839 2492 127.108963 0.133186 0.016160 5287 
1189273426 15246 55233 7.245573 106 1847 2497 127.327693 0.133586 0.016091 5294 
1189373426 15273 55399 7.254501 106 1858 2490 127.726314 0.133403 0.016035 5299 
1189473426 15333 55628 7.255984 106 1866 2514 127.966869 0.133300 0.015909 5303 
1189573426 15376 55846 7.264048 106 1872 2516 128.323751 0.133586 0.015822 5306 
1189673426 15418 56013 7.265923 106 1879 2523 128.584512 0.133358 0.015680 5312 
1189773426 15441 56152 7.273104 106 1880 2518 128.892170 0.132882 0.015594 5318 
1189873426 15480 56321 7.276615 106 1886 2526 129.236176 0.132683 0.015490 5325 
1189973426 15510 56483 7.283430 107 1881 2539 129.536557 0.132483 0.015542 5334 
1190073426 15563 56697 7.286127 107 1890 2545 129.836792 0.132198 0.015399 5344 
1190173426 15612 56943 7.294773 108 1896 2547 130.277607 0.131862 0.015197 5352 
1190273426 15667 57184 7.299930 108 1909 2553 130.629987 0.131197 0.015065 5357 
1190373426 15714 57405 7.306224 108 1913 2567 130.963854 0.131213 0.014934 5363 
1190473426 15750 57574 7.310984 108 1918 2570 131.264381 0.131399 0.014853 5371 
1190573426 15795 57726 7.309402 108 1931 2583 131.406521 0.131114 0.014796 5380 
1190673426 15846 57909 7.308974 108 1950 2577 131.563549 0.131177 0.014896 5388 
1190773426 15914 58135 7.306146 108 1970 2593 131.715596 0.131164 0.014780 5394 
1190873426 15965 58393 7.315127 108 1978 2609 132.230003 0.130803 0.014671 5399 
1190973426 16013 58601 7.319178 109 1985 2626 132.531443 0.130778 0.014586 5404 
1191073426 16050 58731 7.318505 109 1996 2632 132.639751 0.130867 0.014521 5408 
1191173426 16092 58872 7.316928 109 2003 2641 132.695625 0.131075 0.014414 5410 
1191273426 16160 59099 7.314233 109 2010 2673 132.846287 0.131172 0.014445 5420 
1191373426 16211 59360 7.323422 109 2013 2676 133.272716 0.130794 0.014355 5422 
1191473426 16270 59588 7.324892 109 2026 2688 133.484696 0.131028 0.014388 5432 
1191573426 16322 59794 7.326798 109 2027 2710 133.744884 0.131095 0.014425 5447 
1191673426 16367 59948 7.325472 109 2040 2719 133.939635 0.130756 0.014355 5455 
1191773426 16400 60066 7.325122 109 2045 2724 134.030122 0.131000 0.014264 5456 
1191873426 16443 60279 7.331874 109 2042 2734 134.373654 0.131175 0.014190 5460 
1191973426 16499 60514 7.335475 109 2053 2729 134.664161 0.131316 0.014061 5465 
1192073426 16556 60719 7.334984 110 2069 2734 134.858178 0.131392 0.014098 5474 
1192173426 16607 60919 7.336545 111 2075 2746 135.037273 0.131445 0.014021 5478 
1192273426 16641 61047 7.336939 111 2082 2757 135.146686 0.131852 0.013971 5481 
1192373426 16670 61168 7.338692 111 2087 2768 135.354889 0.131838 0.013929 5485 
1192473426 16707 61348 7.343988 112 2089 2773 135.643144 0.131690 0.013985 5493 
1192573426 16758 61601 7.351832 113 2095 2779 136.140709 0.131429 0.013877 5508 
1192673426 16810 61836 7.357049 113 2107 2789 136.561927 0.131464 0.013806 5516 
1192773426 16874 62062 7.355932 113 2128 2801 136.787958 0.131198 0.013693 5524 
1192873426 16902 62194 7.359366 115 2128 2804 137.076204 0.130293 0.013659 5532 
1192973426 16920 62277 7.361348 115 2131 2806 137.206265 0.130474 0.013633 5536 
1193073426 16949 62425 7.366216 115 2131 2816 137.483391 0.130976 0.013600 5544 
1193173426 16990 62665 7.376692 115 2137 2817 137.987640 0.130893 0.013521 5554 
1193273426 17044 62892 7.379958 115 2147 2828 138.333959 0.130582 0.013441 5555 
1193373426 17101 63101 7.379802 115 2160 2843 138.466990 0.131153 0.013340 5560 
1193473426 17124 63240 7.386125 116 2161 2849 138.804485 0.131165 0.013258 5569 
1193573426 17146 63325 7.386562 116 2164 2861 138.904468 0.131119 0.013222 5570 
1193673426 17174 63434 7.387213 116 2169 2865 139.011878 0.131236 0.013192 5573 
1193773426 17221 63647 7.391789 116 2180 2875 139.314093 0.131117 0.013149 5586 
1193873426 17264 63829 7.394462 117 2181 2886 139.547845 0.131335 0.013376 5597 
1193973426 17302 64026 7.400994 117 2185 2887 139.885562 0.131481 0.013308 5603 
1194073426 17340 64183 7.402884 118 2186 2904 140.051672 0.131365 0.013516 5611 
1194173426 17360 64308 7.408756 118 2186 2907 140.326728 0.131205 0.013457 5612 
1194273426 17394 64444 7.409911 118 2196 2911 140.523744 0.131177 0.013432 5616 
1194373426 17446 64652 7.411670 119 2199 2924 140.674653 0.131719 0.013471 5626 
1194473426 17482 64854 7.419517 119 2195 2938 141.116119 0.131500 0.013316 5638 
1194573426 17528 65086 7.426518 119 2199 2951 141.528868 0.131514 0.013223 5645 
1194673426 17576 65273 7.427515 119 2214 2957 141.741466 0.131450 0.013286 5650 
1194773426 17604 65401 7.430243 120 2220 2961 141.951375 0.131692 0.013251 5655 
1194873426 17636 65535 7.431957 120 2221 2978 142.185983 0.131555 0.013205 5667 
1194973426 17687 65767 7.436761 120 2237 2978 142.514389 0.131728 0.013261 5684 
1195073426 17734 65976 7.440623 120 2242 2992 142.930529 0.131550 0.013335 5693 
1195173426 17779 66179 7.444626 120 2249 2995 143.270038 0.131667 0.013449 5702 
1195273426 17826 66348 7.443958 120 2256 3002 143.382587 0.131763 0.013468 5713 
1195373426 17848 66480 7.449574 120 2260 3000 143.703608 0.131147 0.013441 5719 
1195473426 17879 66617 7.451983 121 2259 3015 143.886795 0.131136 0.013383 5725 
1195573426 17919 66825 7.458564 122 2273 3008 144.316647 0.130889 0.013301 5732 
1195673426 17955 66996 7.462657 122 2269 3023 144.600947 0.130737 0.013282 5746 
1195773426 17980 67120 7.466073 122 2267 3031 144.811346 0.130854 0.013243 5755 
1195873426 18006 67225 7.466955 123 2272 3033 144.918138 0.130652 0.013197 5759 
1195973426 18030 67358 7.471769 123 2274 3034 145.181364 0.130602 0.013167 5764 
1196073426 18050 67512 7.480554 124 2274 3032 145.584709 0.130050 0.013131 5766 
1196173426 18096 67706 7.482980 124 2288 3038 145.861848 0.129697 0.013085 5773 
1196273426 18139 67902 7.486852 124 2290 3055 146.185126 0.129466 0.013050 5780 
1196373426 18181 68092 7.490457 124 2300 3058 146.492712 0.129322 0.012967 5788 
1196473426 18214 68274 7.496871 125 2303 3059 146.798836 0.128998 0.012914 5795 
1196573426 18239 68399 7.500302 126 2309 3060 147.003235 0.129247 0.012881 5796 
1196673426 18272 68529 7.500985 126 2321 3059 147.164623 0.129387 0.012943 5803 
1196773426 18295 68702 7.510467 126 2322 3067 147.664498 0.129492 0.012916 5816 
1196873426 18325 68891 7.518799 126 2320 3065 148.081637 0.129334 0.012855 5829 
1196973426 18363 69059 7.521538 126 2325 3067 148.335239 0.129408 0.012729 5837 
1197073426 18402 69267 7.528203 126 2333 3060 148.739702 0.129427 0.012662 5849 
1197173426 18427 69409 7.533402 126 2336 3069 149.058881 0.129369 0.012629 5854 
1197273426 18464 69542 7.532712 126 2347 3078 149.202015 0.129329 0.012588 5861 
1197373426 18499 69682 7.533596 127 2358 3082 149.477161 0.129122 0.012557 5872 
1197473426 18536 69863 7.538088 127 2364 3089 149.797907 0.129268 0.012520 5878 
1197573426 18574 70032 7.540864 127 2368 3097 150.054485 0.128941 0.012576 5885 
1197673426 18614 70192 7.541850 127 2376 3106 150.265821 0.129006 0.012541 5894 
1197773426 18640 70302 7.543133 127 2390 3103 150.427253 0.128886 0.012509 5898 
1197873426 18673 70447 7.545333 128 2396 3110 150.670701 0.128819 0.012570 5905 
1197973426 18697 70556 7.547307 128 2399 3119 150.853292 0.128733 0.012490 5909 
1198073426 18741 70705 7.545489 128 2407 3135 150.969319 0.128713 0.012577 5918 
1198173426 18790 70865 7.542842 128 2426 3145 151.074082 0.128920 0.012528 5925 
1198273426 18825 71022 7.545498 128 2431 3149 151.269270 0.129051 0.012474 5930 
1198373426 18852 71141 7.547316 128 2438 3154 151.452260 0.129184 0.012433 5933 
1198473426 18873 71235 7.548879 128 2443 3158 151.553118 0.129547 0.012413 5940 
1198573426 18892 71349 7.553356 128 2440 3159 151.766780 0.129742 0.012375 5946 
1198673426 18899 71412 7.557225 129 2436 3163 151.950685 0.129572 0.012365 5948 
1198773426 18923 71513 7.558315 129 2437 3175 152.033716 0.129651 0.012335 5949 
1198873426 18948 71666 7.564492 129 2437 3177 152.369221 0.129290 0.012310 5956 
1198973426 18971 71822 7.571767 130 2436 3183 152.790364 0.128898 0.012273 5960 
1199073426 19008 71956 7.571128 130 2444 3191 152.880471 0.128768 0.012317 5966 
1199173426 19033 72083 7.574528 130 2440 3200 153.113119 0.128959 0.012382 5980 
1199273426 19060 72219 7.578069 130 2442 3208 153.346590 0.128926 0.012362 5992 
1199373426 19093 72336 7.577227 130 2448 3220 153.438852 0.129121 0.012274 5997 
1199473426 19121 72471 7.580252 130 2453 3227 153.680456 0.129167 0.012245 6011 
1199573426 19150 72585 7.580679 130 2462 3226 153.819530 0.128890 0.012223 6015 
1199673426 19188 72694 7.577027 131 2479 3229 153.877840 0.128762 0.012189 6019 
1199773426 19215 72832 7.580744 131 2486 3235 154.127088 0.128695 0.012155 6026 
1199873426 19238 72950 7.583948 131 2487 3237 154.334026 0.128463 0.012125 6029 
1199973426 19263 73074 7.586980 131 2492 3233 154.563048 0.128245 0.012102 6037 
1200073426 19305 73210 7.584564 131 2506 3243 154.602953 0.128557 0.012041 6042 
1200173426 19337 73348 7.586285 131 2507 3254 154.808812 0.128530 0.012163 6063 
1200273426 19364 73456 7.586862 131 2507 3268 154.942161 0.128295 0.012148 6066 
1200373426 19401 73619 7.589196 132 2518 3263 155.200763 0.128122 0.012124 6076 
1200473426 19441 73776 7.589733 132 2534 3268 155.401471 0.128218 0.012089 6085 
1200573426 19478 73920 7.590102 132 2545 3276 155.533628 0.128357 0.012047 6088 
1200673426 19513 74075 7.592374 132 2548 3287 155.733613 0.128245 0.012057 6092 
1200773426 19539 74185 7.593531 132 2553 3290 155.873484 0.128116 0.012021 6101 
1200873426 19557 74300 7.598302 132 2553 3286 156.121900 0.128045 0.012000 6105 
1200973426 19593 74457 7.600367 132 2560 3298 156.333180 0.128057 0.011962 6107 
1201073426 19642 74630 7.599023 133 2574 3311 156.485185 0.127776 0.011876 6116 
1201173426 19682 74780 7.598821 133 2589 3312 156.655828 0.127637 0.011920 6120 
1201273426 19721 74942 7.600223 133 2593 3323 156.898737 0.127548 0.011996 6126 
1201373426 19777 75192 7.603984 133 2603 3332 157.186732 0.127590 0.011916 6134 
1201473426 19809 75346 7.607249 133 2606 3339 157.453178 0.127100 0.011887 6144 
1201573426 19863 75564 7.608518 133 2614 3353 157.697327 0.127114 0.012020 6153 
1201673426 19911 75797 7.613580 133 2624 3360 158.113907 0.127167 0.011988 6166 
1201773426 19955 75949 7.612027 133 2638 3364 158.264194 0.127145 0.012085 6174 
1201873426 19989 76087 7.612887 134 2650 3365 158.453850 0.127158 0.012041 6180 
1201973426 20017 76208 7.614328 134 2650 3371 158.613079 0.127224 0.012008 6191 
1202073426 20044 76301 7.613351 134 2659 3374 158.693774 0.127545 0.012089 6198 
1202173426 20074 76427 7.614526 134 2663 3382 158.847365 0.127767 0.012141 6211 
1202273426 20090 76507 7.616426 134 2664 3386 158.982081 0.127838 0.012091 6215 
1202373426 20130 76662 7.616692 134 2670 3396 159.118728 0.127735 0.012054 6222 
1202473426 20180 76825 7.613974 134 2688 3400 159.178097 0.127930 0.012118 6231 
1202573426 20216 77030 7.620696 137 2695 3409 159.636031 0.127537 0.012045 6237 
1202673426 20247 77156 7.621475 137 2705 3414 159.780511 0.127746 0.012000 6242 
1202773426 20287 77364 7.626953 137 2711 3417 160.184552 0.127015 0.011948 6251 
1202873426 20331 77588 7.632482 137 2712 3421 160.550883 0.126635 0.011897 6253 
1202973426 20377 77815 7.637533 137 2716 3426 160.885704 0.126412 0.011875 6265 
1203073426 20411 77984 7.641370 137 2719 3430 161.179070 0.126235 0.011838 6272 
1203173426 20448 78106 7.639476 137 2734 3432 161.227015 0.126300 0.011812 6282 
1203273426 20473 78236 7.642847 137 2733 3437 161.471401 0.126346 0.011726 6290 
1203373426 20509 78435 7.648837 137 2734 3442 161.826125 0.126321 0.011748 6295 
1203473426 20554 78648 7.652817 137 2744 3450 162.150920 0.126136 0.011693 6301 
1203573426 20598 78843 7.655403 137 2748 3456 162.446839 0.126082 0.011640 6304 
1203673426 20625 78987 7.659345 137 2751 3461 162.683733 0.125788 0.011606 6306 
1203773426 20660 79128 7.660019 137 2764 3461 162.810261 0.125941 0.011565 6309 
1203873426 20679 79233 7.663137 138 2761 3469 162.990667 0.125876 0.011643 6317 
1203973426 20729 79405 7.661248 139 2786 3469 163.177577 0.125936 0.011605 6324 
1204073426 20775 79615 7.664501 139 2797 3476 163.438363 0.125879 0.011676 6334 
1204173426 20833 79844 7.665147 139 2814 3488 163.695963 0.125842 0.011626 6339 
1204273426 20886 80036 7.664081 139 2828 3504 163.831083 0.126007 0.011581 6348 
1204373426 20915 80157 7.665025 139 2830 3515 163.985752 0.125883 0.011545 6352 
1204473426 20945 80324 7.669993 139 2830 3519 164.238339 0.125973 0.011505 6353 
1204573426 20975 80483 7.674184 139 2830 3530 164.520048 0.126144 0.011420 6366 
1204673426 21044 80760 7.675347 140 2835 3562 164.871127 0.126314 0.011505 6384 
1204773426 21098 80977 7.676273 140 2839 3580 165.135558 0.126211 0.011657 6399 
1204873426 21150 81185 7.677069 140 2849 3585 165.325012 0.126257 0.011624 6412 
1204973426 21189 81355 7.678984 140 2852 3599 165.511539 0.126400 0.011817 6424 
1205073426 21230 81490 7.676872 140 2860 3618 165.555064 0.126579 0.011793 6431 
1205173426 21276 81671 7.677289 140 2871 3622 165.732657 0.126395 0.011746 6440 
1205273426 21331 81881 7.677183 140 2883 3636 165.906052 0.126282 0.011665 6445 
1205373426 21381 82087 7.678500 140 2898 3635 166.109537 0.126185 0.011600 6455 
1205473426 21420 82269 7.681513 140 2902 3643 166.376190 0.126214 0.011588 6463 
1205573426 21454 82392 7.680805 140 2908 3647 166.464995 0.126235 0.011581 6470 
1205673426 21470 82470 7.682347 140 2910 3645 166.557895 0.126424 0.011593 6472 
1205773426 21510 82627 7.682659 140 2915 3659 166.732961 0.126290 0.011561 6476 
1205873426 21582 82862 7.678806 140 2935 3671 166.838569 0.126375 0.011504 6484 
1205973426 21613 83043 7.684542 140 2940 3671 167.151899 0.126261 0.011446 6492 
1206073426 21655 83230 7.686908 140 2943 3691 167.365782 0.126211 0.011414 6499 
1206173426 21685 83378 7.689924 140 2940 3703 167.622596 0.125986 0.011395 6508 
1206273426 21712 83505 7.692060 140 2946 3707 167.808032 0.125686 0.011369 6513 
1206373426 21737 83626 7.694346 140 2949 3705 167.989695 0.125638 0.011345 6517 
1206473426 21794 83837 7.693585 140 2965 3714 168.165000 0.125528 0.011293 6525 
1206573426 21833 84027 7.697247 140 2971 3714 168.492466 0.124967 0.011230 6532 
1206673426 21881 84293 7.704675 140 2975 3721 169.035784 0.125363 0.011134 6557 
1206773426 21925 84501 7.708187 140 2980 3734 169.290855 0.125363 0.011194 6561 
1206873426 21969 84660 7.707224 140 2991 3740 169.429014 0.125451 0.011193 6571 
1206973426 22008 84868 7.712468 140 2993 3741 169.696383 0.125762 0.011205 6580 
1207073426 22058 85097 7.715749 141 2999 3746 170.040530 0.125305 0.011165 6587 
1207173426 22132 85375 7.715073 141 3026 3764 170.318001 0.125198 0.011122 6602 
1207273426 22187 85649 7.720647 142 3025 3780 170.753144 0.125459 0.011092 6621 
1207373426 22242 85877 7.722057 143 3038 3788 171.074723 0.125352 0.011013 6636 
1207473426 22288 86024 7.719311 143 3051 3802 171.139447 0.125305 0.010940 6642 
1207573426 22328 86226 7.723576 143 3053 3797 171.440702 0.125379 0.010877 6655 
1207673426 22371 86450 7.728756 143 3056 3801 171.849537 0.124997 0.010907 6664 
1207773426 22425 86683 7.730925 143 3064 3802 172.122988 0.124758 0.010834 6674 
1207873426 22482 86930 7.733298 143 3072 3809 172.390268 0.124647 0.010805 6685 
1207973426 22533 87146 7.734966 143 3078 3818 172.610837 0.124667 0.010774 6690 
1208073426 22555 87260 7.737530 143 3078 3823 172.773310 0.124745 0.010749 6698 
1208173426 22590 87411 7.738911 143 3079 3838 172.944489 0.124564 0.010727 6703 
1208273426 22650 87639 7.738543 143 3090 3851 173.081413 0.124568 0.010704 6713 
1208373426 22693 87896 7.746530 143 3097 3847 173.600317 0.124426 0.010666 6731 
1208473426 22745 88167 7.752649 143 3102 3850 174.033678 0.124024 0.010572 6744 
1208573426 22802 88421 7.755548 143 3110 3854 174.292167 0.124042 0.010500 6752 
1208673426 22828 88538 7.756965 143 3115 3860 174.521027 0.123690 0.010613 6759 
1208773426 22858 88699 7.760871 143 3120 3863 174.757984 0.123618 0.010583 6761 
1208873426 22903 88917 7.764660 143 3133 3865 175.070864 0.123533 0.010639 6771 
1208973426 22956 89152 7.767207 143 3140 3871 175.385346 0.123246 0.010589 6776 
1209073426 23014 89406 7.769705 144 3152 3881 175.777787 0.123047 0.010786 6795 
1209173426 23061 89570 7.768093 144 3157 3903 175.878409 0.123088 0.010695 6804 
1209273426 23090 89711 7.770550 144 3161 3904 176.078995 0.123142 0.010712 6807 
1209373426 23134 89866 7.769171 144 3177 3911 176.216305 0.123083 0.010702 6814 
1209473426 23192 90081 7.768282 144 3191 3930 176.403674 0.123202 0.010651 6833 
1209573426 23255 90309 7.766846 144 3202 3935 176.516706 0.123452 0.010627 6838 
1209673426 23310 90565 7.770485 145 3209 3950 176.868039 0.123570 0.010584 6847 
1209773426 23358 90808 7.775323 145 3218 3950 177.208408 0.123273 0.010520 6854 
1209873426 23383 90990 7.782577 145 3217 3951 177.556259 0.123158 0.010494 6865 
1209973426 23427 91184 7.784522 146 3221 3963 177.825074 0.123086 0.010458 6876 
1210073426 23476 91411 7.787613 146 3237 3959 178.106492 0.123347 0.010426 6888 
1210173426 23532 91623 7.787098 146 3244 3969 178.307156 0.123299 0.010386 6897 
1210273426 23579 91853 7.791085 146 3248 3978 178.618771 0.123195 0.010346 6910 
1210373426 23627 92054 7.792272 146 3262 3976 178.831083 0.123023 0.010333 6917 
1210473426 23672 92229 7.792244 146 3273 3985 178.976597 0.122923 0.010302 6930 
1210573426 23716 92417 7.793641 146 3277 4001 179.139315 0.123087 0.010291 6937 
1210673426 23759 92600 7.794941 146 3292 4001 179.363778 0.122902 0.010354 6949 
1210773426 23812 92817 7.795817 146 3293 4023 179.567109 0.123000 0.010294 6966 
1210873426 23865 93067 7.799455 146 3303 4032 179.866499 0.122885 0.010250 6977 
1210973426 23911 93271 7.801514 146 3310 4034 180.086320 0.123019 0.010154 6986 
1211073426 23960 93431 7.798915 146 3319 4055 180.123456 0.123018 0.010084 6990 
1211173426 23999 93605 7.800742 147 3332 4048 180.328597 0.122845 0.010089 6999 
1211273426 24057 93825 7.800224 147 3343 4066 180.528994 0.122821 0.010133 7006 
1211373426 24104 94039 7.802771 148 3348 4074 180.866744 0.122683 0.010105 7030 
1211473426 24153 94259 7.805159 148 3361 4083 181.144703 0.122644 0.010074 7038 
1211573426 24210 94488 7.805700 148 3369 4100 181.250888 0.123138 0.010131 7047 
1211673426 24241 94663 7.810156 148 3367 4110 181.497050 0.123212 0.010072 7052 
1211773426 24274 94807 7.811403 148 3372 4117 181.667298 0.123373 0.010044 7058 
1211873426 24315 94980 7.812461 148 3375 4132 181.871684 0.123291 0.010003 7069 
1211973426 24366 95172 7.811869 148 3384 4147 182.053517 0.122908 0.010075 7078 
1212073426 24415 95397 7.814622 148 3392 4166 182.375671 0.122576 0.010043 7089 
1212173426 24468 95660 7.819192 150 3389 4180 182.764754 0.122543 0.010212 7102 
1212273426 24520 95823 7.815905 150 3407 4190 182.777243 0.122585 0.010190 7108 
1212373426 24557 95969 7.816020 150 3414 4192 182.883821 0.122460 0.010163 7113 
1212473426 24615 96216 7.817672 150 3423 4200 183.120374 0.122251 0.010099 7117 
1212573426 24668 96438 7.818875 150 3428 4194 183.284904 0.122659 0.010138 7136 
1212673426 24726 96634 7.816388 150 3436 4209 183.337297 0.122974 0.010170 7148 
1212773426 24792 96875 7.815021 150 3453 4221 183.506776 0.122568 0.010204 7156 
1212873426 24844 97083 7.815408 151 3469 4228 183.651264 0.122614 0.010166 7163 
1212973426 24899 97257 7.812121 151 3466 4255 183.640708 0.122798 0.010266 7169 
1213073426 24964 97472 7.809005 151 3484 4274 183.659269 0.123190 0.010388 7181 
1213173426 25020 97684 7.808473 151 3495 4286 183.797602 0.123202 0.010348 7185 
1213273426 25073 97900 7.809197 152 3500 4296 183.968492 0.123379 0.010315 7195 
1213373426 25127 98115 7.809528 152 3495 4321 184.061448 0.123588 0.010251 7202 
1213473426 25165 98274 7.810372 152 3504 4320 184.237393 0.123662 0.010204 7214 
1213573426 25211 98446 7.809766 152 3516 4333 184.341042 0.123694 0.010164 7223 
1213673426 25280 98707 7.809098 153 3536 4329 184.490032 0.123833 0.010184 7238 
1213773426 25330 98961 7.813739 154 3529 4346 184.766285 0.123759 0.010167 7251 
1213873426 25368 99154 7.817250 154 3524 4358 185.021287 0.123634 0.010299 7259 
1213973426 25434 99381 7.814815 154 3545 4370 185.146733 0.123395 0.010272 7269 
1214073426 25486 99565 7.813309 154 3553 4389 185.257475 0.123396 0.010220 7284 
1214173426 25529 99747 7.814407 154 3557 4396 185.428885 0.123151 0.010194 7293 
1214273426 25607 100027 7.812473 155 3571 4416 185.578475 0.123013 0.010147 7299 
1214373426 25679 100301 7.811909 155 3574 4441 185.681062 0.123304 0.010097 7311 
1214473426 25736 100535 7.812791 155 3581 4449 185.846907 0.123271 0.010054 7318 
1214573426 25816 100779 7.807484 155 3603 4462 185.887434 0.123266 0.009912 7324 
1214673426 25890 101002 7.802395 155 3615 4486 185.880881 0.123498 0.009983 7333 
1214773426 25939 101214 7.804002 155 3610 4490 186.049809 0.123742 0.009959 7339 
1214873426 26015 101489 7.802345 155 3612 4508 186.149914 0.124081 0.009874 7348 
1214973426 26087 101778 7.802967 155 3622 4518 186.359489 0.124310 0.009868 7361 
1215073426 26141 102061 7.808500 155 3619 4512 186.684748 0.124416 0.009876 7369 
1215173426 26203 102250 7.804450 156 3639 4531 186.766706 0.124342 0.009812 7378 
1215273426 26235 102383 7.805070 156 3650 4533 186.944540 0.124243 0.009794 7388 
1215373426 26276 102563 7.806592 157 3661 4534 187.142487 0.124065 0.009785 7397 
1215473426 26349 102821 7.804547 157 3669 4557 187.277164 0.123994 0.009828 7411 
1215573426 26439 103129 7.801278 157 3679 4581 187.349673 0.124124 0.009801 7419 
1215673426 26525 103420 7.797926 157 3695 4602 187.405844 0.124021 0.009742 7429 
1215773426 26589 103654 7.796758 157 3698 4614 187.422994 0.124324 0.009709 7434 
1215873426 26630 103845 7.799099 157 3693 4622 187.569959 0.124579 0.009700 7440 
1215973426 26674 104048 7.801455 159 3691 4637 187.787059 0.124595 0.009677 7451 
1216073426 26736 104298 7.802065 159 3700 4641 187.981897 0.124701 0.009664 7470 
1216173426 26823 104647 7.802781 160 3703 4669 188.192521 0.124847 0.009698 7488 
1216273426 26898 104929 7.801993 160 3710 4695 188.349840 0.124995 0.009751 7500 
1216373426 26969 105169 7.799251 160 3723 4709 188.392896 0.125055 0.009712 7506 
1216473426 27008 105369 7.802799 160 3719 4711 188.591973 0.125192 0.009744 7514 
1216573426 27057 105571 7.803600 162 3723 4719 188.769561 0.125008 0.009800 7520 
1216673426 27151 105873 7.798829 162 3753 4742 188.866045 0.125252 0.009767 7534 
1216773426 27253 106211 7.794445 162 3767 4780 188.907570 0.125796 0.009782 7549 
1216873426 27368 106553 7.786685 163 3804 4797 188.926118 0.125550 0.009710 7559 
1216973426 27456 106837 7.782416 163 3822 4829 188.971154 0.125728 0.009721 7571 
1217073426 27521 107068 7.780822 163 3828 4847 189.092111 0.125709 0.009694 7582 
1217173426 27590 107292 7.777601 164 3849 4856 189.147445 0.125530 0.009651 7588 
1217273426 27673 107586 7.775521 164 3870 4859 189.259061 0.125523 0.009555 7594 
1217373426 27772 107929 7.772505 164 3879 4897 189.381895 0.125731 0.009555 7614 
1217473426 27872 108280 7.769805 165 3891 4925 189.499067 0.125770 0.009620 7626 
1217573426 27950 108619 7.772379 165 3893 4948 189.782039 0.125601 0.009570 7639 
1217673426 28030 108891 7.769604 165 3906 4967 189.882198 0.125540 0.009657 7657 
1217773426 28093 109121 7.768554 165 3919 4982 190.027124 0.125443 0.009642 7669 
1217873426 28185 109454 7.766826 165 3939 4996 190.198474 0.125621 0.009594 7691 
1217973426 28303 109845 7.762075 165 3975 5016 190.334664 0.125946 0.009567 7712 
1218073426 28426 110249 7.756913 165 4017 5026 190.474777 0.126257 0.009508 7734 
1218173426 28539 110627 7.752689 165 4035 5045 190.533445 0.126314 0.009467 7749 
1218273426 28592 110888 7.756575 165 4029 5060 190.818830 0.126351 0.009549 7765 
1218373426 28655 111080 7.752923 165 4038 5082 190.825755 0.126379 0.009542 7778 
1218473426 28738 111365 7.750365 166 4063 5086 190.935138 0.126183 0.009588 7788 
1218573426 28852 111725 7.744697 167 4090 5109 191.022529 0.126151 0.009528 7803 
1218673426 28951 112090 7.743429 167 4115 5130 191.160305 0.126160 0.009477 7814 
1218773426 29046 112466 7.743992 168 4139 5135 191.438890 0.126225 0.009556 7840 
1218873426 29138 112765 7.740065 169 4155 5161 191.509987 0.126278 0.009605 7851 
1218973426 29228 113023 7.733885 169 4177 5188 191.441494 0.126658 0.009539 7862 
1219073426 29306 113378 7.737528 169 4178 5204 191.803794 0.126741 0.009498 7876 
1219173426 29435 113821 7.733718 169 4201 5240 191.901138 0.126835 0.009566 7898 
1219273426 29546 114218 7.731537 169 4217 5252 191.994043 0.126902 0.009652 7910 
1219373426 29657 114617 7.729507 169 4236 5280 192.179856 0.126757 0.009571 7919 
1219473426 29758 114972 7.727132 169 4246 5311 192.222125 0.126888 0.009525 7930 
1219573426 29836 115245 7.725231 170 4248 5337 192.255664 0.127053 0.009481 7935 
1219673426 29934 115579 7.722256 171 4269 5345 192.298457 0.127234 0.009434 7945 
1219773426 30072 116020 7.716148 171 4297 5379 192.320364 0.127156 0.009359 7956 
1219873426 30180 116467 7.718158 171 4284 5410 192.492445 0.127355 0.009466 7975 
1219973426 30277 116863 7.719589 171 4286 5439 192.789840 0.127333 0.009367 7994 
1220073426 30383 117180 7.713524 171 4309 5471 192.771484 0.127368 0.009331 8005 
1220173426 30432 117406 7.715957 171 4315 5469 192.969506 0.127309 0.009289 8010 
1220273426 30480 117645 7.719488 171 4312 5472 193.175131 0.127476 0.009373 8018 
1220373426 30532 117889 7.722324 171 4312 5471 193.344491 0.127561 0.009316 8030 
1220473426 30579 118136 7.726610 172 4311 5482 193.558913 0.127615 0.009297 8034 
1220573426 30616 118394 7.734126 172 4304 5478 193.949177 0.127384 0.009268 8043 
1220673426 30692 118667 7.732764 172 4314 5496 194.008015 0.127609 0.009192 8051 
1220773426 30762 118983 7.735713 172 4311 5519 194.187309 0.127838 0.009158 8060 
1220873426 30833 119240 7.734570 172 4319 5541 194.306555 0.127907 0.009129 8073 
1220973426 30928 119702 7.740688 172 4315 5555 194.754333 0.127603 0.009145 8089 
1221073426 31051 120077 7.734179 172 4339 5574 194.684616 0.127855 0.009101 8096 
1221173426 31159 120462 7.732084 172 4356 5595 194.796752 0.127804 0.009076 8110 
1221273426 31277 120846 7.727467 172 4372 5633 194.783323 0.128072 0.009120 8126 
1221373426 31363 121193 7.728406 173 4387 5639 194.976565 0.128253 0.009065 8143 
1221473426 31433 121494 7.730347 173 4390 5645 195.133077 0.128056 0.009130 8152 
1221573426 31528 121869 7.730842 173 4405 5661 195.404846 0.127738 0.009062 8174 
1221673426 31695 122438 7.726014 173 4429 5700 195.531409 0.128290 0.009123 8192 
1221773426 31814 122915 7.727101 174 4441 5718 195.754196 0.128567 0.009069 8209 
1221873426 31929 123320 7.724639 174 4454 5750 195.821291 0.128970 0.008972 8227 
1221973426 32034 123677 7.721608 174 4467 5788 195.913342 0.128807 0.009104 8237 
1222073426 32119 124018 7.722407 174 4482 5789 196.125969 0.128623 0.009090 8252 
1222173426 32225 124431 7.722638 174 4488 5808 196.339798 0.128624 0.009058 8272 
1222273426 32352 124846 7.717977 174 4519 5831 196.412092 0.128702 0.009088 8298 
1222373426 32467 125284 7.717621 174 4536 5846 196.569317 0.128960 0.009028 8308 
1222473426 32579 125678 7.715277 174 4546 5875 196.606403 0.129419 0.009154 8330 
1222573426 32659 125946 7.712790 175 4553 5899 196.612572 0.129625 0.009098 8343 
1222673426 32765 126305 7.709751 176 4586 5912 196.734076 0.129511 0.009051 8358 
1222773426 32857 126749 7.715190 176 4573 5928 197.143257 0.129328 0.009017 8374 
1222873426 32979 127182 7.712908 176 4598 5942 197.292459 0.129285 0.008947 8403 
1222973426 33085 127693 7.719087 176 4586 5965 197.726341 0.129259 0.008879 8416 
1223073426 33205 128194 7.721367 176 4605 5971 198.109983 0.129091 0.008866 8439 
1223173426 33282 128554 7.725137 176 4595 5988 198.390782 0.129027 0.008808 8450 
1223273426 33367 128887 7.725417 177 4603 6010 198.489885 0.129175 0.008772 8457 
1223373426 33470 129303 7.726501 177 4616 6021 198.726322 0.128952 0.008735 8470 
1223473426 33600 129803 7.726369 177 4638 6033 198.866429 0.128982 0.008760 8494 
1223573426 33747 130243 7.718790 177 4671 6063 198.718049 0.129147 0.008669 8499 
1223673426 33870 130766 7.721642 178 4677 6077 199.051491 0.129071 0.008585 8510 
1223773426 33966 131107 7.719896 179 4691 6102 199.176529 0.128977 0.008612 8529 
1223873426 34055 131529 7.724504 179 4698 6102 199.436793 0.129196 0.008590 8543 
1223973426 34185 132101 7.728594 179 4697 6154 199.835015 0.129501 0.008530 8559 
1224073426 34292 132512 7.728450 179 4720 6159 200.005249 0.129681 0.008481 8564 
1224173426 34417 133017 7.729727 179 4718 6190 200.230584 0.129826 0.008500 8590 
1224273426 34569 133614 7.730279 179 4728 6205 200.406896 0.130048 0.008474 8603 
1224373426 34660 133921 7.727698 179 4744 6212 200.390421 0.130173 0.008512 8607 
1224473426 34754 134299 7.728549 179 4750 6229 200.496288 0.130450 0.008459 8620 
1224573426 34906 134893 7.728929 179 4762 6253 200.801409 0.130305 0.008532 8643 
1224673426 35031 135360 7.728012 179 4773 6285 200.846964 0.130698 0.008449 8650 
1224773426 35171 135926 7.729436 181 4792 6300 201.187569 0.130445 0.008437 8672 
1224873426 35306 136479 7.731207 181 4791 6326 201.431881 0.130488 0.008543 8694 
1224973426 35389 136837 7.733307 182 4785 6350 201.625420 0.130426 0.008574 8700 
1225073426 35476 137159 7.732495 183 4805 6353 201.748281 0.130582 0.008525 8709 
1225173426 35618 137713 7.732776 183 4835 6372 202.116177 0.130137 0.008413 8737 
1225273426 35741 138142 7.730170 183 4859 6393 202.193727 0.130171 0.008427 8751 
1225373426 35845 138580 7.732180 183 4862 6430 202.384545 0.130406 0.008397 8757 
1225473426 35996 139109 7.729137 183 4886 6461 202.597955 0.130119 0.008390 8778 
1225573426 36076 139458 7.731345 183 4874 6499 202.784012 0.130228 0.008390 8788 
1225673426 36153 139785 7.732968 184 4886 6498 203.032833 0.129988 0.008374 8806 
1225773426 36307 140380 7.732944 185 4900 6521 203.256452 0.130079 0.008485 8824 
1225873426 36427 140826 7.731957 185 4912 6556 203.455294 0.130003 0.008443 8844 
1225973426 36549 141290 7.731538 185 4910 6601 203.580235 0.130155 0.008505 8860 
1226073426 36701 141850 7.730035 186 4918 6638 203.719190 0.129942 0.008440 8875 
1226173426 36814 142327 7.732221 186 4942 6651 204.006682 0.129909 0.008369 8896 
1226273426 36907 142783 7.737448 186 4949 6650 204.366597 0.130019 0.008353 8914 
1226373426 37058 143514 7.745372 188 4935 6658 204.846889 0.129965 0.008247 8932 
1226473426 37242 144206 7.744267 188 4948 6683 204.992858 0.130357 0.008241 8963 
1226573426 37404 144774 7.741097 188 4976 6713 205.142926 0.130363 0.008167 8992 
1226673426 37596 145431 7.736515 188 5012 6760 205.210182 0.130516 0.008184 9014 
1226773426 37719 146002 7.741563 190 5005 6783 205.650945 0.129838 0.008096 9031 
1226873426 37825 146482 7.745248 191 4998 6795 205.897951 0.129930 0.008033 9042 
1226973426 37987 147161 7.747966 193 5016 6807 206.141469 0.130134 0.007956 9055 
1227073426 38170 147827 7.745717 193 5054 6816 206.338381 0.130174 0.007984 9080 
1227173426 38309 148401 7.747579 194 5061 6819 206.602730 0.130219 0.008006 9100 
1227273426 38465 148986 7.746575 194 5084 6824 206.768231 0.130117 0.008023 9121 
1227373426 38603 149468 7.743854 195 5110 6847 206.830764 0.130341 0.007973 9141 
1227473426 38708 149923 7.746357 196 5113 6864 207.024439 0.130547 0.007923 9157 
1227573426 38868 150538 7.746115 196 5125 6879 207.232325 0.130509 0.007937 9176 
1227673426 39046 151229 7.746197 196 5148 6901 207.475849 0.130524 0.007983 9202 
1227773426 39167 151741 7.748411 197 5151 6905 207.654556 0.130657 0.007894 9220 
1227873426 39273 152139 7.747766 198 5173 6902 207.847885 0.130386 0.007865 9229 
1227973426 39382 152553 7.747347 198 5172 6934 207.888375 0.130638 0.007806 9235 
1228073426 39521 153047 7.745098 199 5205 6953 207.918423 0.130770 0.007756 9244 
1228173426 39662 153673 7.749130 199 5220 6959 208.329988 0.130717 0.007805 9281 
1228273426 39851 154410 7.749366 199 5239 6996 208.490276 0.131090 0.007731 9296 
1228373426 40002 155157 7.757462 200 5219 7023 209.012149 0.131035 0.007796 9333 
1228473426 40175 155812 7.756665 201 5238 7055 209.174263 0.131210 0.007820 9354 
1228573426 40291 156362 7.761634 201 5244 7067 209.524757 0.131299 0.007815 9375 
1228673426 40406 156891 7.765728 201 5245 7089 209.859476 0.131100 0.007880 9397 
1228773426 40562 157583 7.769982 202 5261 7082 210.277402 0.131032 0.007886 9425 
1228873426 40753 158325 7.769980 202 5274 7122 210.457144 0.131300 0.007847 9443 
1228973426 40918 159032 7.773205 205 5271 7148 210.743194 0.131384 0.007807 9464 
1229073426 41075 159700 7.776019 206 5282 7150 211.037371 0.131271 0.007735 9482 
1229173426 41194 160172 7.776472 206 5291 7166 211.177113 0.131396 0.007810 9501 
1229273426 41329 160642 7.773815 206 5306 7196 211.245227 0.131330 0.007829 9519 
1229373426 41482 161292 7.776481 206 5308 7246 211.483583 0.131362 0.007810 9537 
1229473426 41686 162102 7.777287 207 5331 7286 211.782997 0.131529 0.007763 9563 
1229573426 41874 162887 7.779863 209 5337 7320 212.097435 0.131545 0.007837 9604 
1229673426 42060 163577 7.778269 210 5366 7354 212.254303 0.131617 0.007781 9621 
1229773426 42191 164154 7.781470 211 5365 7378 212.503188 0.131822 0.007750 9637 
1229873426 42297 164669 7.786321 211 5355 7394 212.825969 0.131882 0.007692 9650 
1229973426 42457 165441 7.793344 211 5344 7408 213.275220 0.131874 0.007678 9664 
1230073426 42626 166225 7.799231 211 5341 7429 213.655234 0.132048 0.007614 9686 
1230173426 42765 166837 7.802502 212 5344 7442 213.978347 0.131967 0.007540 9706 
1230273426 42887 167345 7.803997 212 5360 7447 214.176277 0.131970 0.007479 9723 
1230373426 43006 167810 7.804027 212 5373 7451 214.347812 0.131844 0.007499 9741 
1230473426 43126 168323 7.806103 212 5364 7489 214.606734 0.131826 0.007461 9765 
1230573426 43313 169052 7.806063 212 5386 7523 214.823956 0.131940 0.007459 9786 
1230673426 43538 169862 7.802931 212 5422 7563 214.903762 0.132253 0.007383 9803 
1230773426 43759 170683 7.801047 214 5439 7627 215.117804 0.132293 0.007377 9837 
1230873426 43928 171303 7.799262 215 5483 7634 215.231151 0.132194 0.007349 9856 
1230973426 44100 171970 7.799093 215 5485 7657 215.377007 0.132190 0.007297 9878 
1231073426 44197 172531 7.807362 215 5472 7668 215.849447 0.132066 0.007266 9899 
1231173426 44341 173202 7.812273 216 5470 7683 216.169685 0.132294 0.007231 9919 
1231273426 44489 174122 7.827643 217 5430 7702 216.963834 0.132042 0.007153 9942 
1231373426 44625 175014 7.843765 219 5399 7703 217.806521 0.131921 0.007148 9977 
1231473426 44748 175872 7.860552 219 5378 7699 218.670287 0.131850 0.007062 10014 
1231573426 44847 176602 7.875755 221 5344 7697 219.478137 0.131627 0.007021 10048 
1231673426 44930 177143 7.885288 222 5329 7702 220.000534 0.131574 0.006996 10072 
1231773426 45024 177769 7.896633 222 5294 7711 220.503154 0.131610 0.006954 10092 
1231873426 45149 178600 7.911582 222 5255 7718 221.224125 0.131517 0.006986 10124 
1231973426 45266 179424 7.927539 224 5217 7738 222.049706 0.131564 0.006940 10161 
1232073426 45375 180181 7.941862 224 5208 7712 222.765355 0.131622 0.006916 10179 
1232173426 45486 180930 7.955415 225 5166 7725 223.470211 0.131373 0.006946 10206 
1232273426 45569 181512 7.966468 225 5138 7718 224.081283 0.131440 0.006907 10230 
1232373426 45625 182035 7.979616 225 5109 7707 224.704921 0.131320 0.006862 10250 
1232473426 45717 182766 7.995538 226 5080 7700 225.468382 0.131061 0.006792 10275 
1232573426 45806 183368 8.006287 226 5071 7695 226.077719 0.130779 0.006798 10286 
1232673426 45813 183412 8.006985 226 5068 7700 226.108223 0.130823 0.006796 10287 
