Timestamp NoNodes NoLinks AverageDegree MaxDeg Singletons Doubletons MeanSquaredDeg Assortativity AverageClustering TriCount 
1165073426 0 0 0.000000 0 0 0 0.000000 0.000000 0.000000 0 
1165173426 8001 18422 4.604924 46 2056 1324 42.250219 0.206423 0.091231 4166 
1165273426 8038 18564 4.619059 46 2068 1324 42.591441 0.207163 0.091234 4222 
1165373426 8076 18711 4.633730 46 2077 1328 42.930659 0.205068 0.091631 4262 
1165473426 8111 18879 4.655160 46 2079 1338 43.432622 0.206119 0.092432 4329 
1165573426 8137 18988 4.667076 46 2082 1334 43.687846 0.206914 0.093028 4371 
1165673426 8160 19095 4.680147 46 2083 1336 43.974755 0.205929 0.093750 4412 
1165773426 8181 19173 4.687202 46 2094 1330 44.109033 0.206435 0.093306 4427 
1165873426 8215 19299 4.698478 47 2109 1332 44.419720 0.205270 0.093430 4465 
1165973426 8257 19435 4.707521 48 2128 1336 44.660530 0.204293 0.093603 4500 
1166073426 8298 19602 4.724512 48 2136 1348 45.044589 0.205281 0.094048 4549 
1166173426 8328 19726 4.737272 48 2149 1348 45.384966 0.203218 0.093821 4594 
1166273426 8346 19822 4.750060 48 2145 1356 45.651330 0.202434 0.094276 4622 
1166373426 8359 19918 4.765642 48 2144 1358 45.982773 0.202434 0.094066 4658 
1166473426 8389 20042 4.778162 48 2159 1351 46.304685 0.200863 0.094234 4694 
1166573426 8415 20171 4.794058 49 2160 1354 46.683304 0.201087 0.094609 4742 
1166673426 8447 20313 4.809518 49 2169 1353 47.062626 0.199213 0.095006 4781 
1166773426 8476 20461 4.827985 49 2177 1357 47.474280 0.199255 0.095015 4832 
1166873426 8504 20566 4.836783 49 2190 1354 47.704610 0.199631 0.094966 4861 
1166973426 8516 20633 4.845702 49 2192 1360 47.935651 0.199844 0.095394 4894 
1167073426 8538 20763 4.863668 49 2188 1367 48.329117 0.198744 0.095738 4938 
1167173426 8558 20871 4.877541 49 2188 1370 48.626548 0.198953 0.095843 4978 
1167273426 8582 20982 4.889769 49 2193 1369 48.901422 0.199447 0.095746 5015 
1167373426 8612 21105 4.901301 49 2195 1375 49.190664 0.198498 0.096399 5055 
1167473426 8635 21213 4.913260 50 2195 1385 49.505501 0.198561 0.096677 5091 
1167573426 8648 21284 4.922294 50 2198 1383 49.703978 0.199109 0.096510 5117 
1167673426 8671 21385 4.932534 50 2206 1381 49.974628 0.199863 0.096298 5145 
1167773426 8697 21503 4.944924 50 2213 1391 50.366103 0.199872 0.096547 5193 
1167873426 8735 21623 4.950887 50 2233 1389 50.553864 0.200952 0.096303 5225 
1167973426 8765 21750 4.962921 51 2244 1400 50.909527 0.200577 0.096211 5267 
1168073426 8787 21837 4.970297 51 2245 1405 51.110504 0.200936 0.096715 5299 
1168173426 8813 21931 4.976966 51 2250 1409 51.282197 0.200565 0.097040 5332 
1168273426 8844 22043 4.984848 51 2264 1411 51.508367 0.199367 0.097087 5360 
1168373426 8874 22175 4.997746 51 2272 1419 51.883931 0.198169 0.097123 5405 
1168473426 8905 22305 5.009545 51 2273 1431 52.192925 0.195694 0.096739 5445 
1168573426 8934 22435 5.022386 52 2282 1435 52.567719 0.195157 0.096874 5487 
1168673426 8958 22532 5.030587 52 2289 1437 52.805314 0.195227 0.097350 5525 
1168773426 8980 22623 5.038530 52 2300 1439 53.068374 0.194603 0.097668 5554 
1168873426 9004 22704 5.043092 53 2310 1436 53.226566 0.194313 0.098205 5588 
1168973426 9035 22847 5.057443 53 2315 1435 53.616602 0.195083 0.098995 5648 
1169073426 9073 22983 5.066240 53 2332 1433 53.891767 0.194774 0.099427 5701 
1169173426 9104 23131 5.081503 53 2333 1447 54.342707 0.194222 0.099750 5748 
1169273426 9133 23254 5.092303 53 2341 1448 54.652798 0.194258 0.099836 5785 
1169373426 9152 23362 5.105332 53 2336 1455 54.967002 0.193629 0.100222 5812 
1169473426 9178 23459 5.112007 53 2341 1465 55.182829 0.193192 0.100562 5848 
1169573426 9209 23582 5.121512 53 2353 1462 55.452709 0.192755 0.100601 5883 
1169673426 9239 23733 5.137569 53 2357 1472 55.893928 0.193493 0.100599 5928 
1169773426 9280 23891 5.148922 53 2371 1473 56.242888 0.192761 0.100759 5993 
1169873426 9310 24009 5.157680 53 2373 1481 56.534049 0.192402 0.100851 6026 
1169973426 9330 24116 5.169561 53 2370 1483 56.817792 0.192549 0.101262 6064 
1170073426 9351 24229 5.182120 53 2372 1488 57.140627 0.192390 0.101346 6101 
1170173426 9380 24375 5.197228 53 2383 1479 57.601919 0.192292 0.100909 6144 
1170273426 9420 24550 5.212314 53 2389 1486 58.052654 0.192086 0.101465 6203 
1170373426 9448 24733 5.235605 53 2394 1483 58.741744 0.190356 0.101421 6268 
1170473426 9479 24909 5.255618 53 2405 1472 59.330309 0.190035 0.101415 6336 
1170573426 9508 25041 5.267354 54 2409 1476 59.653765 0.188781 0.101843 6379 
1170673426 9532 25164 5.279899 55 2413 1477 60.033361 0.187505 0.102024 6426 
1170773426 9559 25282 5.289675 56 2419 1487 60.402134 0.187486 0.101851 6467 
1170873426 9601 25431 5.297573 56 2452 1470 60.732424 0.187260 0.101148 6522 
1170973426 9630 25603 5.317342 56 2453 1478 61.255452 0.186589 0.102095 6592 
1171073426 9666 25752 5.328367 57 2462 1491 61.645769 0.185527 0.102214 6636 
1171173426 9697 25886 5.338971 57 2479 1484 62.030525 0.185512 0.102433 6677 
1171273426 9724 26026 5.352941 57 2488 1482 62.419169 0.185982 0.102493 6730 
1171373426 9748 26181 5.371563 57 2487 1483 62.971071 0.185051 0.102589 6800 
1171473426 9793 26339 5.379148 57 2512 1479 63.277852 0.185242 0.102333 6849 
1171573426 9834 26536 5.396787 57 2522 1475 63.802725 0.186165 0.102942 6921 
1171673426 9865 26659 5.404764 57 2532 1480 64.062038 0.185633 0.102180 6954 
1171773426 9879 26732 5.411884 57 2534 1483 64.253265 0.186088 0.102281 6982 
1171873426 9892 26800 5.418520 57 2533 1489 64.450869 0.185768 0.102473 7000 
1171973426 9907 26878 5.426062 57 2533 1494 64.671646 0.185188 0.102651 7032 
1172073426 9924 26973 5.435913 57 2533 1504 64.998388 0.184590 0.102616 7071 
1172173426 9956 27135 5.450984 57 2540 1510 65.458216 0.185284 0.102929 7148 
1172273426 9982 27314 5.472651 57 2543 1504 66.099980 0.184880 0.103069 7231 
1172373426 10006 27430 5.482710 57 2556 1502 66.387967 0.185411 0.103423 7282 
1172473426 10038 27571 5.493325 57 2564 1500 66.739191 0.186089 0.103088 7350 
1172573426 10072 27771 5.514496 57 2572 1498 67.403693 0.186233 0.103559 7432 
1172673426 10105 27937 5.529342 57 2588 1494 67.880653 0.185944 0.103741 7493 
1172773426 10132 28128 5.552310 57 2584 1502 68.508093 0.184939 0.104017 7569 
1172873426 10164 28290 5.566706 57 2586 1514 68.927194 0.184382 0.104528 7633 
1172973426 10186 28381 5.572551 57 2592 1520 69.113882 0.184635 0.104340 7667 
1173073426 10221 28541 5.584776 57 2606 1522 69.504941 0.184177 0.103967 7719 
1173173426 10252 28736 5.605931 57 2608 1521 70.154702 0.184186 0.104322 7817 
1173273426 10283 28917 5.624234 57 2606 1527 70.714772 0.182879 0.104545 7899 
1173373426 10310 29095 5.644035 57 2612 1524 71.315228 0.183251 0.104534 7982 
1173473426 10344 29265 5.658353 57 2618 1525 71.765275 0.183419 0.104755 8055 
1173573426 10365 29382 5.669465 57 2618 1533 72.088374 0.183490 0.105075 8099 
1173673426 10383 29486 5.679669 57 2618 1539 72.402196 0.183709 0.105024 8138 
1173773426 10415 29650 5.693711 57 2627 1545 72.888334 0.183172 0.105285 8207 
1173873426 10451 29809 5.704526 57 2640 1553 73.281217 0.183390 0.106151 8275 
1173973426 10473 29988 5.726726 57 2638 1553 73.921894 0.183881 0.106385 8346 
1174073426 10507 30141 5.737318 57 2655 1549 74.324355 0.183040 0.106297 8394 
1174173426 10529 30275 5.750784 57 2659 1549 74.788869 0.183105 0.106521 8447 
1174273426 10548 30401 5.764316 58 2664 1545 75.188472 0.182813 0.107320 8507 
1174373426 10585 30585 5.778932 58 2674 1544 75.638356 0.183053 0.107485 8571 
1174473426 10616 30730 5.789375 59 2687 1545 76.002449 0.183172 0.107245 8628 
1174573426 10641 30891 5.806033 60 2690 1536 76.462738 0.182487 0.107124 8684 
1174673426 10673 31063 5.820856 61 2700 1543 76.989787 0.182890 0.107172 8752 
1174773426 10693 31168 5.829608 61 2702 1551 77.275601 0.183647 0.107102 8790 
1174873426 10717 31275 5.836521 61 2709 1552 77.527106 0.183555 0.107260 8827 
1174973426 10761 31452 5.845553 61 2722 1558 77.926773 0.183126 0.107470 8883 
1175073426 10788 31598 5.857990 61 2731 1556 78.360030 0.183281 0.107983 8949 
1175173426 10817 31740 5.868540 61 2740 1558 78.751225 0.182908 0.107465 9001 
1175273426 10847 31876 5.877385 61 2744 1569 79.099659 0.181804 0.107049 9044 
1175373426 10870 32001 5.887948 61 2745 1579 79.479485 0.181591 0.107867 9095 
1175473426 10881 32083 5.897068 63 2742 1588 79.796710 0.181761 0.107835 9129 
1175573426 10910 32256 5.913107 64 2738 1603 80.327956 0.181170 0.108251 9196 
1175673426 10931 32393 5.926814 64 2736 1612 80.734791 0.181442 0.108625 9249 
1175773426 10949 32519 5.940086 66 2737 1608 81.141109 0.181298 0.109059 9306 
1175873426 10982 32628 5.942087 66 2751 1608 81.299763 0.181400 0.108864 9350 
1175973426 11005 32749 5.951658 67 2758 1610 81.662699 0.181181 0.108820 9392 
1176073426 11031 32860 5.957755 67 2765 1620 81.920406 0.180827 0.108865 9425 
1176173426 11060 33037 5.974141 68 2766 1621 82.452441 0.180569 0.109520 9512 
1176273426 11108 33286 5.993158 68 2783 1614 83.150162 0.179413 0.109342 9604 
1176373426 11128 33409 6.004493 68 2775 1626 83.537024 0.179065 0.108962 9649 
1176473426 11152 33535 6.014168 68 2778 1634 83.887374 0.178388 0.109534 9705 
1176573426 11170 33647 6.024530 68 2776 1637 84.251746 0.177909 0.109495 9749 
1176673426 11190 33758 6.033601 68 2784 1634 84.576408 0.177655 0.109462 9792 
1176773426 11219 33956 6.053302 68 2784 1639 85.174793 0.178411 0.108903 9872 
1176873426 11255 34181 6.073923 68 2778 1645 85.929809 0.178153 0.108978 9973 
1176973426 11282 34332 6.086155 68 2788 1642 86.376352 0.177915 0.108870 10028 
1177073426 11321 34506 6.095928 68 2793 1656 86.783853 0.177609 0.109385 10101 
1177173426 11346 34619 6.102415 68 2800 1664 87.014807 0.177270 0.109421 10139 
1177273426 11364 34721 6.110700 68 2802 1669 87.363428 0.176604 0.109155 10172 
1177373426 11393 34887 6.124287 68 2811 1671 87.880980 0.176154 0.109265 10245 
1177473426 11419 35081 6.144321 68 2793 1695 88.577809 0.175357 0.110257 10322 
1177573426 11454 35261 6.156976 68 2801 1699 89.090798 0.175180 0.109636 10392 
1177673426 11491 35419 6.164651 69 2813 1699 89.446697 0.174605 0.109578 10451 
1177773426 11516 35534 6.171240 69 2822 1708 89.731851 0.174517 0.109546 10490 
1177873426 11536 35645 6.179785 69 2833 1707 90.086512 0.174231 0.109377 10539 
1177973426 11576 35835 6.191258 69 2844 1711 90.524015 0.174016 0.108918 10608 
1178073426 11609 36023 6.206047 69 2846 1726 91.103971 0.173474 0.108537 10670 
1178173426 11641 36207 6.220600 69 2848 1731 91.649171 0.173246 0.109148 10751 
1178273426 11661 36331 6.231198 69 2849 1737 92.085070 0.173253 0.109510 10802 
1178373426 11685 36484 6.244587 70 2855 1731 92.570304 0.173093 0.109213 10877 
1178473426 11711 36599 6.250363 71 2866 1729 92.876441 0.173252 0.109494 10920 
1178573426 11733 36780 6.269496 72 2869 1733 93.505497 0.173203 0.109559 10982 
1178673426 11765 36974 6.285423 72 2867 1743 94.107437 0.173027 0.109578 11060 
1178773426 11804 37157 6.295662 72 2878 1748 94.565402 0.171975 0.110045 11123 
1178873426 11834 37320 6.307250 72 2880 1755 95.001014 0.171652 0.109778 11180 
1178973426 11849 37398 6.312431 72 2884 1750 95.167525 0.172114 0.109474 11207 
1179073426 11876 37522 6.318963 72 2893 1753 95.428090 0.171950 0.109573 11257 
1179173426 11910 37704 6.331486 73 2900 1752 95.969437 0.171526 0.109697 11342 
1179273426 11941 37893 6.346705 73 2900 1757 96.532954 0.171374 0.110102 11420 
1179373426 11980 38066 6.354925 73 2906 1764 96.857596 0.170944 0.110254 11485 
1179473426 12010 38240 6.368027 73 2904 1779 97.314405 0.170852 0.110700 11563 
1179573426 12027 38366 6.379978 74 2903 1784 97.686539 0.170778 0.111183 11626 
1179673426 12044 38462 6.386915 74 2902 1795 97.938725 0.170838 0.111431 11662 
1179773426 12066 38619 6.401293 74 2902 1794 98.429803 0.169923 0.111640 11719 
1179873426 12091 38770 6.413034 74 2908 1791 98.828219 0.169819 0.111276 11778 
1179973426 12135 39001 6.427853 74 2924 1783 99.451998 0.170467 0.110973 11886 
1180073426 12170 39212 6.444043 74 2935 1777 100.103533 0.170589 0.111209 11990 
1180173426 12189 39325 6.452539 74 2941 1774 100.452539 0.170417 0.111086 12035 
1180273426 12206 39428 6.460429 74 2940 1785 100.734065 0.170092 0.111303 12074 
1180373426 12241 39578 6.466465 75 2944 1798 101.014786 0.170312 0.111402 12129 
1180473426 12265 39759 6.483327 75 2946 1795 101.568202 0.170981 0.111699 12217 
1180573426 12300 39995 6.503252 76 2953 1803 102.385854 0.170334 0.111861 12328 
1180673426 12330 40181 6.517599 76 2960 1806 102.955069 0.170872 0.111455 12409 
1180773426 12352 40321 6.528659 76 2964 1805 103.413212 0.170444 0.111142 12470 
1180873426 12370 40415 6.534357 76 2967 1804 103.643331 0.170508 0.111149 12503 
1180973426 12392 40528 6.540994 76 2971 1810 103.943996 0.170598 0.111411 12546 
1181073426 12441 40702 6.543204 77 2993 1811 104.219757 0.170472 0.111118 12607 
1181173426 12477 40864 6.550293 77 3009 1814 104.588603 0.170588 0.111032 12679 
1181273426 12519 41038 6.556115 77 3022 1822 104.885694 0.170502 0.111354 12746 
1181373426 12547 41162 6.561250 77 3029 1825 105.124412 0.170901 0.110997 12792 
1181473426 12573 41272 6.565179 77 3033 1833 105.334606 0.170909 0.111231 12839 
1181573426 12596 41410 6.575103 77 3037 1824 105.647666 0.170641 0.111013 12898 
1181673426 12635 41617 6.587574 77 3052 1826 106.173486 0.171007 0.110923 12992 
1181773426 12685 41824 6.594245 77 3068 1838 106.594245 0.171742 0.110578 13066 
1181873426 12720 42032 6.608805 78 3072 1853 107.205031 0.171406 0.110790 13156 
1181973426 12746 42191 6.620273 78 3075 1860 107.658873 0.171416 0.110473 13204 
1182073426 12774 42333 6.627994 78 3084 1864 108.044309 0.170992 0.110144 13252 
1182173426 12799 42472 6.636768 78 3094 1862 108.445191 0.170770 0.109983 13299 
1182273426 12829 42655 6.649778 78 3100 1867 108.987450 0.170140 0.110582 13386 
1182373426 12859 42827 6.661016 78 3107 1872 109.544288 0.169629 0.110700 13466 
1182473426 12900 43038 6.672558 78 3118 1879 110.094109 0.169432 0.110524 13554 
1182573426 12934 43220 6.683161 78 3128 1877 110.544766 0.169393 0.110136 13612 
1182673426 12958 43355 6.691619 78 3133 1884 110.910017 0.169271 0.110150 13660 
1182773426 12996 43496 6.693752 78 3151 1888 111.142198 0.169585 0.109691 13708 
1182873426 13040 43697 6.701994 78 3158 1901 111.610429 0.168998 0.110396 13796 
1182973426 13075 43858 6.708681 79 3171 1905 111.956252 0.169495 0.109903 13856 
1183073426 13122 44047 6.713458 79 3193 1899 112.294467 0.169922 0.109863 13918 
1183173426 13153 44210 6.722421 79 3201 1908 112.711777 0.169504 0.109997 13991 
1183273426 13173 44329 6.730282 79 3203 1908 113.026342 0.169341 0.109925 14031 
1183373426 13199 44472 6.738692 79 3211 1909 113.449201 0.169348 0.109989 14081 
1183473426 13237 44679 6.750623 79 3217 1916 114.056357 0.169323 0.110408 14168 
1183573426 13285 44855 6.752729 79 3240 1916 114.331351 0.168842 0.110049 14234 
1183673426 13314 45017 6.762355 79 3250 1920 114.912423 0.168740 0.110030 14316 
1183773426 13343 45231 6.779735 80 3245 1918 115.538634 0.168900 0.110051 14406 
1183873426 13377 45391 6.786424 80 3252 1928 115.893848 0.168435 0.110131 14466 
1183973426 13409 45543 6.792900 80 3253 1947 116.219703 0.168319 0.110064 14527 
1184073426 13452 45718 6.797205 81 3280 1936 116.504014 0.167875 0.109586 14580 
1184173426 13486 45911 6.808690 81 3287 1945 117.082752 0.167064 0.109691 14652 
1184273426 13521 46120 6.821981 82 3294 1959 117.724133 0.166982 0.109594 14746 
1184373426 13556 46314 6.832989 82 3299 1967 118.305842 0.166694 0.109620 14819 
1184473426 13569 46448 6.846194 82 3286 1982 118.804776 0.166344 0.109675 14880 
1184573426 13598 46651 6.861450 82 3278 1996 119.423445 0.165941 0.109989 14972 
1184673426 13636 46844 6.870637 82 3285 1999 119.832502 0.165564 0.109919 15043 
1184773426 13683 47033 6.874662 83 3308 2004 120.197471 0.165695 0.109764 15113 
1184873426 13726 47263 6.886638 83 3318 2005 120.748944 0.165178 0.110065 15207 
1184973426 13772 47466 6.893116 83 3328 2019 121.226401 0.165377 0.110080 15294 
1185073426 13811 47618 6.895663 83 3343 2024 121.420896 0.165129 0.110046 15348 
1185173426 13840 47764 6.902312 83 3348 2027 121.751156 0.165062 0.110311 15403 
1185273426 13867 47906 6.909353 83 3361 2015 122.128651 0.164954 0.110056 15462 
1185373426 13906 48076 6.914425 83 3383 2014 122.442399 0.164832 0.109830 15544 
1185473426 13942 48266 6.923827 83 3388 2026 122.904031 0.165197 0.109702 15633 
1185573426 13986 48454 6.928929 85 3410 2030 123.300157 0.164881 0.110009 15718 
1185673426 14010 48580 6.935046 85 3419 2027 123.613990 0.164616 0.110190 15770 
1185773426 14051 48764 6.941001 85 3427 2036 123.960430 0.164399 0.109880 15843 
1185873426 14090 48960 6.949610 86 3440 2032 124.422001 0.164223 0.110062 15919 
1185973426 14118 49132 6.960193 86 3440 2040 124.959484 0.164083 0.110047 16008 
1186073426 14159 49333 6.968430 86 3448 2060 125.436542 0.163889 0.110242 16097 
1186173426 14208 49547 6.974521 87 3469 2070 125.925253 0.163786 0.109963 16181 
1186273426 14234 49698 6.982998 87 3475 2074 126.329212 0.162940 0.109876 16235 
1186373426 14272 49879 6.989770 87 3493 2078 126.700673 0.162916 0.109552 16312 
1186473426 14315 50120 7.002445 87 3497 2084 127.298079 0.162449 0.109958 16406 
1186573426 14348 50334 7.016170 88 3503 2083 127.917201 0.162493 0.110193 16504 
1186673426 14387 50583 7.031765 88 3502 2091 128.599291 0.161882 0.109986 16602 
1186773426 14425 50777 7.040139 88 3507 2106 129.125407 0.162013 0.110514 16697 
1186873426 14455 50919 7.045175 88 3511 2123 129.362850 0.162404 0.110816 16760 
1186973426 14478 51059 7.053322 89 3512 2132 129.716812 0.162282 0.110937 16818 
1187073426 14511 51236 7.061677 89 3518 2133 130.122941 0.162482 0.110801 16889 
1187173426 14547 51436 7.071699 89 3523 2139 130.595587 0.162580 0.110694 16966 
1187273426 14584 51600 7.076248 89 3531 2152 130.913193 0.162899 0.110882 17029 
1187373426 14615 51802 7.088881 89 3522 2172 131.470407 0.162808 0.111349 17145 
1187473426 14643 51981 7.099775 89 3532 2167 131.939903 0.163604 0.111147 17228 
1187573426 14669 52136 7.108324 91 3533 2171 132.289045 0.163776 0.111220 17292 
1187673426 14702 52373 7.124609 91 3523 2181 132.967487 0.164384 0.111239 17398 
1187773426 14744 52537 7.126560 91 3542 2180 133.245252 0.164185 0.111015 17461 
1187873426 14778 52694 7.131412 92 3554 2174 133.479632 0.164820 0.111117 17528 
1187973426 14824 52879 7.134242 92 3573 2182 133.791419 0.164900 0.111347 17612 
1188073426 14851 53058 7.145377 92 3574 2191 134.345162 0.164564 0.111312 17694 
1188173426 14876 53233 7.156897 92 3575 2195 134.940979 0.164187 0.111338 17775 
1188273426 14916 53463 7.168544 93 3586 2195 135.604586 0.163883 0.111249 17870 
1188373426 14953 53667 7.178091 93 3597 2203 136.088945 0.163977 0.111299 17961 
1188473426 14981 53846 7.188572 93 3603 2200 136.593285 0.163347 0.111232 18039 
1188573426 15010 54020 7.197868 93 3604 2201 137.075283 0.163533 0.111452 18126 
1188673426 15039 54173 7.204335 94 3610 2200 137.388523 0.163407 0.111664 18203 
1188773426 15070 54326 7.209821 94 3622 2201 137.741208 0.162997 0.111753 18272 
1188873426 15096 54462 7.215421 95 3625 2206 138.032724 0.162762 0.112098 18334 
1188973426 15135 54687 7.226561 95 3623 2219 138.587645 0.163363 0.112171 18441 
1189073426 15174 54898 7.235798 97 3635 2221 139.140503 0.163452 0.112014 18562 
1189173426 15207 55073 7.243112 97 3643 2222 139.585717 0.162665 0.112142 18632 
1189273426 15246 55233 7.245573 97 3655 2233 139.864883 0.162661 0.112221 18707 
1189373426 15273 55399 7.254501 97 3669 2227 140.265698 0.162716 0.112127 18783 
1189473426 15333 55628 7.255984 97 3697 2232 140.574839 0.162766 0.112107 18902 
1189573426 15376 55846 7.264048 97 3713 2231 141.098595 0.162864 0.112004 18994 
1189673426 15418 56013 7.265923 97 3740 2240 141.437281 0.162829 0.111760 19086 
1189773426 15441 56152 7.273104 97 3741 2243 141.751700 0.162974 0.112190 19147 
1189873426 15480 56321 7.276615 97 3757 2241 142.048708 0.162786 0.112215 19223 
1189973426 15510 56483 7.283430 97 3761 2233 142.376144 0.162701 0.111948 19284 
1190073426 15563 56697 7.286127 98 3775 2248 142.728651 0.162450 0.112074 19391 
1190173426 15612 56943 7.294773 100 3778 2265 143.377018 0.161555 0.112275 19503 
1190273426 15667 57184 7.299930 100 3800 2272 143.798430 0.161900 0.112296 19596 
1190373426 15714 57405 7.306224 100 3813 2284 144.263332 0.162574 0.112112 19686 
1190473426 15750 57574 7.310984 100 3824 2288 144.661206 0.162027 0.111541 19752 
1190573426 15795 57726 7.309402 100 3844 2299 144.782653 0.162065 0.111359 19816 
1190673426 15846 57909 7.308974 100 3870 2313 145.018049 0.162112 0.110989 19894 
1190773426 15914 58135 7.306146 100 3896 2325 145.186377 0.162163 0.110892 19969 
1190873426 15965 58393 7.315127 101 3909 2327 145.801065 0.161680 0.111209 20077 
1190973426 16013 58601 7.319178 101 3939 2314 146.191469 0.161215 0.110871 20164 
1191073426 16050 58731 7.318505 101 3956 2323 146.358879 0.160848 0.110904 20218 
1191173426 16092 58872 7.316928 101 3982 2320 146.578300 0.161000 0.110880 20275 
1191273426 16160 59099 7.314233 101 4018 2324 146.793564 0.161264 0.110721 20368 
1191373426 16211 59360 7.323422 101 4043 2319 147.433348 0.160973 0.110237 20466 
1191473426 16270 59588 7.324892 101 4073 2315 147.744929 0.161262 0.110057 20560 
1191573426 16322 59794 7.326798 101 4101 2315 148.037618 0.161700 0.110097 20652 
1191673426 16367 59948 7.325472 101 4122 2325 148.259424 0.161885 0.110049 20719 
1191773426 16400 60066 7.325122 101 4139 2326 148.413415 0.161826 0.109927 20764 
1191873426 16443 60279 7.331874 101 4153 2335 148.884997 0.161433 0.109796 20854 
1191973426 16499 60514 7.335475 101 4162 2359 149.216195 0.161337 0.109841 20948 
1192073426 16556 60719 7.334984 101 4185 2373 149.522832 0.161617 0.109883 21036 
1192173426 16607 60919 7.336545 102 4202 2389 149.869332 0.161272 0.109956 21117 
1192273426 16641 61047 7.336939 102 4219 2392 150.047353 0.161685 0.109670 21164 
1192373426 16670 61168 7.338692 102 4233 2398 150.289142 0.161542 0.109385 21216 
1192473426 16707 61348 7.343988 102 4249 2406 150.667026 0.161555 0.109262 21298 
1192573426 16758 61601 7.351832 102 4267 2419 151.195489 0.161439 0.109295 21410 
1192673426 16810 61836 7.357049 103 4282 2444 151.719453 0.161191 0.109489 21512 
1192773426 16874 62062 7.355932 104 4318 2445 151.982932 0.161339 0.109406 21611 
1192873426 16902 62194 7.359366 104 4329 2442 152.276417 0.161054 0.109575 21672 
1192973426 16920 62277 7.361348 104 4334 2445 152.417376 0.161219 0.109607 21708 
1193073426 16949 62425 7.366216 104 4339 2455 152.729365 0.160665 0.109692 21768 
1193173426 16990 62665 7.376692 105 4352 2462 153.315480 0.160276 0.110018 21872 
1193273426 17044 62892 7.379958 105 4377 2464 153.691504 0.160435 0.110024 21979 
1193373426 17101 63101 7.379802 105 4404 2480 154.011461 0.160476 0.110251 22062 
1193473426 17124 63240 7.386125 106 4414 2477 154.407498 0.160136 0.110499 22143 
1193573426 17146 63325 7.386562 106 4420 2487 154.527470 0.160337 0.110692 22183 
1193673426 17174 63434 7.387213 106 4435 2492 154.763130 0.160088 0.110537 22227 
1193773426 17221 63647 7.391789 106 4447 2508 155.178909 0.160151 0.110591 22306 
1193873426 17264 63829 7.394462 106 4470 2506 155.522706 0.160115 0.110471 22373 
1193973426 17302 64026 7.400994 106 4487 2505 156.031904 0.160182 0.110062 22465 
1194073426 17340 64183 7.402884 106 4502 2508 156.287889 0.159964 0.110133 22532 
1194173426 17360 64308 7.408756 106 4512 2503 156.635714 0.159826 0.110244 22593 
1194273426 17394 64444 7.409911 106 4522 2514 156.861906 0.160092 0.110396 22651 
1194373426 17446 64652 7.411670 107 4543 2521 157.128740 0.160030 0.110607 22736 
1194473426 17482 64854 7.419517 107 4558 2521 157.699691 0.159959 0.110242 22816 
1194573426 17528 65086 7.426518 108 4574 2528 158.281835 0.159478 0.110368 22915 
1194673426 17576 65273 7.427515 108 4599 2538 158.619140 0.159600 0.110371 23006 
1194773426 17604 65401 7.430243 108 4603 2542 158.866848 0.159627 0.110118 23053 
1194873426 17636 65535 7.431957 108 4623 2543 159.097414 0.159656 0.109961 23111 
1194973426 17687 65767 7.436761 109 4644 2544 159.509131 0.159201 0.109969 23199 
1195073426 17734 65976 7.440623 109 4666 2543 159.868614 0.159196 0.109718 23291 
1195173426 17779 66179 7.444626 109 4681 2549 160.257045 0.159002 0.109617 23365 
1195273426 17826 66348 7.443958 109 4701 2561 160.475261 0.159170 0.109436 23416 
1195373426 17848 66480 7.449574 109 4709 2559 160.808046 0.159141 0.109514 23479 
1195473426 17879 66617 7.451983 109 4719 2563 161.091448 0.159172 0.109465 23537 
1195573426 17919 66825 7.458564 109 4734 2574 161.572074 0.158861 0.109514 23626 
1195673426 17955 66996 7.462657 109 4739 2584 161.857533 0.158995 0.109413 23707 
1195773426 17980 67120 7.466073 109 4748 2590 162.131591 0.158938 0.109550 23760 
1195873426 18006 67225 7.466955 109 4758 2597 162.234477 0.159167 0.109360 23809 
1195973426 18030 67358 7.471769 109 4760 2603 162.533888 0.158840 0.109530 23869 
1196073426 18050 67512 7.480554 110 4757 2611 163.043989 0.158474 0.109642 23942 
1196173426 18096 67706 7.482980 111 4776 2613 163.337202 0.158068 0.109888 24020 
1196273426 18139 67902 7.486852 111 4785 2631 163.719389 0.157684 0.110019 24105 
1196373426 18181 68092 7.490457 111 4798 2645 164.154997 0.157482 0.110180 24200 
1196473426 18214 68274 7.496871 111 4805 2659 164.645328 0.157076 0.110374 24285 
1196573426 18239 68399 7.500302 111 4816 2663 164.916827 0.157004 0.110185 24328 
1196673426 18272 68529 7.500985 111 4828 2674 165.106830 0.157074 0.110511 24370 
1196773426 18295 68702 7.510467 111 4829 2681 165.649522 0.156402 0.110806 24475 
1196873426 18325 68891 7.518799 111 4839 2686 166.146576 0.156066 0.110972 24567 
1196973426 18363 69059 7.521538 112 4855 2688 166.471056 0.155844 0.110716 24643 
1197073426 18402 69267 7.528203 112 4870 2689 166.936420 0.155784 0.110671 24742 
1197173426 18427 69409 7.533402 112 4873 2699 167.339773 0.155477 0.110970 24809 
1197273426 18464 69542 7.532712 112 4885 2708 167.446924 0.155679 0.111051 24864 
1197373426 18499 69682 7.533596 112 4900 2714 167.690145 0.155927 0.111007 24935 
1197473426 18536 69863 7.538088 112 4924 2709 168.091606 0.156007 0.110777 25023 
1197573426 18574 70032 7.540864 112 4939 2714 168.391838 0.156124 0.110638 25090 
1197673426 18614 70192 7.541850 112 4946 2731 168.641990 0.155863 0.110431 25149 
1197773426 18640 70302 7.543133 113 4953 2739 168.852253 0.155554 0.110317 25200 
1197873426 18673 70447 7.545333 113 4969 2738 169.076956 0.155730 0.110186 25267 
1197973426 18697 70556 7.547307 113 4983 2728 169.283949 0.155731 0.110109 25318 
1198073426 18741 70705 7.545489 113 5001 2739 169.461288 0.155393 0.110371 25381 
1198173426 18790 70865 7.542842 113 5027 2747 169.599042 0.155547 0.110585 25457 
1198273426 18825 71022 7.545498 113 5044 2751 169.947623 0.155706 0.110518 25537 
1198373426 18852 71141 7.547316 113 5056 2746 170.140675 0.155604 0.110577 25597 
1198473426 18873 71235 7.548879 113 5056 2756 170.332750 0.155632 0.110734 25635 
1198573426 18892 71349 7.553356 113 5054 2766 170.670972 0.155207 0.111000 25680 
1198673426 18899 71412 7.557225 113 5054 2769 170.844807 0.155193 0.111070 25714 
1198773426 18923 71513 7.558315 113 5067 2764 170.977963 0.155083 0.111213 25768 
1198873426 18948 71666 7.564492 113 5071 2765 171.359932 0.154902 0.111158 25837 
1198973426 18971 71822 7.571767 113 5070 2773 171.740973 0.154755 0.111434 25908 
1199073426 19008 71956 7.571128 113 5088 2777 171.906355 0.155015 0.111446 25966 
1199173426 19033 72083 7.574528 113 5094 2785 172.224452 0.154981 0.111636 26036 
1199273426 19060 72219 7.578069 113 5105 2782 172.488877 0.154887 0.111447 26096 
1199373426 19093 72336 7.577227 113 5119 2790 172.564605 0.154670 0.111443 26144 
1199473426 19121 72471 7.580252 113 5125 2801 172.853512 0.154630 0.111652 26201 
1199573426 19150 72585 7.580679 113 5137 2809 173.027676 0.154547 0.111691 26250 
1199673426 19188 72694 7.577027 113 5157 2817 173.080050 0.154321 0.111686 26298 
1199773426 19215 72832 7.580744 113 5167 2819 173.407130 0.154200 0.111828 26363 
1199873426 19238 72950 7.583948 113 5168 2832 173.673979 0.153983 0.112035 26408 
1199973426 19263 73074 7.586980 113 5178 2838 174.014743 0.153624 0.111902 26454 
1200073426 19305 73210 7.584564 113 5198 2846 174.099663 0.153772 0.111963 26517 
1200173426 19337 73348 7.586285 113 5215 2844 174.407923 0.153659 0.111980 26595 
1200273426 19364 73456 7.586862 113 5223 2858 174.556290 0.153631 0.112220 26655 
1200373426 19401 73619 7.589196 113 5236 2873 174.880161 0.153611 0.112297 26736 
1200473426 19441 73776 7.589733 113 5256 2876 175.104058 0.153719 0.112287 26799 
1200573426 19478 73920 7.590102 114 5282 2874 175.291508 0.153731 0.112026 26864 
1200673426 19513 74075 7.592374 114 5290 2885 175.547789 0.153671 0.111779 26919 
1200773426 19539 74185 7.593531 114 5304 2887 175.737448 0.153400 0.111578 26962 
1200873426 19557 74300 7.598302 114 5304 2892 176.045406 0.153317 0.111660 27025 
1200973426 19593 74457 7.600367 114 5327 2888 176.324402 0.153055 0.111465 27090 
1201073426 19642 74630 7.599023 114 5342 2910 176.523165 0.153263 0.111501 27158 
1201173426 19682 74780 7.598821 114 5362 2913 176.697592 0.153420 0.111594 27230 
1201273426 19721 74942 7.600223 114 5384 2906 176.956949 0.153017 0.111736 27293 
1201373426 19777 75192 7.603984 114 5403 2911 177.413966 0.153226 0.111498 27418 
1201473426 19809 75346 7.607249 114 5409 2920 177.692261 0.153256 0.111549 27482 
1201573426 19863 75564 7.608518 115 5437 2924 178.057796 0.152971 0.111148 27571 
1201673426 19911 75797 7.613580 116 5450 2930 178.480237 0.153302 0.111148 27681 
1201773426 19955 75949 7.612027 116 5476 2933 178.649161 0.153284 0.111031 27750 
1201873426 19989 76087 7.612887 116 5496 2933 178.873881 0.153341 0.111066 27814 
1201973426 20017 76208 7.614328 116 5506 2939 179.035020 0.153638 0.110827 27864 
1202073426 20044 76301 7.613351 116 5520 2948 179.165436 0.153668 0.110704 27905 
1202173426 20074 76427 7.614526 116 5525 2962 179.370728 0.153529 0.110698 27959 
1202273426 20090 76507 7.616426 116 5529 2964 179.527227 0.153564 0.110571 27989 
1202373426 20130 76662 7.616692 117 5542 2966 179.710979 0.153623 0.110604 28061 
1202473426 20180 76825 7.613974 117 5571 2968 179.849950 0.153473 0.110248 28124 
1202573426 20216 77030 7.620696 117 5580 2975 180.326672 0.154057 0.109943 28221 
1202673426 20247 77156 7.621475 117 5596 2980 180.519583 0.154125 0.109766 28292 
1202773426 20287 77364 7.626953 117 5610 2983 181.004288 0.154284 0.109739 28406 
1202873426 20331 77588 7.632482 117 5619 2989 181.497713 0.154328 0.110003 28506 
1202973426 20377 77815 7.637533 117 5629 3007 182.006085 0.154250 0.109728 28618 
1203073426 20411 77984 7.641370 117 5644 3015 182.374308 0.154071 0.109758 28701 
1203173426 20448 78106 7.639476 118 5664 3016 182.480829 0.153997 0.109660 28755 
1203273426 20473 78236 7.642847 118 5674 3020 182.792654 0.153678 0.109838 28822 
1203373426 20509 78435 7.648837 118 5683 3028 183.341947 0.153718 0.110057 28930 
1203473426 20554 78648 7.652817 119 5692 3041 183.758879 0.153579 0.110064 29032 
1203573426 20598 78843 7.655403 119 5706 3051 184.123507 0.153481 0.110039 29138 
1203673426 20625 78987 7.659345 119 5711 3067 184.479709 0.153598 0.109817 29209 
1203773426 20660 79128 7.660019 120 5723 3074 184.704163 0.153767 0.109883 29269 
1203873426 20679 79233 7.663137 120 5724 3077 184.918323 0.153852 0.110158 29326 
1203973426 20729 79405 7.661248 121 5748 3083 185.120556 0.153865 0.109982 29384 
1204073426 20775 79615 7.664501 121 5768 3085 185.478315 0.153708 0.109922 29468 
1204173426 20833 79844 7.665147 121 5793 3095 185.857822 0.154039 0.109709 29564 
1204273426 20886 80036 7.664081 121 5812 3105 186.051135 0.154192 0.109393 29634 
1204373426 20915 80157 7.665025 121 5822 3109 186.189433 0.154320 0.109306 29687 
1204473426 20945 80324 7.669993 122 5827 3117 186.626975 0.154061 0.109568 29774 
1204573426 20975 80483 7.674184 123 5847 3112 187.024362 0.153798 0.109270 29856 
1204673426 21044 80760 7.675347 123 5879 3120 187.487835 0.153724 0.108894 29980 
1204773426 21098 80977 7.676273 123 5900 3127 187.678548 0.154268 0.108767 30075 
1204873426 21150 81185 7.677069 124 5918 3140 188.005296 0.154145 0.108878 30165 
1204973426 21189 81355 7.678984 124 5926 3151 188.303365 0.154036 0.108944 30247 
1205073426 21230 81490 7.676872 124 5946 3153 188.401696 0.153977 0.108639 30301 
1205173426 21276 81671 7.677289 124 5969 3158 188.650780 0.153929 0.108386 30368 
1205273426 21331 81881 7.677183 124 5995 3160 188.863813 0.153765 0.108038 30447 
1205373426 21381 82087 7.678500 124 6018 3163 189.111922 0.153873 0.107855 30525 
1205473426 21420 82269 7.681513 124 6028 3174 189.414566 0.153820 0.107986 30596 
1205573426 21454 82392 7.680805 124 6046 3181 189.594761 0.153792 0.108115 30664 
1205673426 21470 82470 7.682347 124 6048 3185 189.718305 0.153750 0.108182 30709 
1205773426 21510 82627 7.682659 124 6068 3189 189.956578 0.153628 0.108156 30776 
1205873426 21582 82862 7.678806 124 6109 3196 190.071356 0.153945 0.108068 30872 
1205973426 21613 83043 7.684542 125 6107 3208 190.531532 0.153852 0.108189 30958 
1206073426 21655 83230 7.686908 125 6107 3233 190.804341 0.153889 0.108447 31033 
1206173426 21685 83378 7.689924 125 6117 3230 191.136823 0.153908 0.108288 31111 
1206273426 21712 83505 7.692060 125 6127 3233 191.335667 0.154050 0.108198 31170 
1206373426 21737 83626 7.694346 125 6138 3234 191.577587 0.153893 0.108352 31229 
1206473426 21794 83837 7.693585 126 6161 3246 191.837845 0.154077 0.108264 31321 
1206573426 21833 84027 7.697247 126 6168 3252 192.201255 0.153985 0.108229 31415 
1206673426 21881 84293 7.704675 126 6173 3270 192.772360 0.153909 0.108461 31555 
1206773426 21925 84501 7.708187 126 6188 3272 193.147184 0.153449 0.108329 31642 
1206873426 21969 84660 7.707224 126 6201 3291 193.290910 0.153591 0.108124 31708 
1206973426 22008 84868 7.712468 126 6215 3301 193.725463 0.153579 0.108393 31810 
1207073426 22058 85097 7.715749 126 6228 3312 194.144075 0.153462 0.108439 31914 
1207173426 22132 85375 7.715073 126 6250 3335 194.465841 0.153662 0.108738 32042 
1207273426 22187 85649 7.720647 126 6254 3359 194.957948 0.153563 0.109077 32159 
1207373426 22242 85877 7.722057 126 6277 3363 195.329916 0.153656 0.109137 32272 
1207473426 22288 86024 7.719311 126 6304 3361 195.459889 0.153516 0.108986 32332 
1207573426 22328 86226 7.723576 126 6316 3359 195.855697 0.153769 0.109077 32429 
1207673426 22371 86450 7.728756 126 6330 3367 196.364847 0.153812 0.109001 32529 
1207773426 22425 86683 7.730925 128 6357 3370 196.724013 0.153390 0.108924 32638 
1207873426 22482 86930 7.733298 128 6383 3372 197.135219 0.153458 0.108966 32759 
1207973426 22533 87146 7.734966 129 6410 3367 197.523632 0.153531 0.108518 32835 
1208073426 22555 87260 7.737530 129 6417 3370 197.811660 0.153712 0.108425 32902 
1208173426 22590 87411 7.738911 129 6433 3363 198.050553 0.153993 0.108303 32976 
1208273426 22650 87639 7.738543 129 6459 3373 198.300397 0.154139 0.108025 33081 
1208373426 22693 87896 7.746530 129 6465 3373 198.862204 0.153974 0.108600 33231 
1208473426 22745 88167 7.752649 130 6477 3384 199.396439 0.153898 0.108619 33377 
1208573426 22802 88421 7.755548 131 6507 3383 199.816858 0.153996 0.108463 33487 
1208673426 22828 88538 7.756965 131 6512 3385 200.012441 0.153872 0.108493 33530 
1208773426 22858 88699 7.760871 131 6517 3398 200.360661 0.153814 0.108585 33599 
1208873426 22903 88917 7.764660 131 6527 3414 200.706894 0.153819 0.108612 33690 
1208973426 22956 89152 7.767207 132 6551 3418 201.098885 0.153999 0.108670 33807 
1209073426 23014 89406 7.769705 132 6568 3433 201.484575 0.153941 0.109052 33944 
1209173426 23061 89570 7.768093 132 6590 3442 201.636009 0.154120 0.108882 34003 
1209273426 23090 89711 7.770550 132 6602 3446 201.933564 0.154061 0.108787 34076 
1209373426 23134 89866 7.769171 132 6627 3454 202.124751 0.154166 0.108487 34136 
1209473426 23192 90081 7.768282 132 6658 3456 202.376164 0.154363 0.108289 34237 
1209573426 23255 90309 7.766846 132 6690 3460 202.584648 0.154335 0.107997 34329 
1209673426 23310 90565 7.770485 132 6703 3477 203.023166 0.154345 0.107859 34437 
1209773426 23358 90808 7.775323 132 6712 3483 203.475726 0.154213 0.107811 34541 
1209873426 23383 90990 7.782577 132 6717 3479 203.939272 0.154319 0.107921 34642 
1209973426 23427 91184 7.784522 132 6725 3495 204.254151 0.154311 0.108002 34745 
1210073426 23476 91411 7.787613 132 6741 3502 204.643380 0.154262 0.108279 34861 
1210173426 23532 91623 7.787098 132 6765 3510 204.871069 0.154422 0.108169 34946 
1210273426 23579 91853 7.791085 133 6776 3528 205.288519 0.154569 0.108300 35060 
1210373426 23627 92054 7.792272 133 6794 3529 205.544250 0.154507 0.108545 35152 
1210473426 23672 92229 7.792244 133 6814 3528 205.782697 0.154305 0.108610 35221 
1210573426 23716 92417 7.793641 133 6818 3544 206.009867 0.154237 0.108651 35306 
1210673426 23759 92600 7.794941 133 6832 3561 206.259439 0.154327 0.108651 35396 
1210773426 23812 92817 7.795817 134 6853 3566 206.543088 0.154304 0.108419 35487 
1210873426 23865 93067 7.799455 134 6870 3574 206.936183 0.154332 0.108275 35612 
1210973426 23911 93271 7.801514 135 6898 3571 207.282757 0.154196 0.108262 35709 
1211073426 23960 93431 7.798915 136 6925 3572 207.393573 0.154259 0.108095 35777 
1211173426 23999 93605 7.800742 136 6933 3589 207.683320 0.154364 0.108081 35870 
1211273426 24057 93825 7.800224 136 6952 3604 207.964418 0.154434 0.107850 35973 
1211373426 24104 94039 7.802771 136 6976 3603 208.322353 0.154281 0.107854 36076 
1211473426 24153 94259 7.805159 136 6980 3624 208.633544 0.153984 0.108019 36182 
1211573426 24210 94488 7.805700 136 7002 3631 208.928625 0.154285 0.107977 36287 
1211673426 24241 94663 7.810156 136 7005 3645 209.293593 0.154493 0.108095 36363 
1211773426 24274 94807 7.811403 136 7010 3661 209.515696 0.154289 0.108161 36425 
1211873426 24315 94980 7.812461 136 7024 3670 209.752087 0.154107 0.108338 36505 
1211973426 24366 95172 7.811869 136 7055 3679 210.030370 0.154087 0.108207 36607 
1212073426 24415 95397 7.814622 138 7065 3700 210.341020 0.154085 0.108582 36703 
1212173426 24468 95660 7.819192 138 7085 3703 210.856874 0.153861 0.108615 36821 
1212273426 24520 95823 7.815905 138 7106 3719 210.945840 0.153917 0.108451 36884 
1212373426 24557 95969 7.816020 138 7114 3736 211.088488 0.154056 0.108435 36950 
1212473426 24615 96216 7.817672 139 7134 3739 211.462848 0.153984 0.108080 37060 
1212573426 24668 96438 7.818875 139 7143 3760 211.700259 0.154141 0.107941 37144 
1212673426 24726 96634 7.816388 139 7169 3771 211.781526 0.154375 0.107919 37227 
1212773426 24792 96875 7.815021 139 7183 3799 212.016376 0.154388 0.108137 37325 
1212873426 24844 97083 7.815408 139 7196 3813 212.190066 0.154327 0.108171 37397 
1212973426 24899 97257 7.812121 139 7207 3836 212.254789 0.154310 0.108312 37468 
1213073426 24964 97472 7.809005 139 7235 3847 212.423890 0.154343 0.108267 37567 
1213173426 25020 97684 7.808473 139 7255 3857 212.566027 0.154428 0.108033 37642 
1213273426 25073 97900 7.809197 139 7272 3861 212.829817 0.154813 0.108070 37743 
1213373426 25127 98115 7.809528 140 7285 3879 213.080909 0.154984 0.107996 37831 
1213473426 25165 98274 7.810372 140 7292 3895 213.321280 0.154818 0.107806 37900 
1213573426 25211 98446 7.809766 140 7302 3905 213.409702 0.155036 0.107827 37958 
1213673426 25280 98707 7.809098 140 7320 3924 213.612184 0.155263 0.107889 38069 
1213773426 25330 98961 7.813739 140 7330 3926 214.001421 0.155132 0.108070 38179 
1213873426 25368 99154 7.817250 141 7332 3942 214.372832 0.155023 0.108235 38277 
1213973426 25434 99381 7.814815 141 7366 3947 214.593064 0.154981 0.108187 38376 
1214073426 25486 99565 7.813309 141 7381 3966 214.721259 0.154881 0.108353 38448 
1214173426 25529 99747 7.814407 142 7394 3980 214.964472 0.154928 0.108360 38535 
1214273426 25607 100027 7.812473 142 7397 4013 215.045261 0.155202 0.108670 38637 
1214373426 25679 100301 7.811909 143 7419 4039 215.386970 0.155028 0.109053 38783 
1214473426 25736 100535 7.812791 143 7438 4056 215.694902 0.155278 0.108874 38901 
1214573426 25816 100779 7.807484 143 7471 4077 215.705531 0.155394 0.108482 38978 
1214673426 25890 101002 7.802395 143 7492 4097 215.716570 0.155397 0.108315 39059 
1214773426 25939 101214 7.804002 143 7506 4107 215.984117 0.155555 0.108461 39159 
1214873426 26015 101489 7.802345 143 7547 4097 216.202652 0.155549 0.108566 39259 
1214973426 26087 101778 7.802967 143 7571 4118 216.570782 0.155813 0.108361 39397 
1215073426 26141 102061 7.808500 143 7566 4145 217.090088 0.155568 0.108334 39524 
1215173426 26203 102250 7.804450 143 7598 4163 217.113155 0.155562 0.108012 39599 
1215273426 26235 102383 7.805070 144 7604 4175 217.292091 0.155140 0.108208 39651 
1215373426 26276 102563 7.806592 144 7610 4188 217.511874 0.155162 0.108530 39735 
1215473426 26349 102821 7.804547 144 7625 4214 217.662834 0.155321 0.108458 39830 
1215573426 26439 103129 7.801278 144 7662 4227 217.801732 0.155569 0.108088 39970 
1215673426 26525 103420 7.797926 147 7692 4243 218.006937 0.155341 0.108223 40101 
1215773426 26589 103654 7.796758 149 7708 4259 218.218436 0.155327 0.108343 40185 
1215873426 26630 103845 7.799099 149 7711 4273 218.510552 0.155433 0.108531 40286 
1215973426 26674 104048 7.801455 149 7717 4284 218.820124 0.155056 0.108610 40381 
1216073426 26736 104298 7.802065 150 7728 4304 219.071364 0.154952 0.108973 40489 
1216173426 26823 104647 7.802781 150 7748 4316 219.452485 0.154718 0.108854 40632 
1216273426 26898 104929 7.801993 150 7762 4346 219.604208 0.154761 0.109338 40752 
1216373426 26969 105169 7.799251 151 7783 4351 219.722125 0.154752 0.109348 40840 
1216473426 27008 105369 7.802799 151 7790 4356 220.096934 0.154962 0.109210 40936 
1216573426 27057 105571 7.803600 152 7795 4371 220.324796 0.154955 0.109439 41021 
1216673426 27151 105873 7.798829 152 7829 4390 220.443520 0.155183 0.109145 41143 
1216773426 27253 106211 7.794445 152 7861 4406 220.578579 0.155301 0.109186 41267 
1216873426 27368 106553 7.786685 152 7932 4417 220.710319 0.155154 0.108571 41411 
1216973426 27456 106837 7.782416 152 7969 4434 220.847101 0.154881 0.108585 41538 
1217073426 27521 107068 7.780822 152 7999 4443 221.058464 0.154613 0.108255 41635 
1217173426 27590 107292 7.777601 152 8030 4459 221.151069 0.154725 0.108235 41743 
1217273426 27673 107586 7.775521 152 8073 4460 221.345210 0.154988 0.107786 41866 
1217373426 27772 107929 7.772505 152 8103 4488 221.598372 0.154936 0.107697 42007 
1217473426 27872 108280 7.769805 152 8134 4515 221.859429 0.154978 0.107766 42157 
1217573426 27950 108619 7.772379 152 8159 4522 222.359213 0.154996 0.107798 42328 
1217673426 28030 108891 7.769604 152 8196 4537 222.540421 0.155063 0.107581 42440 
1217773426 28093 109121 7.768554 152 8212 4550 222.723597 0.154991 0.107784 42546 
1217873426 28185 109454 7.766826 152 8236 4576 222.952847 0.155243 0.107744 42676 
1217973426 28303 109845 7.762075 153 8276 4604 223.122849 0.155426 0.107756 42848 
1218073426 28426 110249 7.756913 153 8341 4601 223.242595 0.155653 0.107701 42995 
1218173426 28539 110627 7.752689 154 8391 4611 223.448474 0.155929 0.107887 43176 
1218273426 28592 110888 7.756575 154 8392 4627 223.840795 0.156032 0.107746 43298 
1218373426 28655 111080 7.752923 154 8422 4635 223.862432 0.156047 0.107572 43375 
1218473426 28738 111365 7.750365 154 8448 4647 223.968056 0.156262 0.107722 43512 
1218573426 28852 111725 7.744697 154 8489 4675 224.002565 0.156406 0.107611 43644 
1218673426 28951 112090 7.743429 154 8520 4705 224.304169 0.156498 0.107386 43808 
1218773426 29046 112466 7.743992 156 8540 4727 224.644770 0.156379 0.107477 43953 
1218873426 29138 112765 7.740065 156 8571 4757 224.734093 0.156624 0.107551 44086 
1218973426 29228 113023 7.733885 157 8616 4763 224.711304 0.156645 0.107430 44188 
1219073426 29306 113378 7.737528 157 8625 4797 225.237426 0.156578 0.107373 44349 
1219173426 29435 113821 7.733718 157 8664 4822 225.387260 0.156742 0.107230 44523 
1219273426 29546 114218 7.731537 157 8681 4858 225.550058 0.156815 0.107137 44668 
1219373426 29657 114617 7.729507 157 8723 4874 225.821897 0.156862 0.107254 44839 
1219473426 29758 114972 7.727132 157 8740 4909 225.968143 0.156975 0.107311 44980 
1219573426 29836 115245 7.725231 158 8748 4932 226.056241 0.156942 0.107102 45075 
1219673426 29934 115579 7.722256 159 8768 4955 226.166433 0.156946 0.107188 45197 
1219773426 30072 116020 7.716148 159 8803 4999 226.344240 0.156820 0.107447 45366 
1219873426 30180 116467 7.718158 160 8808 5032 226.596952 0.157115 0.107614 45539 
1219973426 30277 116863 7.719589 160 8821 5078 226.956436 0.157178 0.107537 45697 
1220073426 30383 117180 7.713524 160 8843 5114 226.913142 0.157478 0.107559 45813 
1220173426 30432 117406 7.715957 160 8850 5113 227.165549 0.157415 0.107465 45911 
1220273426 30480 117645 7.719488 160 8842 5130 227.460367 0.157330 0.107607 46000 
1220373426 30532 117889 7.722324 160 8842 5139 227.761824 0.157359 0.107593 46116 
1220473426 30579 118136 7.726610 161 8833 5168 228.090977 0.157327 0.107706 46221 
1220573426 30616 118394 7.734126 161 8817 5192 228.594722 0.157037 0.107801 46337 
1220673426 30692 118667 7.732764 161 8826 5220 228.708654 0.157147 0.107531 46430 
1220773426 30762 118983 7.735713 161 8840 5234 229.086535 0.157137 0.107413 46566 
1220873426 30833 119240 7.734570 162 8849 5257 229.198716 0.157055 0.107769 46667 
1220973426 30928 119702 7.740688 162 8850 5286 229.764615 0.157308 0.107980 46871 
1221073426 31051 120077 7.734179 164 8894 5319 229.876139 0.157356 0.107980 47027 
1221173426 31159 120462 7.732084 165 8899 5370 229.994929 0.157634 0.108410 47174 
1221273426 31277 120846 7.727467 166 8936 5400 230.203984 0.158119 0.108447 47342 
1221373426 31363 121193 7.728406 166 8939 5435 230.462264 0.158092 0.108497 47489 
1221473426 31433 121494 7.730347 166 8944 5457 230.739669 0.157955 0.108565 47626 
1221573426 31528 121869 7.730842 167 8971 5461 230.987630 0.158286 0.108419 47765 
1221673426 31695 122438 7.726014 167 9026 5496 231.164537 0.158668 0.108179 47992 
1221773426 31814 122915 7.727101 167 9037 5538 231.600302 0.158768 0.108635 48181 
1221873426 31929 123320 7.724639 167 9074 5545 231.810267 0.158873 0.108545 48337 
1221973426 32034 123677 7.721608 167 9084 5574 231.879128 0.158721 0.108591 48469 
1222073426 32119 124018 7.722407 168 9099 5603 232.132881 0.158848 0.108620 48620 
1222173426 32225 124431 7.722638 168 9131 5605 232.367975 0.158972 0.108777 48786 
1222273426 32352 124846 7.717977 168 9188 5618 232.503276 0.159048 0.108478 48944 
1222373426 32467 125284 7.717621 168 9214 5633 232.703422 0.159387 0.108485 49117 
1222473426 32579 125678 7.715277 168 9241 5663 232.976028 0.159182 0.108426 49289 
1222573426 32659 125946 7.712790 169 9261 5676 233.069537 0.159153 0.108475 49386 
1222673426 32765 126305 7.709751 169 9283 5708 233.169419 0.159074 0.108726 49522 
1222773426 32857 126749 7.715190 170 9276 5727 233.632103 0.159121 0.108715 49726 
1222873426 32979 127182 7.712908 173 9301 5739 233.800904 0.159228 0.108544 49895 
1222973426 33085 127693 7.719087 174 9293 5782 234.393169 0.159359 0.108269 50090 
1223073426 33205 128194 7.721367 174 9320 5794 234.742539 0.159526 0.107891 50277 
1223173426 33282 128554 7.725137 175 9314 5813 235.099874 0.159856 0.107871 50438 
1223273426 33367 128887 7.725417 176 9327 5832 235.336890 0.159813 0.107865 50569 
1223373426 33470 129303 7.726501 176 9338 5860 235.700090 0.159907 0.107732 50738 
1223473426 33600 129803 7.726369 176 9366 5882 236.029226 0.160092 0.107863 50969 
1223573426 33747 130243 7.718790 177 9427 5899 235.976650 0.160235 0.107447 51111 
1223673426 33870 130766 7.721642 177 9421 5948 236.443992 0.160296 0.107648 51350 
1223773426 33966 131107 7.719896 177 9451 5960 236.534417 0.160343 0.107548 51470 
1223873426 34055 131529 7.724504 178 9454 5990 236.943944 0.160424 0.107602 51641 
1223973426 34185 132101 7.728594 178 9457 6027 237.479655 0.160669 0.107821 51881 
1224073426 34292 132512 7.728450 178 9488 6043 237.694448 0.161181 0.107716 52028 
1224173426 34417 133017 7.729727 178 9508 6052 238.149054 0.161209 0.107742 52232 
1224273426 34569 133614 7.730279 178 9524 6096 238.490902 0.161054 0.107861 52474 
1224373426 34660 133921 7.727698 178 9552 6109 238.528102 0.161310 0.107965 52603 
1224473426 34754 134299 7.728549 180 9573 6121 238.762272 0.161454 0.107823 52767 
1224573426 34906 134893 7.728929 180 9615 6139 239.115969 0.161861 0.107537 52985 
1224673426 35031 135360 7.728012 180 9657 6153 239.395164 0.161668 0.107576 53149 
1224773426 35171 135926 7.729436 181 9681 6184 239.746325 0.162030 0.107676 53390 
1224873426 35306 136479 7.731207 182 9714 6193 240.058970 0.162278 0.107960 53601 
1224973426 35389 136837 7.733307 184 9733 6195 240.366046 0.162240 0.108212 53773 
1225073426 35476 137159 7.732495 185 9760 6199 240.485680 0.162221 0.108420 53898 
1225173426 35618 137713 7.732776 185 9783 6225 240.847212 0.162299 0.108181 54107 
1225273426 35741 138142 7.730170 185 9808 6262 240.959179 0.162601 0.108222 54279 
1225373426 35845 138580 7.732180 185 9836 6270 241.244469 0.162562 0.108441 54432 
1225473426 35996 139109 7.729137 185 9872 6307 241.454106 0.162692 0.108436 54638 
1225573426 36076 139458 7.731345 185 9868 6334 241.746591 0.162699 0.108517 54781 
1225673426 36153 139785 7.732968 185 9882 6343 242.000774 0.162635 0.108645 54915 
1225773426 36307 140380 7.732944 189 9912 6382 242.344121 0.162684 0.108751 55142 
1225873426 36427 140826 7.731957 189 9935 6391 242.551130 0.162882 0.108798 55326 
1225973426 36549 141290 7.731538 189 9959 6401 242.741744 0.163032 0.108478 55504 
1226073426 36701 141850 7.730035 190 9980 6443 243.000627 0.163094 0.107950 55687 
1226173426 36814 142327 7.732221 190 9990 6470 243.431303 0.163194 0.107815 55887 
1226273426 36907 142783 7.737448 192 9991 6472 243.877530 0.163269 0.107991 56092 
1226373426 37058 143514 7.745372 194 9970 6526 244.599870 0.163241 0.107934 56391 
1226473426 37242 144206 7.744267 195 9990 6589 244.991783 0.163013 0.107728 56652 
1226573426 37404 144774 7.741097 195 10026 6622 245.159288 0.163158 0.107462 56846 
1226673426 37596 145431 7.736515 196 10090 6636 245.286254 0.163191 0.106956 57082 
1226773426 37719 146002 7.741563 196 10081 6683 245.766431 0.163199 0.107079 57324 
1226873426 37825 146482 7.745248 196 10078 6711 246.088936 0.163291 0.107433 57509 
1226973426 37987 147161 7.747966 196 10080 6761 246.490694 0.163447 0.107552 57771 
1227073426 38170 147827 7.745717 196 10138 6784 246.764370 0.163710 0.106967 58034 
1227173426 38309 148401 7.747579 198 10164 6804 247.160876 0.163402 0.106663 58246 
1227273426 38465 148986 7.746575 199 10173 6865 247.378708 0.163483 0.107058 58461 
1227373426 38603 149468 7.743854 199 10205 6899 247.558894 0.163514 0.107121 58649 
1227473426 38708 149923 7.746357 199 10206 6928 247.864679 0.163524 0.107048 58831 
1227573426 38868 150538 7.746115 199 10233 6950 248.101832 0.163958 0.106844 59064 
1227673426 39046 151229 7.746197 199 10253 6996 248.419556 0.164194 0.106987 59303 
1227773426 39167 151741 7.748411 199 10288 7001 248.769066 0.164267 0.106850 59499 
1227873426 39273 152139 7.747766 201 10312 7007 248.924808 0.164450 0.107057 59647 
1227973426 39382 152553 7.747347 202 10324 7034 249.089787 0.164423 0.106982 59790 
1228073426 39521 153047 7.745098 203 10355 7052 249.266770 0.164352 0.107056 59983 
1228173426 39662 153673 7.749130 203 10363 7058 249.715546 0.164344 0.106923 60206 
1228273426 39851 154410 7.749366 204 10403 7071 249.956839 0.164883 0.107061 60474 
1228373426 40002 155157 7.757462 204 10407 7085 250.554022 0.164829 0.107243 60771 
1228473426 40175 155812 7.756665 204 10445 7089 250.775607 0.164991 0.107224 61027 
1228573426 40291 156362 7.761634 205 10438 7134 251.287285 0.164785 0.106962 61248 
1228673426 40406 156891 7.765728 205 10433 7163 251.669109 0.164731 0.106986 61466 
1228773426 40562 157583 7.769982 206 10434 7196 252.105813 0.165140 0.107121 61732 
1228873426 40753 158325 7.769980 208 10462 7232 252.455279 0.165173 0.107186 62029 
1228973426 40918 159032 7.773205 208 10479 7269 252.947407 0.165336 0.107329 62329 
1229073426 41075 159700 7.776019 208 10478 7324 253.425198 0.165240 0.107076 62588 
1229173426 41194 160172 7.776472 208 10502 7341 253.708404 0.165407 0.107103 62786 
1229273426 41329 160642 7.773815 209 10530 7375 253.820078 0.165618 0.107019 62968 
1229373426 41482 161292 7.776481 209 10532 7426 254.124632 0.165873 0.107039 63212 
1229473426 41686 162102 7.777287 209 10573 7453 254.534664 0.165978 0.106922 63515 
1229573426 41874 162887 7.779863 209 10595 7482 255.023642 0.166262 0.107190 63836 
1229673426 42060 163577 7.778269 209 10616 7540 255.210033 0.166295 0.107003 64077 
1229773426 42191 164154 7.781470 212 10625 7564 255.561518 0.166541 0.107228 64320 
1229873426 42297 164669 7.786321 213 10613 7615 255.975223 0.166447 0.107385 64518 
1229973426 42457 165441 7.793344 214 10605 7641 256.614928 0.166248 0.107730 64807 
1230073426 42626 166225 7.799231 214 10601 7683 257.108291 0.166373 0.107965 65111 
1230173426 42765 166837 7.802502 214 10624 7690 257.489957 0.166712 0.107758 65359 
1230273426 42887 167345 7.803997 214 10640 7708 257.700655 0.166848 0.107934 65552 
1230373426 43006 167810 7.804027 214 10662 7722 257.928057 0.167064 0.107741 65744 
1230473426 43126 168323 7.806103 214 10664 7751 258.252841 0.167190 0.107714 65937 
1230573426 43313 169052 7.806063 214 10711 7744 258.561494 0.167291 0.107369 66220 
1230673426 43538 169862 7.802931 216 10785 7750 258.725665 0.167509 0.106991 66524 
1230773426 43759 170683 7.801047 216 10844 7771 258.992664 0.167704 0.106598 66860 
1230873426 43928 171303 7.799262 216 10900 7784 259.193772 0.168070 0.106481 67111 
1230973426 44100 171970 7.799093 216 10940 7802 259.372018 0.168464 0.106081 67349 
1231073426 44197 172531 7.807362 217 10928 7825 259.975609 0.168345 0.106264 67584 
1231173426 44341 173202 7.812273 217 10938 7848 260.581178 0.168340 0.106133 67855 
1231273426 44489 174122 7.827643 217 10911 7871 261.652319 0.168490 0.105936 68257 
1231373426 44625 175014 7.843765 218 10875 7905 262.799014 0.168134 0.106340 68625 
1231473426 44748 175872 7.860552 218 10843 7924 263.992849 0.168158 0.106323 68990 
1231573426 44847 176602 7.875755 218 10800 7940 264.894553 0.168146 0.106498 69276 
1231673426 44930 177143 7.885288 218 10771 7943 265.524282 0.168164 0.106486 69492 
1231773426 45024 177769 7.896633 218 10749 7937 266.278696 0.168325 0.106762 69761 
1231873426 45149 178600 7.911582 219 10706 7963 267.299962 0.167932 0.106908 70114 
1231973426 45266 179424 7.927539 220 10661 7988 268.358238 0.167676 0.107452 70473 
1232073426 45375 180181 7.941862 221 10642 7982 269.349774 0.167718 0.107817 70831 
1232173426 45486 180930 7.955415 222 10611 7986 270.324495 0.167521 0.107642 71147 
1232273426 45569 181512 7.966468 223 10598 7981 271.059492 0.167187 0.107709 71405 
1232373426 45625 182035 7.979616 224 10559 7983 271.943847 0.166939 0.107915 71640 
1232473426 45717 182766 7.995538 225 10509 8011 272.928145 0.166698 0.107958 71944 
1232573426 45806 183368 8.006287 225 10477 8028 273.679911 0.166580 0.108070 72187 
1232673426 45813 183412 8.006985 225 10476 8026 273.719512 0.166565 0.108114 72205 
