Timestamp NoNodes NoLinks AverageDegree MaxDeg Singletons Doubletons MeanSquaredDeg Assortativity AverageClustering TriCount 
1165073426 0 0 0.000000 0 0 0 0.000000 0.000000 0.000000 0 
1165173426 8001 18422 4.604924 46 2053 1322 42.183477 0.207946 0.090349 4143 
1165273426 8038 18564 4.619059 47 2046 1338 42.485942 0.206712 0.089278 4155 
1165373426 8076 18711 4.633730 47 2040 1345 42.757553 0.206503 0.088163 4162 
1165473426 8111 18879 4.655160 47 2026 1367 43.178646 0.204762 0.087245 4168 
1165573426 8137 18988 4.667076 47 2016 1378 43.405432 0.204539 0.086473 4170 
1165673426 8160 19095 4.680147 47 2013 1384 43.669363 0.204789 0.085820 4178 
1165773426 8181 19173 4.687202 47 2014 1390 43.829605 0.204481 0.085344 4180 
1165873426 8215 19299 4.698478 48 2010 1395 44.067194 0.203528 0.084196 4183 
1165973426 8257 19435 4.707521 48 2012 1412 44.297687 0.201480 0.083539 4187 
1166073426 8298 19602 4.724512 48 1999 1433 44.625452 0.202029 0.082242 4191 
1166173426 8328 19726 4.737272 48 1999 1440 44.896974 0.201942 0.081266 4197 
1166273426 8346 19822 4.750060 50 1995 1439 45.158160 0.199717 0.080271 4202 
1166373426 8359 19918 4.765642 50 1980 1448 45.433425 0.200274 0.079759 4205 
1166473426 8389 20042 4.778162 50 1981 1457 45.689355 0.201417 0.079328 4218 
1166573426 8415 20171 4.794058 50 1978 1459 46.044682 0.200941 0.078456 4224 
1166673426 8447 20313 4.809518 50 1967 1479 46.385462 0.200522 0.077404 4227 
1166773426 8476 20461 4.827985 51 1947 1493 46.696555 0.199504 0.076121 4231 
1166873426 8504 20566 4.836783 52 1934 1509 46.853716 0.199252 0.075505 4232 
1166973426 8516 20633 4.845702 52 1926 1517 47.027947 0.199669 0.075341 4244 
1167073426 8538 20763 4.863668 53 1920 1521 47.435933 0.198367 0.074591 4247 
1167173426 8558 20871 4.877541 54 1909 1524 47.693386 0.197394 0.073735 4248 
1167273426 8582 20982 4.889769 54 1896 1543 47.934747 0.196571 0.072972 4251 
1167373426 8612 21105 4.901301 54 1891 1554 48.208546 0.195915 0.072671 4266 
1167473426 8635 21213 4.913260 54 1887 1560 48.460915 0.195826 0.072032 4270 
1167573426 8648 21284 4.922294 54 1876 1571 48.617253 0.195645 0.071875 4273 
1167673426 8671 21385 4.932534 54 1868 1581 48.845347 0.195718 0.071325 4274 
1167773426 8697 21503 4.944924 54 1862 1587 49.087961 0.196206 0.070937 4283 
1167873426 8735 21623 4.950887 55 1866 1598 49.302576 0.196724 0.070544 4291 
1167973426 8765 21750 4.962921 55 1858 1612 49.543639 0.197076 0.069803 4293 
1168073426 8787 21837 4.970297 55 1855 1616 49.720041 0.197489 0.069269 4295 
1168173426 8813 21931 4.976966 55 1853 1624 49.883354 0.196916 0.068760 4298 
1168273426 8844 22043 4.984848 55 1853 1636 50.097693 0.196887 0.068009 4299 
1168373426 8874 22175 4.997746 56 1843 1644 50.409286 0.195838 0.067296 4301 
1168473426 8905 22305 5.009545 56 1836 1643 50.640988 0.195596 0.066671 4304 
1168573426 8934 22435 5.022386 56 1832 1648 50.922767 0.194715 0.066292 4307 
1168673426 8958 22532 5.030587 56 1830 1649 51.097566 0.194314 0.065732 4311 
1168773426 8980 22623 5.038530 56 1826 1654 51.269042 0.194123 0.065314 4313 
1168873426 9004 22704 5.043092 56 1818 1664 51.348290 0.194032 0.065097 4314 
1168973426 9035 22847 5.057443 56 1812 1678 51.651134 0.194149 0.064315 4317 
1169073426 9073 22983 5.066240 56 1813 1692 51.834895 0.193986 0.063939 4320 
1169173426 9104 23131 5.081503 56 1803 1699 52.136863 0.193759 0.063544 4322 
1169273426 9133 23254 5.092303 56 1808 1697 52.382131 0.193945 0.062724 4325 
1169373426 9152 23362 5.105332 56 1798 1707 52.660402 0.192871 0.062176 4325 
1169473426 9178 23459 5.112007 56 1798 1713 52.838745 0.192614 0.061722 4326 
1169573426 9209 23582 5.121512 56 1792 1727 53.048757 0.192594 0.061333 4330 
1169673426 9239 23733 5.137569 56 1789 1730 53.403399 0.192691 0.060623 4331 
1169773426 9280 23891 5.148922 56 1794 1736 53.707759 0.191537 0.059721 4332 
1169873426 9310 24009 5.157680 56 1794 1741 53.914071 0.192344 0.059127 4336 
1169973426 9330 24116 5.169561 56 1797 1739 54.174920 0.192405 0.058652 4337 
1170073426 9351 24229 5.182120 57 1791 1734 54.437814 0.191202 0.058253 4339 
1170173426 9380 24375 5.197228 57 1784 1739 54.777612 0.190539 0.057760 4342 
1170273426 9420 24550 5.212314 57 1772 1762 55.115287 0.190323 0.057151 4346 
1170373426 9448 24733 5.235605 57 1756 1768 55.592506 0.189735 0.056410 4351 
1170473426 9479 24909 5.255618 58 1747 1772 56.013082 0.189936 0.055778 4352 
1170573426 9508 25041 5.267354 58 1747 1768 56.268616 0.189760 0.055008 4357 
1170673426 9532 25164 5.279899 58 1742 1773 56.529375 0.189708 0.054524 4359 
1170773426 9559 25282 5.289675 59 1740 1779 56.802176 0.189392 0.054120 4364 
1170873426 9601 25431 5.297573 59 1740 1786 57.061556 0.189247 0.053690 4367 
1170973426 9630 25603 5.317342 60 1732 1779 57.544964 0.187411 0.052982 4370 
1171073426 9666 25752 5.328367 60 1730 1782 57.832195 0.186975 0.052547 4373 
1171173426 9697 25886 5.338971 60 1732 1780 58.093843 0.186723 0.052094 4376 
1171273426 9724 26026 5.352941 61 1723 1783 58.375771 0.187199 0.051658 4380 
1171373426 9748 26181 5.371563 61 1713 1776 58.735330 0.186260 0.051222 4382 
1171473426 9793 26339 5.379148 61 1715 1795 59.016032 0.185941 0.050756 4388 
1171573426 9834 26536 5.396787 61 1697 1819 59.431971 0.185596 0.050112 4391 
1171673426 9865 26659 5.404764 61 1697 1827 59.636695 0.185859 0.049648 4391 
1171773426 9879 26732 5.411884 61 1693 1828 59.834599 0.186213 0.049490 4393 
1171873426 9892 26800 5.418520 63 1683 1837 59.997776 0.185000 0.049292 4395 
1171973426 9907 26878 5.426062 64 1676 1843 60.179671 0.184310 0.049135 4396 
1172073426 9924 26973 5.435913 64 1672 1845 60.426441 0.184295 0.048930 4399 
1172173426 9956 27135 5.450984 64 1661 1859 60.766372 0.184323 0.048477 4402 
1172273426 9982 27314 5.472651 66 1660 1853 61.305750 0.182896 0.047997 4408 
1172373426 10006 27430 5.482710 68 1657 1849 61.500300 0.182359 0.047614 4410 
1172473426 10038 27571 5.493325 68 1652 1855 61.780634 0.182674 0.047086 4410 
1172573426 10072 27771 5.514496 69 1643 1854 62.266283 0.181749 0.046597 4413 
1172673426 10105 27937 5.529342 69 1646 1852 62.650371 0.181730 0.046177 4419 
1172773426 10132 28128 5.552310 70 1627 1864 63.146664 0.181262 0.045471 4423 
1172873426 10164 28290 5.566706 71 1621 1869 63.521842 0.180430 0.044873 4426 
1172973426 10186 28381 5.572551 71 1625 1864 63.664834 0.180770 0.044578 4428 
1173073426 10221 28541 5.584776 71 1624 1868 64.010762 0.179977 0.044248 4430 
1173173426 10252 28736 5.605931 71 1615 1860 64.459227 0.179415 0.043489 4434 
1173273426 10283 28917 5.624234 71 1612 1853 64.881844 0.178995 0.042905 4435 
1173373426 10310 29095 5.644035 71 1605 1851 65.373036 0.178619 0.042416 4436 
1173473426 10344 29265 5.658353 71 1613 1844 65.733952 0.178253 0.042111 4441 
1173573426 10365 29382 5.669465 71 1610 1841 65.995176 0.178235 0.041783 4445 
1173673426 10383 29486 5.679669 71 1608 1847 66.253106 0.178166 0.041565 4447 
1173773426 10415 29650 5.693711 71 1604 1845 66.592031 0.177723 0.041081 4448 
1173873426 10451 29809 5.704526 71 1605 1842 66.904985 0.177750 0.040709 4451 
1173973426 10473 29988 5.726726 71 1593 1842 67.424425 0.177772 0.040285 4457 
1174073426 10507 30141 5.737318 71 1593 1841 67.698296 0.177427 0.039837 4457 
1174173426 10529 30275 5.750784 71 1589 1836 68.033621 0.176909 0.039563 4459 
1174273426 10548 30401 5.764316 72 1580 1839 68.373151 0.175940 0.039351 4461 
1174373426 10585 30585 5.778932 73 1573 1852 68.760699 0.175103 0.039133 4466 
1174473426 10616 30730 5.789375 74 1571 1851 69.035983 0.174173 0.038883 4468 
1174573426 10641 30891 5.806033 74 1564 1848 69.433136 0.173957 0.038554 4474 
1174673426 10673 31063 5.820856 74 1564 1842 69.798744 0.173829 0.038170 4476 
1174773426 10693 31168 5.829608 74 1564 1837 70.028617 0.174178 0.037878 4479 
1174873426 10717 31275 5.836521 74 1564 1842 70.220397 0.174230 0.037737 4481 
1174973426 10761 31452 5.845553 74 1558 1859 70.511105 0.174645 0.037284 4485 
1175073426 10788 31598 5.857990 74 1554 1860 70.792547 0.175876 0.037013 4488 
1175173426 10817 31740 5.868540 74 1544 1877 71.048720 0.176091 0.036515 4488 
1175273426 10847 31876 5.877385 74 1542 1880 71.306721 0.176411 0.036244 4491 
1175373426 10870 32001 5.887948 75 1545 1869 71.586201 0.176495 0.036063 4498 
1175473426 10881 32083 5.897068 75 1540 1876 71.799651 0.176626 0.035832 4502 
1175573426 10910 32256 5.913107 75 1530 1881 72.261412 0.175405 0.035568 4506 
1175673426 10931 32393 5.926814 77 1520 1885 72.625011 0.175040 0.035301 4509 
1175773426 10949 32519 5.940086 77 1518 1887 72.954425 0.175027 0.035042 4513 
1175873426 10982 32628 5.942087 77 1523 1896 73.071572 0.175372 0.034778 4514 
1175973426 11005 32749 5.951658 77 1524 1898 73.379191 0.174398 0.034514 4518 
1176073426 11031 32860 5.957755 77 1525 1899 73.539661 0.175076 0.034333 4520 
1176173426 11060 33037 5.974141 77 1521 1896 73.986799 0.174167 0.034097 4524 
1176273426 11108 33286 5.993158 77 1517 1895 74.526287 0.173665 0.033608 4531 
1176373426 11128 33409 6.004493 78 1516 1892 74.813983 0.173206 0.033457 4535 
1176473426 11152 33535 6.014168 78 1512 1903 75.118364 0.172858 0.033307 4539 
1176573426 11170 33647 6.024530 78 1508 1904 75.409848 0.172400 0.033102 4541 
1176673426 11190 33758 6.033601 78 1506 1907 75.639500 0.172180 0.032799 4543 
1176773426 11219 33956 6.053302 79 1500 1908 76.190391 0.171384 0.032499 4548 
1176873426 11255 34181 6.073923 79 1498 1924 76.839271 0.170501 0.032170 4555 
1176973426 11282 34332 6.086155 79 1500 1919 77.138628 0.170064 0.031963 4562 
1177073426 11321 34506 6.095928 79 1503 1919 77.419309 0.170589 0.031647 4565 
1177173426 11346 34619 6.102415 79 1506 1920 77.609554 0.171020 0.031708 4567 
1177273426 11364 34721 6.110700 79 1509 1914 77.805350 0.171329 0.031414 4569 
1177373426 11393 34887 6.124287 79 1501 1922 78.190643 0.171074 0.031215 4574 
1177473426 11419 35081 6.144321 79 1497 1917 78.716000 0.170459 0.030950 4582 
1177573426 11454 35261 6.156976 80 1493 1923 79.099878 0.169802 0.030650 4587 
1177673426 11491 35419 6.164651 80 1494 1935 79.358106 0.169485 0.030536 4595 
1177773426 11516 35534 6.171240 80 1497 1930 79.568253 0.169036 0.030318 4599 
1177873426 11536 35645 6.179785 80 1497 1939 79.882802 0.168724 0.030158 4604 
1177973426 11576 35835 6.191258 80 1499 1942 80.251555 0.168245 0.029890 4609 
1178073426 11609 36023 6.206047 81 1496 1942 80.697390 0.167112 0.029635 4611 
1178173426 11641 36207 6.220600 81 1493 1945 81.097844 0.166663 0.029431 4615 
1178273426 11661 36331 6.231198 81 1496 1941 81.420118 0.166745 0.029346 4621 
1178373426 11685 36484 6.244587 82 1493 1934 81.798716 0.166272 0.029107 4624 
1178473426 11711 36599 6.250363 83 1496 1933 81.979336 0.165933 0.028982 4626 
1178573426 11733 36780 6.269496 83 1484 1939 82.523310 0.165528 0.028549 4629 
1178673426 11765 36974 6.285423 83 1483 1938 82.982405 0.165889 0.028305 4631 
1178773426 11804 37157 6.295662 83 1485 1941 83.369536 0.165585 0.028094 4637 
1178873426 11834 37320 6.307250 83 1485 1940 83.713199 0.165038 0.027831 4640 
1178973426 11849 37398 6.312431 83 1485 1939 83.888429 0.164762 0.027945 4645 
1179073426 11876 37522 6.318963 83 1489 1940 84.124958 0.165072 0.027638 4647 
1179173426 11910 37704 6.331486 84 1492 1931 84.600840 0.163243 0.027459 4652 
1179273426 11941 37893 6.346705 84 1492 1923 84.990704 0.163485 0.027206 4654 
1179373426 11980 38066 6.354925 85 1492 1929 85.303172 0.163067 0.027007 4662 
1179473426 12010 38240 6.368027 85 1496 1921 85.763697 0.162756 0.026745 4665 
1179573426 12027 38366 6.379978 85 1493 1911 86.131371 0.162324 0.026551 4667 
1179673426 12044 38462 6.386915 85 1496 1908 86.331451 0.162543 0.026424 4670 
1179773426 12066 38619 6.401293 85 1497 1907 86.786342 0.161953 0.026231 4675 
1179873426 12091 38770 6.413034 85 1505 1892 87.184021 0.161686 0.026072 4680 
1179973426 12135 39001 6.427853 85 1506 1903 87.647796 0.161481 0.025803 4683 
1180073426 12170 39212 6.444043 85 1499 1918 88.166475 0.160868 0.025590 4690 
1180173426 12189 39325 6.452539 85 1497 1919 88.392813 0.160964 0.025463 4696 
1180273426 12206 39428 6.460429 86 1496 1927 88.640832 0.160468 0.025347 4698 
1180373426 12241 39578 6.466465 86 1503 1926 88.888163 0.160665 0.025193 4703 
1180473426 12265 39759 6.483327 86 1497 1932 89.456828 0.160286 0.025065 4707 
1180573426 12300 39995 6.503252 86 1492 1941 90.053333 0.160570 0.024755 4714 
1180673426 12330 40181 6.517599 86 1491 1934 90.496837 0.160401 0.024535 4717 
1180773426 12352 40321 6.528659 86 1487 1932 90.796470 0.160581 0.024489 4720 
1180873426 12370 40415 6.534357 86 1488 1929 90.943897 0.160563 0.024304 4722 
1180973426 12392 40528 6.540994 87 1494 1922 91.188670 0.160092 0.024207 4727 
1181073426 12441 40702 6.543204 87 1499 1945 91.396833 0.159772 0.024432 4732 
1181173426 12477 40864 6.550293 87 1501 1954 91.654564 0.159760 0.024203 4733 
1181273426 12519 41038 6.556115 87 1507 1963 91.871715 0.159937 0.024150 4738 
1181373426 12547 41162 6.561250 87 1512 1971 92.082251 0.160378 0.024025 4741 
1181473426 12573 41272 6.565179 87 1517 1979 92.273761 0.159961 0.023898 4742 
1181573426 12596 41410 6.575103 87 1515 1980 92.571451 0.160435 0.023830 4748 
1181673426 12635 41617 6.587574 87 1510 1986 92.963197 0.160718 0.023798 4754 
1181773426 12685 41824 6.594245 88 1521 1993 93.284194 0.160326 0.023508 4757 
1181873426 12720 42032 6.608805 88 1526 1991 93.809748 0.160137 0.023214 4760 
1181973426 12746 42191 6.620273 88 1526 1988 94.203201 0.160246 0.023071 4764 
1182073426 12774 42333 6.627994 88 1525 1994 94.436668 0.160342 0.022959 4764 
1182173426 12799 42472 6.636768 88 1527 1994 94.765997 0.160104 0.022740 4768 
1182273426 12829 42655 6.649778 89 1520 1989 95.076156 0.159908 0.022535 4771 
1182373426 12859 42827 6.661016 89 1519 1990 95.424683 0.160434 0.022325 4773 
1182473426 12900 43038 6.672558 89 1526 1991 95.884496 0.159766 0.022076 4778 
1182573426 12934 43220 6.683161 90 1528 1994 96.280192 0.159269 0.021952 4783 
1182673426 12958 43355 6.691619 90 1521 2006 96.509801 0.159303 0.021914 4786 
1182773426 12996 43496 6.693752 90 1522 2015 96.628809 0.159621 0.021960 4794 
1182873426 13040 43697 6.701994 90 1524 2017 96.932362 0.159826 0.021768 4796 
1182973426 13075 43858 6.708681 90 1530 2017 97.198623 0.160376 0.021644 4803 
1183073426 13122 44047 6.713458 92 1531 2028 97.499619 0.159401 0.021364 4805 
1183173426 13153 44210 6.722421 92 1523 2039 97.816316 0.159318 0.021374 4808 
1183273426 13173 44329 6.730282 92 1523 2037 98.092310 0.159356 0.021255 4812 
1183373426 13199 44472 6.738692 92 1523 2040 98.409273 0.159094 0.021123 4819 
1183473426 13237 44679 6.750623 92 1530 2036 98.888117 0.159166 0.021033 4828 
1183573426 13285 44855 6.752729 92 1539 2056 99.114038 0.159180 0.020871 4832 
1183673426 13314 45017 6.762355 92 1545 2049 99.454259 0.158655 0.020674 4835 
1183773426 13343 45231 6.779735 92 1539 2057 100.006595 0.158274 0.020545 4844 
1183873426 13377 45391 6.786424 92 1542 2064 100.271212 0.158512 0.020430 4847 
1183973426 13409 45543 6.792900 92 1544 2065 100.476098 0.158556 0.020404 4850 
1184073426 13452 45718 6.797205 93 1547 2074 100.726583 0.158542 0.020238 4856 
1184173426 13486 45911 6.808690 93 1545 2068 101.148005 0.158110 0.020002 4861 
1184273426 13521 46120 6.821981 93 1542 2065 101.610828 0.157924 0.019857 4865 
1184373426 13556 46314 6.832989 93 1548 2062 102.026704 0.157520 0.019831 4876 
1184473426 13569 46448 6.846194 93 1542 2060 102.369666 0.157669 0.019753 4877 
1184573426 13598 46651 6.861450 93 1537 2063 102.914399 0.157577 0.019635 4882 
1184673426 13636 46844 6.870637 93 1534 2068 103.194632 0.157937 0.019551 4886 
1184773426 13683 47033 6.874662 93 1544 2076 103.500110 0.157189 0.019571 4894 
1184873426 13726 47263 6.886638 93 1544 2088 103.991112 0.157054 0.019393 4898 
1184973426 13772 47466 6.893116 93 1546 2102 104.255155 0.157249 0.019382 4904 
1185073426 13811 47618 6.895663 93 1554 2108 104.452103 0.156427 0.019260 4906 
1185173426 13840 47764 6.902312 93 1556 2116 104.807370 0.156042 0.019162 4916 
1185273426 13867 47906 6.909353 93 1557 2110 105.044494 0.155759 0.019077 4917 
1185373426 13906 48076 6.914425 93 1562 2109 105.314972 0.155784 0.018911 4921 
1185473426 13942 48266 6.923827 93 1561 2117 105.660450 0.155280 0.018775 4921 
1185573426 13986 48454 6.928929 93 1563 2130 105.921493 0.155634 0.018646 4922 
1185673426 14010 48580 6.935046 93 1565 2130 106.205853 0.155353 0.018590 4927 
1185773426 14051 48764 6.941001 93 1563 2147 106.509715 0.154931 0.018472 4930 
1185873426 14090 48960 6.949610 93 1559 2155 106.848261 0.154907 0.018409 4934 
1185973426 14118 49132 6.960193 93 1555 2162 107.234027 0.154725 0.018364 4943 
1186073426 14159 49333 6.968430 96 1555 2175 107.587259 0.154158 0.018223 4946 
1186173426 14208 49547 6.974521 96 1561 2179 107.883446 0.153926 0.018087 4948 
1186273426 14234 49698 6.982998 96 1567 2166 108.245890 0.153482 0.017947 4957 
1186373426 14272 49879 6.989770 96 1574 2168 108.496216 0.153914 0.017899 4959 
1186473426 14315 50120 7.002445 97 1562 2182 108.969892 0.153137 0.017711 4962 
1186573426 14348 50334 7.016170 97 1558 2176 109.375105 0.153348 0.017560 4965 
1186673426 14387 50583 7.031765 97 1561 2174 110.002641 0.153094 0.017344 4971 
1186773426 14425 50777 7.040139 97 1555 2193 110.392652 0.152690 0.017248 4974 
1186873426 14455 50919 7.045175 97 1557 2201 110.655967 0.152565 0.017347 4978 
1186973426 14478 51059 7.053322 97 1555 2205 110.986738 0.152305 0.017283 4979 
1187073426 14511 51236 7.061677 97 1565 2202 111.361312 0.152530 0.017147 4985 
1187173426 14547 51436 7.071699 98 1556 2218 111.745652 0.152470 0.017337 4992 
1187273426 14584 51600 7.076248 98 1558 2227 111.940071 0.152862 0.017204 4996 
1187373426 14615 51802 7.088881 98 1548 2239 112.413411 0.152754 0.017113 5004 
1187473426 14643 51981 7.099775 98 1548 2235 112.800246 0.152659 0.017366 5018 
1187573426 14669 52136 7.108324 99 1549 2239 113.144318 0.152073 0.017234 5022 
1187673426 14702 52373 7.124609 99 1542 2247 113.714189 0.151719 0.017106 5028 
1187773426 14744 52537 7.126560 99 1546 2254 113.880222 0.151753 0.017041 5032 
1187873426 14778 52694 7.131412 99 1550 2260 114.091758 0.151483 0.016961 5036 
1187973426 14824 52879 7.134242 99 1565 2253 114.308149 0.151682 0.016844 5044 
1188073426 14851 53058 7.145377 99 1558 2270 114.747828 0.151493 0.016788 5052 
1188173426 14876 53233 7.156897 101 1556 2264 115.181904 0.150590 0.016695 5053 
1188273426 14916 53463 7.168544 101 1555 2264 115.657281 0.150504 0.016560 5060 
1188373426 14953 53667 7.178091 101 1556 2271 116.037852 0.150390 0.016500 5066 
1188473426 14981 53846 7.188572 103 1553 2277 116.375542 0.149961 0.016440 5069 
1188573426 15010 54020 7.197868 103 1560 2264 116.759227 0.149919 0.016219 5079 
1188673426 15039 54173 7.204335 103 1562 2274 117.042490 0.149647 0.016333 5083 
1188773426 15070 54326 7.209821 103 1564 2274 117.219774 0.149682 0.016245 5089 
1188873426 15096 54462 7.215421 103 1566 2272 117.422761 0.149795 0.016132 5090 
1188973426 15135 54687 7.226561 103 1568 2276 117.899042 0.149215 0.016165 5096 
1189073426 15174 54898 7.235798 103 1573 2271 118.263345 0.149184 0.016168 5105 
1189173426 15207 55073 7.243112 103 1584 2267 118.608141 0.148756 0.016058 5110 
1189273426 15246 55233 7.245573 103 1593 2264 118.747606 0.148742 0.015993 5122 
1189373426 15273 55399 7.254501 103 1596 2262 119.107968 0.148573 0.015903 5125 
1189473426 15333 55628 7.255984 103 1610 2276 119.343899 0.148447 0.015753 5129 
1189573426 15376 55846 7.264048 104 1608 2280 119.701743 0.147954 0.015610 5130 
1189673426 15418 56013 7.265923 105 1620 2284 119.893112 0.147785 0.015570 5134 
1189773426 15441 56152 7.273104 105 1623 2290 120.205298 0.147633 0.015502 5137 
1189873426 15480 56321 7.276615 105 1625 2298 120.402196 0.147628 0.015423 5139 
1189973426 15510 56483 7.283430 105 1629 2310 120.717730 0.147778 0.015372 5145 
1190073426 15563 56697 7.286127 105 1641 2318 120.991840 0.147660 0.015187 5148 
1190173426 15612 56943 7.294773 105 1647 2317 121.378939 0.147370 0.015014 5150 
1190273426 15667 57184 7.299930 106 1651 2331 121.763962 0.147132 0.014902 5159 
1190373426 15714 57405 7.306224 107 1651 2345 122.045564 0.147111 0.014809 5161 
1190473426 15750 57574 7.310984 107 1660 2340 122.296635 0.147003 0.014744 5165 
1190573426 15795 57726 7.309402 107 1670 2357 122.378094 0.147032 0.014630 5166 
1190673426 15846 57909 7.308974 107 1687 2360 122.522024 0.147118 0.014534 5172 
1190773426 15914 58135 7.306146 107 1705 2372 122.620837 0.147260 0.014566 5177 
1190873426 15965 58393 7.315127 107 1709 2381 123.080113 0.147120 0.014554 5186 
1190973426 16013 58601 7.319178 107 1720 2384 123.357272 0.146758 0.014449 5191 
1191073426 16050 58731 7.318505 107 1728 2395 123.465047 0.146876 0.014416 5198 
1191173426 16092 58872 7.316928 108 1738 2404 123.532563 0.146885 0.014352 5200 
1191273426 16160 59099 7.314233 109 1754 2425 123.691708 0.146941 0.014296 5202 
1191373426 16211 59360 7.323422 109 1754 2430 124.068842 0.147063 0.014173 5209 
1191473426 16270 59588 7.324892 110 1767 2447 124.286417 0.146584 0.014204 5216 
1191573426 16322 59794 7.326798 111 1767 2474 124.510722 0.146364 0.014143 5220 
1191673426 16367 59948 7.325472 112 1782 2480 124.571638 0.146391 0.014068 5225 
1191773426 16400 60066 7.325122 112 1781 2499 124.670976 0.146520 0.014014 5226 
1191873426 16443 60279 7.331874 112 1782 2507 125.028401 0.145980 0.013967 5232 
1191973426 16499 60514 7.335475 113 1783 2520 125.323717 0.145688 0.013875 5238 
1192073426 16556 60719 7.334984 113 1799 2529 125.426311 0.145846 0.013743 5240 
1192173426 16607 60919 7.336545 113 1805 2547 125.641356 0.145639 0.013658 5246 
1192273426 16641 61047 7.336939 113 1814 2552 125.747972 0.145717 0.013561 5248 
1192373426 16670 61168 7.338692 113 1820 2542 125.871146 0.145795 0.013524 5250 
1192473426 16707 61348 7.343988 113 1828 2545 126.142695 0.145375 0.013459 5252 
1192573426 16758 61601 7.351832 113 1838 2547 126.526554 0.145512 0.013427 5259 
1192673426 16810 61836 7.357049 113 1841 2563 126.850684 0.145492 0.013358 5267 
1192773426 16874 62062 7.355932 114 1861 2585 127.054166 0.145294 0.013358 5273 
1192873426 16902 62194 7.359366 114 1867 2587 127.281742 0.145460 0.013276 5280 
1192973426 16920 62277 7.361348 116 1870 2592 127.405792 0.145181 0.013250 5281 
1193073426 16949 62425 7.366216 116 1873 2596 127.654021 0.144782 0.013147 5283 
1193173426 16990 62665 7.376692 116 1867 2607 128.100412 0.144630 0.013087 5288 
1193273426 17044 62892 7.379958 116 1871 2623 128.388524 0.144404 0.013013 5295 
1193373426 17101 63101 7.379802 116 1885 2638 128.569557 0.144338 0.012919 5300 
1193473426 17124 63240 7.386125 116 1885 2639 128.851553 0.144152 0.012855 5309 
1193573426 17146 63325 7.386562 116 1885 2644 128.895952 0.144306 0.012770 5311 
1193673426 17174 63434 7.387213 116 1885 2656 128.998486 0.144164 0.012743 5315 
1193773426 17221 63647 7.391789 117 1884 2672 129.218396 0.144657 0.012660 5321 
1193873426 17264 63829 7.394462 117 1896 2674 129.430607 0.144525 0.012610 5324 
1193973426 17302 64026 7.400994 118 1900 2675 129.785458 0.144562 0.012576 5333 
1194073426 17340 64183 7.402884 118 1905 2679 129.964475 0.144376 0.012556 5337 
1194173426 17360 64308 7.408756 118 1899 2689 130.205069 0.144412 0.012526 5341 
1194273426 17394 64444 7.409911 118 1906 2694 130.316891 0.144621 0.012439 5342 
1194373426 17446 64652 7.411670 120 1918 2701 130.515878 0.144483 0.012333 5348 
1194473426 17482 64854 7.419517 120 1913 2713 130.896465 0.143989 0.012250 5354 
1194573426 17528 65086 7.426518 120 1919 2710 131.231743 0.143701 0.012248 5361 
1194673426 17576 65273 7.427515 121 1932 2716 131.475649 0.143181 0.012157 5365 
1194773426 17604 65401 7.430243 121 1930 2726 131.600773 0.143323 0.012278 5369 
1194873426 17636 65535 7.431957 121 1936 2729 131.713314 0.143424 0.012246 5372 
1194973426 17687 65767 7.436761 121 1947 2730 132.009046 0.143628 0.012183 5377 
1195073426 17734 65976 7.440623 121 1947 2739 132.203789 0.144275 0.012278 5385 
1195173426 17779 66179 7.444626 121 1958 2748 132.404635 0.144357 0.012125 5396 
1195273426 17826 66348 7.443958 121 1967 2759 132.484910 0.144581 0.012207 5401 
1195373426 17848 66480 7.449574 122 1970 2757 132.755379 0.144189 0.012161 5405 
1195473426 17879 66617 7.451983 122 1972 2763 132.948599 0.144303 0.012088 5408 
1195573426 17919 66825 7.458564 122 1974 2765 133.247168 0.144138 0.012054 5412 
1195673426 17955 66996 7.462657 122 1967 2775 133.485714 0.143493 0.012008 5415 
1195773426 17980 67120 7.466073 122 1970 2777 133.713793 0.143226 0.011974 5423 
1195873426 18006 67225 7.466955 122 1974 2782 133.827835 0.143037 0.011950 5428 
1195973426 18030 67358 7.471769 122 1976 2785 134.052690 0.143243 0.011922 5435 
1196073426 18050 67512 7.480554 123 1978 2787 134.456288 0.142939 0.011863 5439 
1196173426 18096 67706 7.482980 124 1988 2797 134.662246 0.143155 0.011794 5443 
1196273426 18139 67902 7.486852 124 1991 2807 134.888362 0.143340 0.011746 5449 
1196373426 18181 68092 7.490457 124 1995 2821 135.162972 0.143055 0.011683 5450 
1196473426 18214 68274 7.496871 124 1990 2823 135.454266 0.143027 0.011644 5453 
1196573426 18239 68399 7.500302 124 1990 2830 135.652832 0.143183 0.011729 5455 
1196673426 18272 68529 7.500985 124 1995 2838 135.754707 0.143358 0.011697 5464 
1196773426 18295 68702 7.510467 124 1990 2840 136.088439 0.143489 0.011582 5471 
1196873426 18325 68891 7.518799 124 1988 2839 136.436344 0.143446 0.011524 5477 
1196973426 18363 69059 7.521538 124 1996 2848 136.663072 0.143544 0.011506 5487 
1197073426 18402 69267 7.528203 124 2000 2844 136.971525 0.143584 0.011517 5497 
1197173426 18427 69409 7.533402 125 1999 2850 137.245347 0.143746 0.011498 5503 
1197273426 18464 69542 7.532712 126 2007 2854 137.305459 0.143773 0.011452 5511 
1197373426 18499 69682 7.533596 126 2012 2859 137.402454 0.143685 0.011415 5513 
1197473426 18536 69863 7.538088 127 2007 2874 137.656884 0.143600 0.011343 5517 
1197573426 18574 70032 7.540864 127 2013 2880 137.893184 0.143265 0.011325 5526 
1197673426 18614 70192 7.541850 127 2019 2889 138.067261 0.143394 0.011280 5531 
1197773426 18640 70302 7.543133 127 2020 2898 138.162232 0.143298 0.011222 5532 
1197873426 18673 70447 7.545333 127 2027 2900 138.342098 0.143159 0.011185 5535 
1197973426 18697 70556 7.547307 127 2028 2903 138.457507 0.142732 0.011156 5536 
1198073426 18741 70705 7.545489 127 2042 2913 138.553332 0.142778 0.011080 5538 
1198173426 18790 70865 7.542842 127 2052 2929 138.598936 0.142982 0.011027 5541 
1198273426 18825 71022 7.545498 127 2057 2945 138.807437 0.142994 0.010978 5547 
1198373426 18852 71141 7.547316 128 2062 2948 138.960216 0.142767 0.010917 5548 
1198473426 18873 71235 7.548879 128 2064 2952 139.054416 0.142780 0.010916 5552 
1198573426 18892 71349 7.553356 128 2066 2952 139.272073 0.142955 0.010891 5555 
1198673426 18899 71412 7.557225 128 2064 2947 139.401027 0.143026 0.010840 5556 
1198773426 18923 71513 7.558315 129 2068 2950 139.523226 0.143086 0.010789 5564 
1198873426 18948 71666 7.564492 129 2069 2944 139.788790 0.143048 0.010761 5573 
1198973426 18971 71822 7.571767 129 2069 2930 140.099309 0.142863 0.010740 5576 
1199073426 19008 71956 7.571128 129 2080 2927 140.196338 0.142833 0.010891 5583 
1199173426 19033 72083 7.574528 129 2088 2926 140.374192 0.142879 0.010853 5586 
1199273426 19060 72219 7.578069 129 2091 2925 140.601994 0.143018 0.010884 5598 
1199373426 19093 72336 7.577227 129 2095 2936 140.682030 0.143012 0.010825 5603 
1199473426 19121 72471 7.580252 129 2096 2942 140.871712 0.143143 0.010788 5605 
1199573426 19150 72585 7.580679 129 2096 2958 140.952689 0.143221 0.010776 5607 
1199673426 19188 72694 7.577027 130 2105 2959 140.916823 0.143235 0.010897 5611 
1199773426 19215 72832 7.580744 130 2113 2950 141.123185 0.143450 0.011049 5620 
1199873426 19238 72950 7.583948 130 2109 2955 141.243476 0.143626 0.011020 5623 
1199973426 19263 73074 7.586980 130 2110 2961 141.438613 0.143644 0.010984 5625 
1200073426 19305 73210 7.584564 130 2123 2965 141.494121 0.143619 0.011066 5631 
1200173426 19337 73348 7.586285 131 2129 2970 141.624864 0.143534 0.011025 5634 
1200273426 19364 73456 7.586862 131 2140 2971 141.725573 0.143618 0.010960 5638 
1200373426 19401 73619 7.589196 131 2149 2976 141.952374 0.143543 0.011064 5646 
1200473426 19441 73776 7.589733 131 2154 2983 142.055758 0.143765 0.011020 5650 
1200573426 19478 73920 7.590102 131 2161 2995 142.203820 0.143578 0.010975 5651 
1200673426 19513 74075 7.592374 131 2166 3005 142.392559 0.143339 0.010941 5654 
1200773426 19539 74185 7.593531 131 2164 3017 142.490506 0.143395 0.010918 5658 
1200873426 19557 74300 7.598302 132 2162 3008 142.692233 0.143080 0.010891 5658 
1200973426 19593 74457 7.600367 132 2169 3011 142.833563 0.143107 0.010833 5663 
1201073426 19642 74630 7.599023 133 2186 3008 142.962020 0.143171 0.010782 5665 
1201173426 19682 74780 7.598821 134 2199 3015 143.072858 0.143235 0.010860 5670 
1201273426 19721 74942 7.600223 134 2206 3021 143.226408 0.143283 0.010955 5677 
1201373426 19777 75192 7.603984 134 2212 3038 143.518532 0.143071 0.010898 5683 
1201473426 19809 75346 7.607249 134 2222 3040 143.734767 0.143178 0.010852 5688 
1201573426 19863 75564 7.608518 134 2237 3035 143.918643 0.143008 0.010809 5694 
1201673426 19911 75797 7.613580 134 2247 3043 144.201999 0.143048 0.010762 5696 
1201773426 19955 75949 7.612027 134 2263 3046 144.295665 0.142847 0.010853 5703 
1201873426 19989 76087 7.612887 134 2274 3050 144.419531 0.142962 0.010930 5710 
1201973426 20017 76208 7.614328 134 2275 3063 144.535645 0.142862 0.010906 5713 
1202073426 20044 76301 7.613351 134 2286 3065 144.547895 0.142957 0.010873 5715 
1202173426 20074 76427 7.614526 134 2297 3066 144.697918 0.143357 0.010850 5726 
1202273426 20090 76507 7.616426 134 2299 3065 144.753609 0.143655 0.010829 5726 
1202373426 20130 76662 7.616692 134 2307 3068 144.822951 0.143919 0.011014 5733 
1202473426 20180 76825 7.613974 134 2326 3074 144.906046 0.143915 0.010968 5738 
1202573426 20216 77030 7.620696 134 2326 3082 145.205975 0.143880 0.011031 5745 
1202673426 20247 77156 7.621475 134 2335 3089 145.334025 0.143765 0.011043 5750 
1202773426 20287 77364 7.626953 134 2345 3092 145.670331 0.143548 0.010938 5755 
1202873426 20331 77588 7.632482 134 2343 3106 145.937927 0.143510 0.010932 5765 
1202973426 20377 77815 7.637533 134 2346 3099 146.210237 0.143540 0.010912 5771 
1203073426 20411 77984 7.641370 134 2343 3109 146.420362 0.143523 0.011002 5775 
1203173426 20448 78106 7.639476 134 2350 3116 146.521909 0.143084 0.010982 5781 
1203273426 20473 78236 7.642847 134 2350 3116 146.685781 0.143169 0.010936 5790 
1203373426 20509 78435 7.648837 134 2358 3108 146.968160 0.143017 0.010830 5796 
1203473426 20554 78648 7.652817 134 2368 3111 147.249197 0.142975 0.010934 5802 
1203573426 20598 78843 7.655403 134 2375 3114 147.470822 0.142948 0.010889 5809 
1203673426 20625 78987 7.659345 134 2370 3120 147.644509 0.142888 0.011008 5812 
1203773426 20660 79128 7.660019 134 2371 3137 147.746273 0.143233 0.011072 5820 
1203873426 20679 79233 7.663137 134 2374 3137 147.909087 0.143328 0.011054 5826 
1203973426 20729 79405 7.661248 134 2390 3148 148.016981 0.143332 0.010972 5830 
1204073426 20775 79615 7.664501 134 2404 3150 148.222864 0.143495 0.010942 5836 
1204173426 20833 79844 7.665147 134 2413 3164 148.362598 0.143848 0.010836 5840 
1204273426 20886 80036 7.664081 134 2429 3177 148.451977 0.143794 0.010794 5842 
1204373426 20915 80157 7.665025 134 2434 3184 148.595458 0.143651 0.010775 5848 
1204473426 20945 80324 7.669993 134 2426 3191 148.797422 0.143662 0.010751 5851 
1204573426 20975 80483 7.674184 134 2429 3194 149.078045 0.143268 0.010720 5852 
1204673426 21044 80760 7.675347 136 2431 3214 149.329500 0.143255 0.010827 5870 
1204773426 21098 80977 7.676273 136 2438 3222 149.487724 0.143273 0.010758 5873 
1204873426 21150 81185 7.677069 136 2454 3227 149.670165 0.143228 0.010718 5878 
1204973426 21189 81355 7.678984 136 2456 3228 149.765067 0.143445 0.010660 5883 
1205073426 21230 81490 7.676872 136 2470 3237 149.823928 0.143455 0.010609 5886 
1205173426 21276 81671 7.677289 136 2482 3247 149.965595 0.143462 0.010626 5895 
1205273426 21331 81881 7.677183 136 2487 3267 150.122732 0.143237 0.010862 5905 
1205373426 21381 82087 7.678500 136 2504 3264 150.240120 0.143520 0.010780 5913 
1205473426 21420 82269 7.681513 136 2504 3280 150.466200 0.143321 0.010731 5916 
1205573426 21454 82392 7.680805 136 2519 3283 150.511606 0.143614 0.010695 5919 
1205673426 21470 82470 7.682347 136 2522 3284 150.615091 0.143446 0.010625 5925 
1205773426 21510 82627 7.682659 136 2534 3289 150.728498 0.143579 0.010532 5929 
1205873426 21582 82862 7.678806 136 2544 3322 150.805949 0.143395 0.010548 5937 
1205973426 21613 83043 7.684542 136 2533 3331 151.038079 0.143356 0.010658 5945 
1206073426 21655 83230 7.686908 136 2540 3332 151.237959 0.143173 0.010595 5949 
1206173426 21685 83378 7.689924 137 2546 3333 151.482315 0.143104 0.010576 5955 
1206273426 21712 83505 7.692060 137 2550 3337 151.594049 0.143149 0.010548 5957 
1206373426 21737 83626 7.694346 137 2549 3344 151.736210 0.143247 0.010524 5959 
1206473426 21794 83837 7.693585 137 2569 3350 151.871433 0.143097 0.010600 5963 
1206573426 21833 84027 7.697247 138 2571 3358 152.135300 0.143061 0.010501 5970 
1206673426 21881 84293 7.704675 138 2574 3358 152.567981 0.143018 0.010437 5983 
1206773426 21925 84501 7.708187 138 2575 3372 152.807480 0.143070 0.010388 5989 
1206873426 21969 84660 7.707224 138 2582 3391 152.857299 0.143236 0.010358 5992 
1206973426 22008 84868 7.712468 138 2588 3397 153.157216 0.142901 0.010256 5996 
1207073426 22058 85097 7.715749 138 2594 3397 153.417989 0.142873 0.010183 6003 
1207173426 22132 85375 7.715073 138 2612 3415 153.637358 0.143227 0.010093 6017 
1207273426 22187 85649 7.720647 138 2613 3435 154.023527 0.143017 0.010050 6036 
1207373426 22242 85877 7.722057 138 2618 3447 154.241165 0.142991 0.010273 6050 
1207473426 22288 86024 7.719311 138 2635 3457 154.308686 0.143033 0.010242 6055 
1207573426 22328 86226 7.723576 138 2633 3465 154.552938 0.143368 0.010190 6059 
1207673426 22371 86450 7.728756 138 2643 3461 154.861651 0.143340 0.010153 6062 
1207773426 22425 86683 7.730925 140 2655 3477 155.106533 0.143084 0.010122 6071 
1207873426 22482 86930 7.733298 140 2657 3489 155.294814 0.143320 0.010041 6076 
1207973426 22533 87146 7.734966 140 2665 3497 155.457773 0.143586 0.010009 6084 
1208073426 22555 87260 7.737530 140 2663 3498 155.579871 0.143585 0.009996 6087 
1208173426 22590 87411 7.738911 140 2666 3506 155.737760 0.143642 0.009935 6092 
1208273426 22650 87639 7.738543 140 2686 3515 155.858190 0.143830 0.009888 6100 
1208373426 22693 87896 7.746530 140 2685 3521 156.279558 0.143747 0.009840 6113 
1208473426 22745 88167 7.752649 141 2689 3529 156.659046 0.143838 0.009787 6122 
1208573426 22802 88421 7.755548 141 2694 3548 156.958863 0.143661 0.009754 6133 
1208673426 22828 88538 7.756965 141 2695 3555 157.058174 0.143688 0.009713 6134 
1208773426 22858 88699 7.760871 141 2697 3556 157.255315 0.143799 0.009657 6139 
1208873426 22903 88917 7.764660 141 2701 3565 157.512902 0.144067 0.009624 6145 
1208973426 22956 89152 7.767207 141 2712 3567 157.714846 0.144285 0.009590 6157 
1209073426 23014 89406 7.769705 141 2724 3571 157.963240 0.144192 0.009772 6173 
1209173426 23061 89570 7.768093 141 2738 3586 158.045011 0.144228 0.009823 6183 
1209273426 23090 89711 7.770550 142 2731 3599 158.198787 0.144344 0.009823 6192 
1209373426 23134 89866 7.769171 142 2743 3604 158.254171 0.144326 0.009924 6194 
1209473426 23192 90081 7.768282 142 2759 3606 158.361418 0.144287 0.009984 6198 
1209573426 23255 90309 7.766846 142 2775 3611 158.479983 0.144331 0.010032 6206 
1209673426 23310 90565 7.770485 142 2777 3628 158.727242 0.144219 0.010226 6216 
1209773426 23358 90808 7.775323 142 2781 3633 159.046322 0.143998 0.010174 6229 
1209873426 23383 90990 7.782577 143 2775 3635 159.404354 0.143834 0.010123 6244 
1209973426 23427 91184 7.784522 143 2784 3634 159.559995 0.143802 0.010055 6247 
1210073426 23476 91411 7.787613 143 2796 3628 159.782161 0.143805 0.010050 6256 
1210173426 23532 91623 7.787098 143 2799 3645 159.939657 0.143642 0.010081 6263 
1210273426 23579 91853 7.791085 143 2807 3645 160.175156 0.143530 0.010054 6269 
1210373426 23627 92054 7.792272 143 2822 3648 160.344690 0.143438 0.010018 6275 
1210473426 23672 92229 7.792244 144 2837 3649 160.469922 0.143052 0.010078 6278 
1210573426 23716 92417 7.793641 144 2844 3652 160.590487 0.143183 0.010049 6285 
1210673426 23759 92600 7.794941 144 2859 3653 160.768551 0.142976 0.010028 6288 
1210773426 23812 92817 7.795817 144 2852 3680 160.905846 0.143225 0.010099 6298 
1210873426 23865 93067 7.799455 144 2856 3696 161.153321 0.143389 0.010198 6313 
1210973426 23911 93271 7.801514 144 2869 3695 161.325248 0.143522 0.010256 6314 
1211073426 23960 93431 7.798915 144 2880 3706 161.415776 0.142952 0.010289 6320 
1211173426 23999 93605 7.800742 145 2882 3712 161.544064 0.143084 0.010246 6324 
1211273426 24057 93825 7.800224 145 2898 3718 161.710687 0.142971 0.010220 6326 
1211373426 24104 94039 7.802771 145 2909 3728 161.951377 0.142791 0.010196 6333 
1211473426 24153 94259 7.805159 145 2921 3723 162.163127 0.142829 0.010167 6343 
1211573426 24210 94488 7.805700 145 2929 3732 162.335894 0.142877 0.010110 6350 
1211673426 24241 94663 7.810156 146 2918 3751 162.576379 0.142855 0.010076 6357 
1211773426 24274 94807 7.811403 146 2922 3761 162.704952 0.142774 0.009998 6360 
1211873426 24315 94980 7.812461 146 2930 3766 162.840716 0.142938 0.010087 6372 
1211973426 24366 95172 7.811869 146 2930 3795 162.928999 0.142979 0.010133 6379 
1212073426 24415 95397 7.814622 146 2936 3802 163.179767 0.142833 0.010099 6389 
1212173426 24468 95660 7.819192 146 2942 3797 163.453000 0.142911 0.010024 6393 
1212273426 24520 95823 7.815905 147 2955 3814 163.464600 0.142853 0.009994 6398 
1212373426 24557 95969 7.816020 147 2962 3826 163.559067 0.143040 0.009973 6406 
1212473426 24615 96216 7.817672 147 2970 3838 163.776884 0.142826 0.009884 6411 
1212573426 24668 96438 7.818875 147 2981 3841 163.953543 0.142679 0.009857 6416 
1212673426 24726 96634 7.816388 147 2998 3853 163.996198 0.142801 0.009940 6422 
1212773426 24792 96875 7.815021 148 3004 3882 164.144966 0.142747 0.009957 6436 
1212873426 24844 97083 7.815408 148 3014 3888 164.273547 0.142912 0.009990 6440 
1212973426 24899 97257 7.812121 148 3026 3908 164.306920 0.142991 0.009904 6440 
1213073426 24964 97472 7.809005 148 3038 3930 164.351226 0.143102 0.009888 6446 
1213173426 25020 97684 7.808473 148 3053 3942 164.493525 0.143127 0.009839 6453 
1213273426 25073 97900 7.809197 148 3063 3956 164.687353 0.143041 0.009767 6460 
1213373426 25127 98115 7.809528 148 3079 3950 164.864807 0.142665 0.009696 6462 
1213473426 25165 98274 7.810372 148 3089 3956 164.978184 0.142587 0.009676 6470 
1213573426 25211 98446 7.809766 148 3093 3978 165.067709 0.142679 0.009636 6473 
1213673426 25280 98707 7.809098 148 3105 4000 165.188924 0.142776 0.009813 6490 
1213773426 25330 98961 7.813739 148 3103 4009 165.496960 0.142480 0.009759 6497 
1213873426 25368 99154 7.817250 148 3103 4010 165.692368 0.142443 0.009747 6505 
1213973426 25434 99381 7.814815 148 3121 4024 165.799324 0.142431 0.009852 6518 
1214073426 25486 99565 7.813309 149 3125 4047 165.847917 0.142534 0.009825 6524 
1214173426 25529 99747 7.814407 149 3134 4051 165.996396 0.142365 0.009800 6529 
1214273426 25607 100027 7.812473 149 3148 4065 166.140743 0.142400 0.009835 6534 
1214373426 25679 100301 7.811909 149 3159 4074 166.299155 0.142524 0.009781 6539 
1214473426 25736 100535 7.812791 149 3170 4078 166.506683 0.142403 0.009723 6543 
1214573426 25816 100779 7.807484 149 3191 4097 166.463511 0.142405 0.009647 6551 
1214673426 25890 101002 7.802395 149 3217 4105 166.443260 0.142574 0.009610 6561 
1214773426 25939 101214 7.804002 149 3217 4108 166.596091 0.142528 0.009580 6565 
1214873426 26015 101489 7.802345 149 3240 4120 166.727196 0.142877 0.009534 6575 
1214973426 26087 101778 7.802967 149 3253 4129 166.895465 0.142977 0.009442 6579 
1215073426 26141 102061 7.808500 149 3253 4146 167.231016 0.143061 0.009379 6586 
1215173426 26203 102250 7.804450 150 3267 4165 167.268633 0.142930 0.009435 6591 
1215273426 26235 102383 7.805070 150 3274 4168 167.362074 0.143051 0.009413 6593 
1215373426 26276 102563 7.806592 150 3282 4179 167.526336 0.142784 0.009442 6598 
1215473426 26349 102821 7.804547 150 3291 4206 167.590117 0.143113 0.009382 6602 
1215573426 26439 103129 7.801278 150 3312 4236 167.698249 0.143181 0.009330 6607 
1215673426 26525 103420 7.797926 150 3337 4252 167.772667 0.143102 0.009370 6616 
1215773426 26589 103654 7.796758 150 3348 4273 167.895145 0.142941 0.009477 6627 
1215873426 26630 103845 7.799099 150 3353 4281 168.084041 0.142983 0.009449 6630 
1215973426 26674 104048 7.801455 150 3360 4288 168.296244 0.142782 0.009513 6640 
1216073426 26736 104298 7.802065 150 3381 4291 168.478680 0.142763 0.009476 6652 
1216173426 26823 104647 7.802781 150 3392 4313 168.697163 0.142810 0.009551 6666 
1216273426 26898 104929 7.801993 151 3407 4319 168.792773 0.143002 0.009644 6675 
1216373426 26969 105169 7.799251 151 3422 4342 168.856613 0.143261 0.009677 6682 
1216473426 27008 105369 7.802799 151 3416 4347 169.079236 0.143185 0.009627 6685 
1216573426 27057 105571 7.803600 151 3420 4366 169.214030 0.143226 0.009595 6687 
1216673426 27151 105873 7.798829 151 3443 4382 169.225811 0.143272 0.009625 6694 
1216773426 27253 106211 7.794445 152 3478 4406 169.371592 0.143006 0.009858 6715 
1216873426 27368 106553 7.786685 152 3509 4439 169.390821 0.142715 0.009782 6723 
1216973426 27456 106837 7.782416 152 3529 4457 169.407416 0.142834 0.009830 6726 
1217073426 27521 107068 7.780822 153 3531 4480 169.422259 0.142852 0.009763 6732 
1217173426 27590 107292 7.777601 153 3555 4485 169.472345 0.142860 0.009732 6738 
1217273426 27673 107586 7.775521 153 3573 4500 169.594406 0.142730 0.009797 6747 
1217373426 27772 107929 7.772505 154 3582 4528 169.688823 0.142965 0.009752 6762 
1217473426 27872 108280 7.769805 154 3602 4552 169.845723 0.142961 0.009703 6772 
1217573426 27950 108619 7.772379 154 3611 4556 170.086512 0.143152 0.009637 6787 
1217673426 28030 108891 7.769604 154 3630 4577 170.149055 0.143447 0.009604 6798 
1217773426 28093 109121 7.768554 154 3650 4590 170.287047 0.143645 0.009534 6808 
1217873426 28185 109454 7.766826 154 3668 4613 170.358347 0.144023 0.009472 6818 
1217973426 28303 109845 7.762075 155 3703 4628 170.508427 0.144049 0.009611 6834 
1218073426 28426 110249 7.756913 155 3729 4658 170.639415 0.143652 0.009706 6846 
1218173426 28539 110627 7.752689 155 3749 4690 170.686639 0.143929 0.009589 6858 
1218273426 28592 110888 7.756575 155 3749 4709 170.938654 0.144049 0.009546 6866 
1218373426 28655 111080 7.752923 155 3767 4727 170.935544 0.144006 0.009475 6868 
1218473426 28738 111365 7.750365 155 3787 4741 171.009952 0.143987 0.009415 6876 
1218573426 28852 111725 7.744697 155 3807 4779 171.022529 0.143877 0.009339 6890 
1218673426 28951 112090 7.743429 155 3825 4804 171.168526 0.144142 0.009322 6908 
1218773426 29046 112466 7.743992 156 3835 4829 171.377470 0.143959 0.009281 6916 
1218873426 29138 112765 7.740065 156 3858 4848 171.483836 0.143891 0.009277 6921 
1218973426 29228 113023 7.733885 156 3878 4871 171.451485 0.143796 0.009264 6930 
1219073426 29306 113378 7.737528 156 3891 4887 171.738211 0.143728 0.009281 6939 
1219173426 29435 113821 7.733718 156 3918 4934 171.927501 0.143705 0.009204 6949 
1219273426 29546 114218 7.731537 156 3947 4949 172.079199 0.143981 0.009148 6959 
1219373426 29657 114617 7.729507 156 3971 4972 172.235223 0.144118 0.009107 6971 
1219473426 29758 114972 7.727132 156 3978 5015 172.347470 0.144105 0.009045 6983 
1219573426 29836 115245 7.725231 156 3995 5038 172.419292 0.144020 0.009025 6989 
1219673426 29934 115579 7.722256 156 4015 5058 172.521881 0.144192 0.008977 6999 
1219773426 30072 116020 7.716148 157 4057 5082 172.651304 0.143799 0.008927 7016 
1219873426 30180 116467 7.718158 158 4075 5089 172.970908 0.143879 0.008863 7034 
1219973426 30277 116863 7.719589 158 4079 5121 173.224560 0.143887 0.008902 7046 
1220073426 30383 117180 7.713524 158 4101 5147 173.199223 0.143987 0.009012 7054 
1220173426 30432 117406 7.715957 159 4111 5143 173.382755 0.143766 0.009028 7059 
1220273426 30480 117645 7.719488 160 4114 5145 173.606824 0.143534 0.008964 7067 
1220373426 30532 117889 7.722324 160 4125 5146 173.846522 0.143382 0.008995 7074 
1220473426 30579 118136 7.726610 161 4126 5154 174.144217 0.143016 0.008938 7082 
1220573426 30616 118394 7.734126 161 4114 5160 174.484191 0.142950 0.008908 7095 
1220673426 30692 118667 7.732764 162 4131 5168 174.599374 0.142889 0.008961 7107 
1220773426 30762 118983 7.735713 162 4139 5181 174.868409 0.142845 0.008941 7121 
1220873426 30833 119240 7.734570 162 4152 5193 174.978367 0.142929 0.008892 7139 
1220973426 30928 119702 7.740688 163 4159 5206 175.446392 0.142746 0.008820 7152 
1221073426 31051 120077 7.734179 163 4179 5238 175.399375 0.142871 0.008758 7163 
1221173426 31159 120462 7.732084 163 4195 5257 175.491447 0.143149 0.008711 7172 
1221273426 31277 120846 7.727467 163 4220 5289 175.569268 0.143114 0.008657 7185 
1221373426 31363 121193 7.728406 163 4232 5313 175.748302 0.143104 0.008558 7192 
1221473426 31433 121494 7.730347 164 4231 5338 175.927592 0.142954 0.008520 7194 
1221573426 31528 121869 7.730842 165 4239 5362 176.157955 0.142718 0.008576 7206 
1221673426 31695 122438 7.726014 165 4271 5409 176.288752 0.142658 0.008463 7222 
1221773426 31814 122915 7.727101 166 4272 5448 176.588232 0.142497 0.008656 7234 
1221873426 31929 123320 7.724639 167 4302 5458 176.725171 0.142488 0.008756 7253 
1221973426 32034 123677 7.721608 167 4319 5487 176.827184 0.142588 0.008766 7269 
1222073426 32119 124018 7.722407 168 4327 5499 177.040319 0.142521 0.008710 7288 
1222173426 32225 124431 7.722638 169 4341 5517 177.305943 0.142378 0.008704 7304 
1222273426 32352 124846 7.717977 169 4365 5551 177.368509 0.142420 0.008627 7312 
1222373426 32467 125284 7.717621 169 4379 5567 177.546740 0.142427 0.008657 7323 
1222473426 32579 125678 7.715277 169 4395 5597 177.648976 0.142412 0.008651 7333 
1222573426 32659 125946 7.712790 169 4412 5616 177.696929 0.142510 0.008675 7342 
1222673426 32765 126305 7.709751 169 4431 5634 177.786418 0.142460 0.008594 7348 
1222773426 32857 126749 7.715190 169 4435 5660 178.217305 0.142326 0.008686 7364 
1222873426 32979 127182 7.712908 169 4461 5693 178.361139 0.142220 0.008736 7375 
1222973426 33085 127693 7.719087 169 4451 5721 178.778359 0.142261 0.008795 7397 
1223073426 33205 128194 7.721367 171 4468 5737 179.170306 0.141794 0.008801 7421 
1223173426 33282 128554 7.725137 172 4471 5740 179.410973 0.141882 0.008736 7431 
1223273426 33367 128887 7.725417 173 4481 5748 179.558366 0.141830 0.008761 7438 
1223373426 33470 129303 7.726501 174 4488 5771 179.806274 0.141484 0.008711 7452 
1223473426 33600 129803 7.726369 175 4513 5794 180.100595 0.141280 0.008649 7471 
1223573426 33747 130243 7.718790 175 4557 5842 180.081667 0.141389 0.008589 7485 
1223673426 33870 130766 7.721642 175 4568 5868 180.446177 0.141064 0.008540 7496 
1223773426 33966 131107 7.719896 175 4593 5886 180.516399 0.141371 0.008580 7514 
1223873426 34055 131529 7.724504 175 4594 5909 180.908002 0.141200 0.008545 7531 
1223973426 34185 132101 7.728594 175 4599 5923 181.217142 0.141154 0.008453 7546 
1224073426 34292 132512 7.728450 175 4615 5941 181.364050 0.141347 0.008401 7553 
1224173426 34417 133017 7.729727 175 4622 5967 181.636284 0.141425 0.008347 7574 
1224273426 34569 133614 7.730279 175 4635 6006 181.893488 0.141567 0.008312 7592 
1224373426 34660 133921 7.727698 175 4656 6030 181.943797 0.141618 0.008409 7603 
1224473426 34754 134299 7.728549 175 4671 6038 182.127870 0.141893 0.008395 7619 
1224573426 34906 134893 7.728929 176 4686 6072 182.390878 0.141725 0.008476 7634 
1224673426 35031 135360 7.728012 176 4714 6094 182.555736 0.141946 0.008526 7648 
1224773426 35171 135926 7.729436 176 4736 6129 182.896932 0.141821 0.008461 7661 
1224873426 35306 136479 7.731207 177 4745 6171 183.224268 0.142029 0.008413 7682 
1224973426 35389 136837 7.733307 177 4751 6188 183.415638 0.142136 0.008454 7693 
1225073426 35476 137159 7.732495 178 4768 6203 183.529823 0.141982 0.008635 7708 
1225173426 35618 137713 7.732776 178 4801 6187 183.768151 0.142314 0.008642 7728 
1225273426 35741 138142 7.730170 178 4831 6202 183.907781 0.142233 0.008606 7739 
1225373426 35845 138580 7.732180 178 4832 6223 184.145739 0.142086 0.008569 7745 
1225473426 35996 139109 7.729137 178 4867 6238 184.302367 0.142155 0.008542 7761 
1225573426 36076 139458 7.731345 178 4876 6256 184.536811 0.142181 0.008487 7772 
1225673426 36153 139785 7.732968 178 4881 6274 184.732221 0.141975 0.008432 7782 
1225773426 36307 140380 7.732944 178 4903 6305 185.013138 0.141988 0.008326 7792 
1225873426 36427 140826 7.731957 178 4923 6337 185.189502 0.142052 0.008271 7810 
1225973426 36549 141290 7.731538 178 4933 6355 185.317355 0.142305 0.008209 7820 
1226073426 36701 141850 7.730035 179 4951 6385 185.520885 0.142486 0.008151 7836 
1226173426 36814 142327 7.732221 179 4981 6391 185.830608 0.142179 0.008104 7846 
1226273426 36907 142783 7.737448 179 4979 6402 186.191129 0.141922 0.008069 7860 
1226373426 37058 143514 7.745372 179 4979 6423 186.807113 0.141714 0.007998 7887 
1226473426 37242 144206 7.744267 179 5001 6486 187.059879 0.141783 0.008111 7919 
1226573426 37404 144774 7.741097 179 5026 6518 187.209657 0.141819 0.008060 7931 
1226673426 37596 145431 7.736515 179 5072 6559 187.365518 0.141790 0.008181 7954 
1226773426 37719 146002 7.741563 179 5081 6587 187.743843 0.141902 0.008300 7972 
1226873426 37825 146482 7.745248 179 5099 6592 188.084283 0.141746 0.008342 7990 
1226973426 37987 147161 7.747966 180 5112 6615 188.422776 0.141804 0.008370 8013 
1227073426 38170 147827 7.745717 181 5136 6675 188.645533 0.141696 0.008359 8032 
1227173426 38309 148401 7.747579 181 5140 6708 188.957321 0.141460 0.008425 8050 
1227273426 38465 148986 7.746575 182 5150 6767 189.144261 0.141171 0.008398 8066 
1227373426 38603 149468 7.743854 182 5171 6803 189.286636 0.141276 0.008344 8079 
1227473426 38708 149923 7.746357 183 5182 6809 189.601529 0.141118 0.008295 8095 
1227573426 38868 150538 7.746115 184 5199 6857 189.855923 0.141019 0.008218 8110 
1227673426 39046 151229 7.746197 185 5217 6883 190.156533 0.140986 0.008251 8138 
1227773426 39167 151741 7.748411 185 5236 6900 190.505783 0.140451 0.008187 8152 
1227873426 39273 152139 7.747766 186 5261 6910 190.671148 0.140461 0.008181 8169 
1227973426 39382 152553 7.747347 186 5278 6930 190.845869 0.140402 0.008155 8177 
1228073426 39521 153047 7.745098 186 5302 6951 190.991119 0.140374 0.008136 8194 
1228173426 39662 153673 7.749130 187 5320 6943 191.366547 0.140361 0.008165 8214 
1228273426 39851 154410 7.749366 189 5326 6981 191.643924 0.140217 0.008191 8230 
1228373426 40002 155157 7.757462 189 5327 6998 192.294835 0.139736 0.008156 8253 
1228473426 40175 155812 7.756665 190 5371 7021 192.524107 0.139749 0.008109 8270 
1228573426 40291 156362 7.761634 191 5381 7042 192.926063 0.139729 0.008112 8291 
1228673426 40406 156891 7.765728 191 5385 7063 193.350542 0.139408 0.008071 8302 
1228773426 40562 157583 7.769982 191 5394 7090 193.739362 0.139281 0.007989 8314 
1228873426 40753 158325 7.769980 193 5412 7142 194.124457 0.138751 0.008021 8338 
1228973426 40918 159032 7.773205 193 5430 7177 194.533164 0.138776 0.007990 8368 
1229073426 41075 159700 7.776019 193 5446 7208 194.915642 0.138602 0.007896 8386 
1229173426 41194 160172 7.776472 193 5469 7216 195.100888 0.138617 0.007943 8400 
1229273426 41329 160642 7.773815 194 5499 7226 195.209901 0.138526 0.007940 8412 
1229373426 41482 161292 7.776481 194 5515 7243 195.452341 0.138748 0.007872 8429 
1229473426 41686 162102 7.777287 196 5531 7290 195.834189 0.138814 0.007838 8461 
1229573426 41874 162887 7.779863 197 5537 7334 196.286622 0.138515 0.007871 8493 
1229673426 42060 163577 7.778269 199 5564 7380 196.588302 0.138074 0.007850 8512 
1229773426 42191 164154 7.781470 200 5588 7383 196.984949 0.137986 0.007794 8532 
1229873426 42297 164669 7.786321 200 5602 7394 197.342317 0.137992 0.007825 8554 
1229973426 42457 165441 7.793344 203 5588 7449 197.858539 0.137867 0.007887 8588 
1230073426 42626 166225 7.799231 203 5581 7478 198.328954 0.137993 0.007865 8620 
1230173426 42765 166837 7.802502 204 5572 7530 198.716427 0.137754 0.007837 8636 
1230273426 42887 167345 7.803997 206 5591 7550 199.031735 0.137435 0.007776 8648 
1230373426 43006 167810 7.804027 206 5614 7555 199.216202 0.137378 0.007704 8664 
1230473426 43126 168323 7.806103 206 5623 7582 199.508000 0.137365 0.007745 8695 
1230573426 43313 169052 7.806063 206 5654 7618 199.734676 0.137517 0.007734 8720 
1230673426 43538 169862 7.802931 207 5692 7673 199.954431 0.137593 0.007663 8746 
1230773426 43759 170683 7.801047 209 5706 7724 200.170799 0.137713 0.007703 8769 
1230873426 43928 171303 7.799262 209 5732 7764 200.329585 0.137727 0.007726 8783 
1230973426 44100 171970 7.799093 209 5744 7821 200.593832 0.137526 0.007723 8801 
1231073426 44197 172531 7.807362 209 5735 7835 201.113062 0.137463 0.007771 8819 
1231173426 44341 173202 7.812273 209 5739 7866 201.596175 0.137278 0.007732 8841 
1231273426 44489 174122 7.827643 209 5720 7874 202.494504 0.136969 0.007714 8881 
1231373426 44625 175014 7.843765 210 5702 7861 203.386846 0.136816 0.007700 8914 
1231473426 44748 175872 7.860552 211 5668 7880 204.306785 0.136424 0.007646 8946 
1231573426 44847 176602 7.875755 211 5649 7879 205.154414 0.136222 0.007719 8981 
1231673426 44930 177143 7.885288 212 5644 7890 205.747874 0.136044 0.007670 9001 
1231773426 45024 177769 7.896633 212 5618 7895 206.430526 0.135594 0.007642 9023 
1231873426 45149 178600 7.911582 213 5610 7896 207.309265 0.135234 0.007581 9049 
1231973426 45266 179424 7.927539 213 5594 7899 208.237043 0.135160 0.007540 9093 
1232073426 45375 180181 7.941862 213 5582 7886 209.062788 0.134890 0.007523 9126 
1232173426 45486 180930 7.955415 213 5568 7881 209.889548 0.134548 0.007504 9143 
1232273426 45569 181512 7.966468 214 5566 7851 210.529746 0.134331 0.007553 9177 
1232373426 45625 182035 7.979616 214 5540 7845 211.172077 0.134065 0.007582 9194 
1232473426 45717 182766 7.995538 214 5527 7837 212.064484 0.133853 0.007523 9222 
1232573426 45806 183368 8.006287 215 5508 7851 212.740471 0.133814 0.007485 9251 
1232673426 45813 183412 8.006985 215 5510 7847 212.770829 0.133833 0.007483 9253 
