Timestamp NoNodes NoLinks AverageDegree MaxDeg Singletons Doubletons MeanSquaredDeg Assortativity AverageClustering TriCount 
1165073426 0 0 0.000000 0 0 0 0.000000 0.000000 0.000000 0 
1165173426 8001 18422 4.604924 46 2050 1322 42.197725 0.207901 0.090260 4148 
1165273426 8038 18564 4.619059 46 2043 1346 42.493158 0.207213 0.089279 4161 
1165373426 8076 18711 4.633730 46 2029 1360 42.743190 0.206041 0.087702 4166 
1165473426 8111 18879 4.655160 46 2018 1374 43.154235 0.204085 0.086562 4174 
1165573426 8137 18988 4.667076 46 2009 1387 43.379624 0.204698 0.086185 4180 
1165673426 8160 19095 4.680147 46 2005 1391 43.617157 0.206162 0.085277 4186 
1165773426 8181 19173 4.687202 47 2001 1399 43.743063 0.206176 0.084620 4188 
1165873426 8215 19299 4.698478 47 2000 1410 43.963725 0.205333 0.083640 4189 
1165973426 8257 19435 4.707521 47 2003 1429 44.191595 0.204757 0.082329 4194 
1166073426 8298 19602 4.724512 47 1986 1448 44.510725 0.203991 0.081827 4204 
1166173426 8328 19726 4.737272 47 1984 1453 44.782421 0.204154 0.080845 4206 
1166273426 8346 19822 4.750060 47 1975 1460 45.034028 0.203639 0.080313 4209 
1166373426 8359 19918 4.765642 47 1966 1457 45.290106 0.203152 0.079621 4218 
1166473426 8389 20042 4.778162 47 1956 1473 45.534629 0.203908 0.078776 4221 
1166573426 8415 20171 4.794058 47 1944 1485 45.792513 0.205286 0.078102 4226 
1166673426 8447 20313 4.809518 47 1935 1499 46.124304 0.205124 0.077130 4232 
1166773426 8476 20461 4.827985 47 1934 1500 46.537990 0.204428 0.076208 4239 
1166873426 8504 20566 4.836783 47 1930 1505 46.718015 0.203261 0.075397 4243 
1166973426 8516 20633 4.845702 47 1925 1510 46.927666 0.203464 0.075110 4245 
1167073426 8538 20763 4.863668 47 1907 1521 47.252987 0.203408 0.074184 4248 
1167173426 8558 20871 4.877541 47 1896 1533 47.524889 0.202768 0.073633 4249 
1167273426 8582 20982 4.889769 47 1886 1549 47.786064 0.202575 0.072895 4251 
1167373426 8612 21105 4.901301 47 1880 1550 47.971435 0.202530 0.072552 4257 
1167473426 8635 21213 4.913260 47 1873 1556 48.223046 0.202149 0.071657 4262 
1167573426 8648 21284 4.922294 47 1863 1564 48.417669 0.201977 0.071363 4262 
1167673426 8671 21385 4.932534 47 1854 1569 48.611694 0.202415 0.070866 4268 
1167773426 8697 21503 4.944924 47 1846 1569 48.849258 0.202058 0.070312 4277 
1167873426 8735 21623 4.950887 47 1843 1592 49.047968 0.200886 0.069652 4278 
1167973426 8765 21750 4.962921 47 1823 1610 49.251569 0.200288 0.068956 4280 
1168073426 8787 21837 4.970297 47 1822 1619 49.412769 0.199567 0.068391 4281 
1168173426 8813 21931 4.976966 48 1820 1631 49.562691 0.200061 0.067791 4288 
1168273426 8844 22043 4.984848 48 1817 1638 49.715966 0.200248 0.067462 4294 
1168373426 8874 22175 4.997746 48 1811 1643 49.991436 0.197886 0.066867 4298 
1168473426 8905 22305 5.009545 48 1803 1655 50.229759 0.197533 0.066199 4298 
1168573426 8934 22435 5.022386 48 1794 1663 50.468323 0.197337 0.065654 4303 
1168673426 8958 22532 5.030587 48 1791 1669 50.659299 0.197637 0.065135 4305 
1168773426 8980 22623 5.038530 48 1790 1667 50.808463 0.198345 0.065039 4309 
1168873426 9004 22704 5.043092 48 1786 1676 50.908041 0.198834 0.064507 4310 
1168973426 9035 22847 5.057443 49 1781 1681 51.222800 0.198401 0.063594 4312 
1169073426 9073 22983 5.066240 49 1779 1700 51.455087 0.197966 0.062964 4314 
1169173426 9104 23131 5.081503 50 1782 1702 51.822935 0.196360 0.062348 4322 
1169273426 9133 23254 5.092303 50 1775 1713 52.079711 0.195361 0.061661 4324 
1169373426 9152 23362 5.105332 50 1771 1712 52.389423 0.195025 0.061281 4327 
1169473426 9178 23459 5.112007 50 1768 1718 52.539333 0.195532 0.060760 4329 
1169573426 9209 23582 5.121512 50 1756 1741 52.751656 0.195747 0.060178 4330 
1169673426 9239 23733 5.137569 50 1752 1741 53.088213 0.196315 0.059443 4334 
1169773426 9280 23891 5.148922 50 1755 1737 53.332328 0.196424 0.058656 4335 
1169873426 9310 24009 5.157680 50 1750 1744 53.554672 0.196458 0.058351 4336 
1169973426 9330 24116 5.169561 50 1744 1752 53.837085 0.196415 0.057908 4340 
1170073426 9351 24229 5.182120 50 1745 1750 54.111646 0.195087 0.057555 4343 
1170173426 9380 24375 5.197228 52 1741 1754 54.515991 0.193558 0.056861 4348 
1170273426 9420 24550 5.212314 52 1740 1751 54.892144 0.193130 0.056048 4350 
1170373426 9448 24733 5.235605 52 1723 1757 55.395428 0.192908 0.055494 4356 
1170473426 9479 24909 5.255618 52 1718 1759 55.819179 0.193511 0.054690 4357 
1170573426 9508 25041 5.267354 52 1709 1775 56.125158 0.192594 0.054235 4358 
1170673426 9532 25164 5.279899 52 1710 1772 56.437893 0.191489 0.053676 4361 
1170773426 9559 25282 5.289675 52 1711 1775 56.695679 0.190636 0.053197 4362 
1170873426 9601 25431 5.297573 52 1710 1783 56.890949 0.190106 0.052793 4367 
1170973426 9630 25603 5.317342 52 1693 1785 57.271236 0.189538 0.052195 4368 
1171073426 9666 25752 5.328367 52 1684 1799 57.533209 0.189774 0.051733 4371 
1171173426 9697 25886 5.338971 52 1685 1803 57.781376 0.189375 0.051526 4375 
1171273426 9724 26026 5.352941 52 1669 1816 58.069519 0.190172 0.051056 4378 
1171373426 9748 26181 5.371563 52 1666 1809 58.477431 0.190126 0.050638 4384 
1171473426 9793 26339 5.379148 52 1670 1817 58.705198 0.191186 0.050144 4386 
1171573426 9834 26536 5.396787 53 1666 1814 59.146227 0.191577 0.049356 4392 
1171673426 9865 26659 5.404764 53 1674 1822 59.405575 0.192194 0.048925 4398 
1171773426 9879 26732 5.411884 54 1675 1825 59.620609 0.191100 0.048791 4399 
1171873426 9892 26800 5.418520 54 1672 1828 59.765871 0.191085 0.048588 4402 
1171973426 9907 26878 5.426062 54 1661 1839 59.920864 0.191424 0.048315 4403 
1172073426 9924 26973 5.435913 54 1662 1843 60.173317 0.190512 0.047996 4406 
1172173426 9956 27135 5.450984 54 1653 1846 60.470068 0.190766 0.047637 4408 
1172273426 9982 27314 5.472651 55 1647 1842 61.012823 0.188954 0.047107 4413 
1172373426 10006 27430 5.482710 56 1643 1844 61.323606 0.187416 0.046847 4414 
1172473426 10038 27571 5.493325 56 1649 1849 61.641363 0.187464 0.046478 4418 
1172573426 10072 27771 5.514496 56 1635 1859 62.106235 0.187778 0.046302 4420 
1172673426 10105 27937 5.529342 56 1632 1862 62.451262 0.187650 0.045791 4430 
1172773426 10132 28128 5.552310 57 1627 1858 63.009870 0.187385 0.045345 4437 
1172873426 10164 28290 5.566706 57 1624 1868 63.382723 0.186660 0.044976 4440 
1172973426 10186 28381 5.572551 57 1623 1873 63.568624 0.186323 0.044733 4442 
1173073426 10221 28541 5.584776 57 1621 1870 63.869484 0.185365 0.044265 4445 
1173173426 10252 28736 5.605931 57 1608 1870 64.333398 0.184304 0.043623 4445 
1173273426 10283 28917 5.624234 60 1605 1869 64.794515 0.183582 0.043161 4449 
1173373426 10310 29095 5.644035 61 1601 1855 65.276043 0.184487 0.042794 4456 
1173473426 10344 29265 5.658353 63 1597 1854 65.654679 0.182770 0.042330 4459 
1173573426 10365 29382 5.669465 63 1595 1852 65.914327 0.182965 0.042012 4461 
1173673426 10383 29486 5.679669 63 1592 1848 66.158528 0.182575 0.041768 4462 
1173773426 10415 29650 5.693711 63 1584 1860 66.505233 0.181673 0.041366 4465 
1173873426 10451 29809 5.704526 63 1577 1862 66.803559 0.182435 0.040906 4474 
1173973426 10473 29988 5.726726 63 1571 1855 67.388714 0.181804 0.040689 4479 
1174073426 10507 30141 5.737318 65 1565 1867 67.707623 0.182500 0.040407 4485 
1174173426 10529 30275 5.750784 65 1553 1875 67.996391 0.181971 0.040114 4487 
1174273426 10548 30401 5.764316 65 1541 1880 68.323094 0.181747 0.039871 4490 
1174373426 10585 30585 5.778932 65 1537 1872 68.713462 0.180078 0.039444 4494 
1174473426 10616 30730 5.789375 65 1538 1865 69.009231 0.179530 0.039066 4495 
1174573426 10641 30891 5.806033 65 1538 1858 69.443661 0.178920 0.038640 4500 
1174673426 10673 31063 5.820856 65 1534 1873 69.858334 0.178798 0.038494 4507 
1174773426 10693 31168 5.829608 65 1536 1871 70.071636 0.178821 0.038161 4507 
1174873426 10717 31275 5.836521 65 1537 1882 70.292059 0.178678 0.037957 4510 
1174973426 10761 31452 5.845553 65 1540 1892 70.599201 0.178944 0.037563 4513 
1175073426 10788 31598 5.857990 65 1532 1898 70.958102 0.178350 0.037218 4514 
1175173426 10817 31740 5.868540 65 1535 1895 71.232504 0.177997 0.036868 4518 
1175273426 10847 31876 5.877385 65 1539 1896 71.508989 0.178057 0.036557 4522 
1175373426 10870 32001 5.887948 65 1537 1893 71.733027 0.178541 0.036289 4523 
1175473426 10881 32083 5.897068 65 1534 1892 71.971326 0.178236 0.036143 4524 
1175573426 10910 32256 5.913107 65 1528 1883 72.337855 0.178560 0.035785 4531 
1175673426 10931 32393 5.926814 65 1525 1880 72.699662 0.178389 0.035774 4533 
1175773426 10949 32519 5.940086 65 1523 1873 73.056718 0.176942 0.035456 4534 
1175873426 10982 32628 5.942087 65 1530 1879 73.164815 0.176164 0.035324 4537 
1175973426 11005 32749 5.951658 65 1532 1875 73.409359 0.176362 0.035086 4539 
1176073426 11031 32860 5.957755 65 1534 1879 73.587889 0.176137 0.034857 4541 
1176173426 11060 33037 5.974141 65 1534 1880 74.084629 0.176201 0.034481 4544 
1176273426 11108 33286 5.993158 65 1522 1895 74.562117 0.176639 0.034297 4547 
1176373426 11128 33409 6.004493 65 1522 1889 74.918584 0.176035 0.034086 4550 
1176473426 11152 33535 6.014168 65 1520 1889 75.138630 0.175852 0.033804 4550 
1176573426 11170 33647 6.024530 66 1514 1888 75.411996 0.175299 0.033461 4550 
1176673426 11190 33758 6.033601 66 1516 1892 75.665416 0.175098 0.033300 4554 
1176773426 11219 33956 6.053302 67 1505 1891 76.128888 0.174730 0.032929 4556 
1176873426 11255 34181 6.073923 67 1494 1896 76.678099 0.174404 0.032529 4563 
1176973426 11282 34332 6.086155 67 1487 1912 77.005673 0.174014 0.032300 4566 
1177073426 11321 34506 6.095928 67 1492 1919 77.311898 0.173961 0.032042 4569 
1177173426 11346 34619 6.102415 67 1489 1923 77.471003 0.174137 0.031816 4571 
1177273426 11364 34721 6.110700 67 1484 1925 77.654171 0.174243 0.031619 4575 
1177373426 11393 34887 6.124287 67 1483 1926 78.060915 0.173982 0.031382 4579 
1177473426 11419 35081 6.144321 67 1471 1930 78.568176 0.173889 0.031132 4582 
1177573426 11454 35261 6.156976 68 1465 1952 79.002270 0.173391 0.030889 4589 
1177673426 11491 35419 6.164651 68 1466 1964 79.329562 0.172686 0.030624 4590 
1177773426 11516 35534 6.171240 68 1474 1966 79.570858 0.173068 0.030456 4595 
1177873426 11536 35645 6.179785 68 1468 1972 79.766644 0.173212 0.030321 4596 
1177973426 11576 35835 6.191258 68 1470 1974 80.130270 0.173025 0.029908 4602 
1178073426 11609 36023 6.206047 68 1462 1984 80.650013 0.171992 0.029788 4614 
1178173426 11641 36207 6.220600 69 1460 1994 81.125848 0.171065 0.029554 4617 
1178273426 11661 36331 6.231198 69 1459 1997 81.441900 0.170938 0.029477 4619 
1178373426 11685 36484 6.244587 69 1449 2008 81.843218 0.170432 0.029273 4621 
1178473426 11711 36599 6.250363 70 1448 2012 82.030740 0.169832 0.029000 4621 
1178573426 11733 36780 6.269496 70 1444 1998 82.507458 0.169365 0.028793 4623 
1178673426 11765 36974 6.285423 70 1442 2001 82.938547 0.168930 0.028569 4626 
1178773426 11804 37157 6.295662 70 1435 2011 83.272281 0.168069 0.028353 4628 
1178873426 11834 37320 6.307250 70 1441 2010 83.596924 0.168369 0.028146 4632 
1178973426 11849 37398 6.312431 70 1443 2004 83.750359 0.168579 0.028070 4635 
1179073426 11876 37522 6.318963 71 1445 2010 83.952172 0.168693 0.027924 4636 
1179173426 11910 37704 6.331486 71 1446 2005 84.371285 0.167976 0.027892 4641 
1179273426 11941 37893 6.346705 71 1441 2015 84.819697 0.167633 0.027584 4647 
1179373426 11980 38066 6.354925 71 1437 2017 85.063272 0.167417 0.027352 4648 
1179473426 12010 38240 6.368027 72 1431 2031 85.487094 0.166624 0.027209 4653 
1179573426 12027 38366 6.379978 72 1428 2021 85.817078 0.166775 0.027104 4658 
1179673426 12044 38462 6.386915 72 1430 2023 86.014447 0.166768 0.027039 4662 
1179773426 12066 38619 6.401293 73 1424 2020 86.377424 0.166529 0.026868 4666 
1179873426 12091 38770 6.413034 73 1420 2014 86.737739 0.166605 0.026741 4674 
1179973426 12135 39001 6.427853 73 1427 2007 87.222085 0.165339 0.026367 4677 
1180073426 12170 39212 6.444043 73 1420 2007 87.731635 0.164410 0.026174 4684 
1180173426 12189 39325 6.452539 74 1416 2014 87.994585 0.164027 0.026010 4685 
1180273426 12206 39428 6.460429 74 1415 2016 88.246108 0.163849 0.025953 4691 
1180373426 12241 39578 6.466465 74 1427 2015 88.442448 0.164397 0.025716 4693 
1180473426 12265 39759 6.483327 74 1421 2020 88.922462 0.164257 0.025454 4699 
1180573426 12300 39995 6.503252 74 1417 2003 89.441626 0.164398 0.025270 4710 
1180673426 12330 40181 6.517599 74 1423 2003 89.902028 0.163792 0.025048 4716 
1180773426 12352 40321 6.528659 74 1424 2003 90.266677 0.163617 0.024911 4721 
1180873426 12370 40415 6.534357 74 1429 1995 90.452061 0.163813 0.024840 4724 
1180973426 12392 40528 6.540994 74 1432 1993 90.630568 0.163882 0.024738 4725 
1181073426 12441 40702 6.543204 74 1437 2006 90.759103 0.163750 0.024480 4726 
1181173426 12477 40864 6.550293 74 1439 2019 90.989661 0.163699 0.024379 4730 
1181273426 12519 41038 6.556115 74 1443 2033 91.259046 0.163359 0.024134 4733 
1181373426 12547 41162 6.561250 74 1439 2047 91.414521 0.163674 0.024002 4734 
1181473426 12573 41272 6.565179 74 1441 2056 91.627138 0.163809 0.023872 4738 
1181573426 12596 41410 6.575103 74 1445 2045 91.929978 0.163759 0.023861 4742 
1181673426 12635 41617 6.587574 75 1445 2043 92.359478 0.163500 0.023692 4748 
1181773426 12685 41824 6.594245 75 1447 2050 92.638707 0.163894 0.023616 4753 
1181873426 12720 42032 6.608805 76 1445 2055 93.168239 0.163567 0.023710 4760 
1181973426 12746 42191 6.620273 77 1440 2057 93.531304 0.163526 0.023631 4765 
1182073426 12774 42333 6.627994 77 1441 2063 93.818851 0.163242 0.023528 4769 
1182173426 12799 42472 6.636768 77 1440 2065 94.070162 0.163876 0.023358 4773 
1182273426 12829 42655 6.649778 77 1437 2056 94.491854 0.163926 0.023228 4785 
1182373426 12859 42827 6.661016 77 1437 2062 94.864608 0.163993 0.023044 4798 
1182473426 12900 43038 6.672558 77 1442 2062 95.273953 0.163495 0.022842 4801 
1182573426 12934 43220 6.683161 77 1444 2058 95.667079 0.163523 0.022740 4810 
1182673426 12958 43355 6.691619 77 1440 2058 95.907084 0.163293 0.022835 4812 
1182773426 12996 43496 6.693752 78 1438 2079 96.028778 0.163911 0.022668 4812 
1182873426 13040 43697 6.701994 78 1443 2089 96.399693 0.163200 0.022431 4816 
1182973426 13075 43858 6.708681 78 1441 2106 96.669981 0.162707 0.022310 4816 
1183073426 13122 44047 6.713458 78 1454 2108 96.907026 0.162697 0.022166 4822 
1183173426 13153 44210 6.722421 78 1449 2115 97.216605 0.162708 0.022040 4827 
1183273426 13173 44329 6.730282 78 1447 2115 97.540120 0.161933 0.021876 4829 
1183373426 13199 44472 6.738692 78 1447 2119 97.817107 0.161739 0.021682 4830 
1183473426 13237 44679 6.750623 78 1453 2119 98.227242 0.161923 0.021701 4837 
1183573426 13285 44855 6.752729 79 1462 2130 98.473015 0.161503 0.021493 4843 
1183673426 13314 45017 6.762355 80 1464 2135 98.831305 0.161081 0.021303 4845 
1183773426 13343 45231 6.779735 80 1460 2135 99.419621 0.160829 0.021209 4860 
1183873426 13377 45391 6.786424 81 1451 2147 99.614562 0.161006 0.021094 4863 
1183973426 13409 45543 6.792900 81 1456 2144 99.855470 0.160521 0.020970 4865 
1184073426 13452 45718 6.797205 81 1467 2153 100.153137 0.160204 0.020808 4869 
1184173426 13486 45911 6.808690 81 1473 2153 100.622423 0.159424 0.020585 4877 
1184273426 13521 46120 6.821981 81 1477 2140 101.053029 0.159330 0.020376 4880 
1184373426 13556 46314 6.832989 81 1474 2146 101.451461 0.158853 0.020249 4880 
1184473426 13569 46448 6.846194 81 1474 2139 101.873683 0.158258 0.020234 4886 
1184573426 13598 46651 6.861450 81 1471 2139 102.350493 0.158041 0.020235 4895 
1184673426 13636 46844 6.870637 81 1474 2132 102.725139 0.157719 0.020209 4900 
1184773426 13683 47033 6.874662 82 1479 2146 102.948915 0.157502 0.020128 4907 
1184873426 13726 47263 6.886638 82 1462 2171 103.362815 0.157528 0.019961 4911 
1184973426 13772 47466 6.893116 82 1473 2166 103.622277 0.157808 0.019705 4918 
1185073426 13811 47618 6.895663 83 1477 2171 103.790891 0.157914 0.019855 4923 
1185173426 13840 47764 6.902312 83 1471 2184 104.075434 0.157552 0.019789 4928 
1185273426 13867 47906 6.909353 83 1473 2178 104.352347 0.156849 0.019648 4929 
1185373426 13906 48076 6.914425 83 1478 2172 104.585215 0.156915 0.019397 4934 
1185473426 13942 48266 6.923827 83 1477 2179 104.962703 0.156216 0.019241 4940 
1185573426 13986 48454 6.928929 83 1481 2194 105.256685 0.156443 0.019115 4943 
1185673426 14010 48580 6.935046 83 1479 2200 105.508351 0.156330 0.019272 4946 
1185773426 14051 48764 6.941001 83 1481 2206 105.758167 0.157163 0.019167 4952 
1185873426 14090 48960 6.949610 83 1491 2203 106.059191 0.157539 0.019002 4956 
1185973426 14118 49132 6.960193 83 1488 2208 106.445106 0.157106 0.018787 4958 
1186073426 14159 49333 6.968430 83 1492 2214 106.714316 0.157657 0.018630 4960 
1186173426 14208 49547 6.974521 84 1506 2214 107.037021 0.156864 0.018444 4963 
1186273426 14234 49698 6.982998 84 1508 2212 107.339469 0.156999 0.018309 4965 
1186373426 14272 49879 6.989770 85 1508 2218 107.631867 0.156712 0.018183 4967 
1186473426 14315 50120 7.002445 86 1510 2215 108.095424 0.156193 0.018087 4972 
1186573426 14348 50334 7.016170 86 1507 2219 108.605241 0.155634 0.017926 4976 
1186673426 14387 50583 7.031765 86 1508 2212 109.173420 0.155636 0.017828 4983 
1186773426 14425 50777 7.040139 87 1512 2210 109.503640 0.155008 0.017672 4987 
1186873426 14455 50919 7.045175 87 1513 2216 109.743065 0.154805 0.017578 4989 
1186973426 14478 51059 7.053322 87 1512 2215 110.065064 0.154440 0.017439 4996 
1187073426 14511 51236 7.061677 87 1516 2215 110.401489 0.154515 0.017335 4998 
1187173426 14547 51436 7.071699 87 1513 2226 110.765931 0.154148 0.017375 5004 
1187273426 14584 51600 7.076248 87 1521 2231 111.014399 0.153619 0.017351 5009 
1187373426 14615 51802 7.088881 87 1521 2227 111.444406 0.153672 0.017189 5014 
1187473426 14643 51981 7.099775 87 1519 2230 111.794851 0.154069 0.017048 5019 
1187573426 14669 52136 7.108324 87 1511 2234 112.059036 0.154283 0.016962 5020 
1187673426 14702 52373 7.124609 87 1510 2241 112.638825 0.154267 0.016796 5021 
1187773426 14744 52537 7.126560 87 1522 2242 112.858519 0.153773 0.016705 5026 
1187873426 14778 52694 7.131412 87 1520 2252 113.078630 0.153776 0.016633 5027 
1187973426 14824 52879 7.134242 87 1519 2270 113.315300 0.153704 0.016611 5033 
1188073426 14851 53058 7.145377 87 1513 2278 113.682176 0.153484 0.016564 5038 
1188173426 14876 53233 7.156897 87 1512 2266 114.070718 0.153317 0.016391 5044 
1188273426 14916 53463 7.168544 88 1515 2273 114.515420 0.153129 0.016244 5048 
1188373426 14953 53667 7.178091 88 1517 2276 114.883702 0.153245 0.016240 5053 
1188473426 14981 53846 7.188572 89 1517 2271 115.286029 0.152556 0.016122 5054 
1188573426 15010 54020 7.197868 89 1521 2272 115.692205 0.152318 0.016077 5065 
1188673426 15039 54173 7.204335 89 1520 2273 115.959439 0.152258 0.015980 5068 
1188773426 15070 54326 7.209821 89 1518 2279 116.173988 0.152206 0.015909 5072 
1188873426 15096 54462 7.215421 89 1512 2287 116.392024 0.152300 0.015801 5075 
1188973426 15135 54687 7.226561 89 1512 2288 116.814536 0.151848 0.015681 5080 
1189073426 15174 54898 7.235798 91 1514 2294 117.225517 0.151069 0.015595 5086 
1189173426 15207 55073 7.243112 91 1514 2298 117.566647 0.151041 0.015704 5093 
1189273426 15246 55233 7.245573 92 1521 2306 117.707989 0.151415 0.015610 5097 
1189373426 15273 55399 7.254501 92 1524 2301 118.021214 0.151183 0.015504 5097 
1189473426 15333 55628 7.255984 92 1537 2311 118.223309 0.151234 0.015376 5098 
1189573426 15376 55846 7.264048 93 1540 2313 118.582076 0.150750 0.015287 5104 
1189673426 15418 56013 7.265923 94 1543 2327 118.740693 0.150449 0.015385 5105 
1189773426 15441 56152 7.273104 94 1544 2323 119.034000 0.149840 0.015382 5107 
1189873426 15480 56321 7.276615 95 1544 2332 119.270543 0.149616 0.015388 5118 
1189973426 15510 56483 7.283430 95 1546 2332 119.539523 0.149300 0.015285 5119 
1190073426 15563 56697 7.286127 96 1551 2342 119.778063 0.148655 0.015180 5122 
1190173426 15612 56943 7.294773 96 1565 2333 120.154625 0.148674 0.015030 5128 
1190273426 15667 57184 7.299930 96 1578 2338 120.429055 0.148463 0.015007 5134 
1190373426 15714 57405 7.306224 96 1588 2339 120.757286 0.148147 0.014775 5139 
1190473426 15750 57574 7.310984 96 1594 2340 121.030603 0.147713 0.014703 5142 
1190573426 15795 57726 7.309402 96 1603 2347 121.100728 0.148358 0.014774 5145 
1190673426 15846 57909 7.308974 96 1620 2357 121.284993 0.148617 0.014680 5151 
1190773426 15914 58135 7.306146 96 1633 2372 121.355913 0.148841 0.014573 5152 
1190873426 15965 58393 7.315127 96 1641 2385 121.787034 0.148670 0.014463 5160 
1190973426 16013 58601 7.319178 96 1652 2393 122.039718 0.148779 0.014409 5169 
1191073426 16050 58731 7.318505 98 1661 2402 122.153022 0.148543 0.014360 5173 
1191173426 16092 58872 7.316928 98 1675 2408 122.233532 0.148487 0.014304 5178 
1191273426 16160 59099 7.314233 98 1687 2428 122.407054 0.148292 0.014214 5180 
1191373426 16211 59360 7.323422 98 1695 2422 122.818086 0.148652 0.014161 5191 
1191473426 16270 59588 7.324892 98 1714 2431 123.005532 0.148585 0.014051 5193 
1191573426 16322 59794 7.326798 98 1720 2453 123.231712 0.148580 0.014052 5204 
1191673426 16367 59948 7.325472 98 1731 2465 123.303232 0.148820 0.013973 5206 
1191773426 16400 60066 7.325122 98 1743 2462 123.392927 0.148609 0.013930 5213 
1191873426 16443 60279 7.331874 98 1748 2473 123.737274 0.148537 0.013856 5215 
1191973426 16499 60514 7.335475 98 1755 2489 124.001333 0.148236 0.013724 5218 
1192073426 16556 60719 7.334984 98 1776 2497 124.175284 0.148302 0.013623 5227 
1192173426 16607 60919 7.336545 98 1786 2502 124.376468 0.147885 0.013559 5228 
1192273426 16641 61047 7.336939 99 1793 2504 124.463314 0.147619 0.013468 5229 
1192373426 16670 61168 7.338692 99 1795 2513 124.575285 0.147518 0.013416 5229 
1192473426 16707 61348 7.343988 99 1793 2514 124.830071 0.147675 0.013336 5241 
1192573426 16758 61601 7.351832 99 1799 2521 125.210288 0.147348 0.013209 5249 
1192673426 16810 61836 7.357049 99 1813 2530 125.545271 0.147177 0.013131 5259 
1192773426 16874 62062 7.355932 99 1828 2543 125.717791 0.147175 0.013062 5267 
1192873426 16902 62194 7.359366 99 1833 2544 125.869956 0.147326 0.013023 5272 
1192973426 16920 62277 7.361348 99 1835 2549 125.975296 0.147378 0.012997 5276 
1193073426 16949 62425 7.366216 99 1841 2544 126.208390 0.147435 0.012940 5280 
1193173426 16990 62665 7.376692 100 1845 2545 126.610948 0.147660 0.012870 5285 
1193273426 17044 62892 7.379958 100 1847 2560 126.777048 0.147926 0.012702 5285 
1193373426 17101 63101 7.379802 100 1861 2568 126.911409 0.148150 0.012610 5289 
1193473426 17124 63240 7.386125 100 1860 2568 127.183135 0.148141 0.012545 5295 
1193573426 17146 63325 7.386562 101 1861 2574 127.273533 0.147807 0.012522 5296 
1193673426 17174 63434 7.387213 101 1861 2592 127.374636 0.147636 0.012472 5297 
1193773426 17221 63647 7.391789 101 1873 2599 127.699437 0.147333 0.012426 5307 
1193873426 17264 63829 7.394462 101 1878 2603 127.961538 0.146908 0.012289 5316 
1193973426 17302 64026 7.400994 101 1878 2602 128.247948 0.146877 0.012236 5326 
1194073426 17340 64183 7.402884 101 1884 2607 128.423299 0.146523 0.012186 5331 
1194173426 17360 64308 7.408756 101 1884 2610 128.676152 0.146249 0.012177 5334 
1194273426 17394 64444 7.409911 101 1887 2615 128.808555 0.145970 0.012114 5339 
1194373426 17446 64652 7.411670 101 1897 2628 129.034621 0.146054 0.011970 5342 
1194473426 17482 64854 7.419517 101 1897 2629 129.374213 0.145722 0.012039 5348 
1194573426 17528 65086 7.426518 102 1899 2636 129.759356 0.145248 0.012114 5358 
1194673426 17576 65273 7.427515 102 1900 2657 129.900319 0.145351 0.011980 5361 
1194773426 17604 65401 7.430243 102 1907 2656 130.051806 0.145661 0.012022 5366 
1194873426 17636 65535 7.431957 102 1918 2657 130.209685 0.145685 0.011995 5376 
1194973426 17687 65767 7.436761 102 1919 2670 130.524001 0.145367 0.011929 5381 
1195073426 17734 65976 7.440623 102 1921 2675 130.770272 0.146118 0.011954 5393 
1195173426 17779 66179 7.444626 102 1928 2685 131.057427 0.145759 0.011858 5400 
1195273426 17826 66348 7.443958 103 1942 2686 131.175025 0.145521 0.011763 5402 
1195373426 17848 66480 7.449574 103 1946 2683 131.423129 0.145125 0.011720 5403 
1195473426 17879 66617 7.451983 103 1951 2687 131.600649 0.144835 0.011647 5404 
1195573426 17919 66825 7.458564 104 1957 2698 131.907807 0.144663 0.011577 5411 
1195673426 17955 66996 7.462657 104 1954 2717 132.137900 0.144294 0.011546 5414 
1195773426 17980 67120 7.466073 104 1961 2709 132.273304 0.144359 0.011509 5416 
1195873426 18006 67225 7.466955 104 1966 2711 132.371543 0.144381 0.011471 5417 
1195973426 18030 67358 7.471769 104 1971 2713 132.546755 0.144344 0.011473 5421 
1196073426 18050 67512 7.480554 104 1971 2714 132.900831 0.144112 0.011442 5424 
1196173426 18096 67706 7.482980 104 1984 2726 133.121353 0.144150 0.011365 5428 
1196273426 18139 67902 7.486852 105 1991 2735 133.386405 0.143676 0.011335 5434 
1196373426 18181 68092 7.490457 105 1989 2743 133.629503 0.143411 0.011245 5437 
1196473426 18214 68274 7.496871 105 1991 2744 133.911497 0.143469 0.011174 5442 
1196573426 18239 68399 7.500302 106 1992 2751 134.107023 0.143526 0.011326 5449 
1196673426 18272 68529 7.500985 106 1997 2760 134.213551 0.143706 0.011299 5453 
1196773426 18295 68702 7.510467 106 1998 2757 134.607379 0.143225 0.011224 5458 
1196873426 18325 68891 7.518799 106 2001 2753 134.979318 0.142697 0.011155 5465 
1196973426 18363 69059 7.521538 106 2014 2751 135.179219 0.142857 0.011105 5471 
1197073426 18402 69267 7.528203 106 2016 2755 135.483860 0.142682 0.011163 5481 
1197173426 18427 69409 7.533402 107 2016 2749 135.750366 0.142687 0.011258 5487 
1197273426 18464 69542 7.532712 107 2029 2758 135.886590 0.142784 0.011220 5493 
1197373426 18499 69682 7.533596 107 2036 2761 136.034921 0.142849 0.011149 5498 
1197473426 18536 69863 7.538088 107 2037 2771 136.271472 0.142643 0.011102 5502 
1197573426 18574 70032 7.540864 107 2038 2780 136.441370 0.142946 0.011174 5506 
1197673426 18614 70192 7.541850 107 2043 2792 136.562158 0.142856 0.011136 5507 
1197773426 18640 70302 7.543133 107 2050 2790 136.646245 0.143042 0.011083 5508 
1197873426 18673 70447 7.545333 107 2057 2793 136.792160 0.143059 0.011210 5516 
1197973426 18697 70556 7.547307 107 2052 2803 136.929240 0.142948 0.011421 5523 
1198073426 18741 70705 7.545489 107 2055 2811 136.957473 0.143089 0.011395 5528 
1198173426 18790 70865 7.542842 107 2067 2824 136.979457 0.143159 0.011416 5538 
1198273426 18825 71022 7.545498 107 2068 2829 137.150916 0.143292 0.011343 5542 
1198373426 18852 71141 7.547316 107 2073 2834 137.308190 0.143472 0.011307 5546 
1198473426 18873 71235 7.548879 107 2075 2833 137.404228 0.143371 0.011288 5548 
1198573426 18892 71349 7.553356 107 2079 2831 137.611582 0.143466 0.011225 5554 
1198673426 18899 71412 7.557225 107 2078 2833 137.746018 0.143537 0.011216 5556 
1198773426 18923 71513 7.558315 107 2083 2839 137.824552 0.143686 0.011193 5560 
1198873426 18948 71666 7.564492 107 2082 2846 138.100274 0.143501 0.011182 5566 
1198973426 18971 71822 7.571767 107 2077 2861 138.406726 0.142909 0.011156 5571 
1199073426 19008 71956 7.571128 108 2083 2866 138.492740 0.143091 0.011122 5575 
1199173426 19033 72083 7.574528 108 2087 2868 138.686597 0.143020 0.011097 5581 
1199273426 19060 72219 7.578069 108 2087 2866 138.857922 0.142718 0.011067 5586 
1199373426 19093 72336 7.577227 108 2091 2880 138.894673 0.142874 0.011048 5589 
1199473426 19121 72471 7.580252 108 2090 2880 139.009048 0.143182 0.010983 5591 
1199573426 19150 72585 7.580679 109 2102 2879 139.116449 0.143183 0.010920 5595 
1199673426 19188 72694 7.577027 109 2104 2902 139.078070 0.143319 0.011004 5596 
1199773426 19215 72832 7.580744 109 2110 2899 139.323029 0.143075 0.010968 5598 
1199873426 19238 72950 7.583948 109 2111 2898 139.480195 0.143051 0.011063 5599 
1199973426 19263 73074 7.586980 109 2108 2914 139.615221 0.143260 0.011029 5604 
1200073426 19305 73210 7.584564 109 2114 2930 139.656980 0.143468 0.010985 5605 
1200173426 19337 73348 7.586285 109 2112 2950 139.833273 0.143052 0.010955 5606 
1200273426 19364 73456 7.586862 109 2118 2957 139.896716 0.143394 0.010924 5610 
1200373426 19401 73619 7.589196 109 2124 2962 140.068862 0.143265 0.010899 5617 
1200473426 19441 73776 7.589733 109 2140 2967 140.197315 0.143265 0.010799 5622 
1200573426 19478 73920 7.590102 109 2154 2971 140.349420 0.143195 0.010730 5629 
1200673426 19513 74075 7.592374 109 2160 2975 140.530518 0.143389 0.010672 5632 
1200773426 19539 74185 7.593531 109 2164 2981 140.642407 0.143240 0.010607 5634 
1200873426 19557 74300 7.598302 109 2158 2984 140.864345 0.143006 0.010590 5638 
1200973426 19593 74457 7.600367 109 2163 2990 141.009748 0.142958 0.010552 5641 
1201073426 19642 74630 7.599023 109 2173 2999 141.130740 0.143168 0.010664 5649 
1201173426 19682 74780 7.598821 109 2178 3012 141.239610 0.143306 0.010707 5655 
1201273426 19721 74942 7.600223 109 2184 3019 141.356524 0.143452 0.010661 5657 
1201373426 19777 75192 7.603984 109 2188 3032 141.624109 0.143592 0.010570 5665 
1201473426 19809 75346 7.607249 109 2188 3036 141.780100 0.144025 0.010537 5672 
1201573426 19863 75564 7.608518 109 2204 3036 141.939687 0.144283 0.010479 5677 
1201673426 19911 75797 7.613580 109 2212 3043 142.210236 0.144275 0.010405 5685 
1201773426 19955 75949 7.612027 109 2223 3054 142.290654 0.144173 0.010367 5687 
1201873426 19989 76087 7.612887 109 2227 3063 142.391415 0.144063 0.010338 5689 
1201973426 20017 76208 7.614328 109 2232 3059 142.471399 0.144042 0.010310 5690 
1202073426 20044 76301 7.613351 109 2242 3066 142.554380 0.144046 0.010277 5696 
1202173426 20074 76427 7.614526 109 2241 3078 142.648600 0.144056 0.010393 5701 
1202273426 20090 76507 7.616426 109 2242 3081 142.740169 0.144021 0.010471 5707 
1202373426 20130 76662 7.616692 109 2240 3099 142.844411 0.144051 0.010447 5710 
1202473426 20180 76825 7.613974 111 2254 3115 142.920218 0.143920 0.010397 5716 
1202573426 20216 77030 7.620696 111 2257 3111 143.197566 0.144219 0.010359 5727 
1202673426 20247 77156 7.621475 111 2266 3117 143.339853 0.144378 0.010343 5730 
1202773426 20287 77364 7.626953 112 2266 3124 143.636023 0.144042 0.010436 5734 
1202873426 20331 77588 7.632482 112 2271 3134 143.908121 0.144152 0.010544 5745 
1202973426 20377 77815 7.637533 112 2271 3145 144.237130 0.144216 0.010470 5756 
1203073426 20411 77984 7.641370 112 2279 3147 144.446720 0.144426 0.010422 5760 
1203173426 20448 78106 7.639476 112 2287 3154 144.444640 0.144600 0.010386 5761 
1203273426 20473 78236 7.642847 112 2289 3157 144.630684 0.144718 0.010343 5764 
1203373426 20509 78435 7.648837 112 2288 3164 144.946706 0.144148 0.010258 5766 
1203473426 20554 78648 7.652817 112 2287 3180 145.171743 0.144253 0.010265 5771 
1203573426 20598 78843 7.655403 112 2291 3185 145.364501 0.144092 0.010345 5774 
1203673426 20625 78987 7.659345 112 2291 3181 145.582352 0.144120 0.010430 5778 
1203773426 20660 79128 7.660019 112 2294 3191 145.698354 0.144067 0.010394 5783 
1203873426 20679 79233 7.663137 112 2293 3197 145.881232 0.144140 0.010366 5786 
1203973426 20729 79405 7.661248 112 2310 3196 146.014376 0.143992 0.010475 5794 
1204073426 20775 79615 7.664501 112 2310 3217 146.229025 0.143813 0.010377 5798 
1204173426 20833 79844 7.665147 113 2317 3225 146.446791 0.143958 0.010311 5810 
1204273426 20886 80036 7.664081 113 2338 3229 146.571196 0.143812 0.010231 5814 
1204373426 20915 80157 7.665025 113 2350 3228 146.710973 0.144026 0.010154 5816 
1204473426 20945 80324 7.669993 113 2348 3230 146.943519 0.144149 0.010126 5824 
1204573426 20975 80483 7.674184 113 2350 3233 147.179785 0.144029 0.010209 5829 
1204673426 21044 80760 7.675347 113 2352 3259 147.439365 0.144002 0.010403 5840 
1204773426 21098 80977 7.676273 113 2370 3256 147.679780 0.143769 0.010341 5846 
1204873426 21150 81185 7.677069 113 2386 3266 147.883783 0.143731 0.010416 5860 
1204973426 21189 81355 7.678984 113 2386 3280 148.051536 0.143660 0.010378 5866 
1205073426 21230 81490 7.676872 113 2400 3292 148.101083 0.143481 0.010359 5868 
1205173426 21276 81671 7.677289 114 2408 3306 148.317823 0.143380 0.010342 5878 
1205273426 21331 81881 7.677183 114 2418 3328 148.475177 0.143409 0.010284 5884 
1205373426 21381 82087 7.678500 114 2428 3335 148.685468 0.143223 0.010244 5895 
1205473426 21420 82269 7.681513 114 2433 3345 148.936415 0.143112 0.010087 5898 
1205573426 21454 82392 7.680805 114 2438 3358 149.003915 0.143146 0.010057 5901 
1205673426 21470 82470 7.682347 114 2441 3358 149.111970 0.143186 0.010054 5902 
1205773426 21510 82627 7.682659 114 2452 3362 149.248257 0.143212 0.010018 5906 
1205873426 21582 82862 7.678806 114 2476 3373 149.266611 0.143526 0.009938 5917 
1205973426 21613 83043 7.684542 114 2473 3382 149.569148 0.143374 0.009906 5928 
1206073426 21655 83230 7.686908 114 2484 3393 149.759132 0.143635 0.009827 5930 
1206173426 21685 83378 7.689924 114 2483 3401 149.916809 0.143585 0.009802 5932 
1206273426 21712 83505 7.692060 114 2484 3404 150.028371 0.143770 0.009840 5937 
1206373426 21737 83626 7.694346 114 2486 3407 150.185858 0.143891 0.009786 5943 
1206473426 21794 83837 7.693585 114 2506 3420 150.360466 0.143552 0.009739 5952 
1206573426 21833 84027 7.697247 114 2510 3423 150.558054 0.143712 0.009707 5956 
1206673426 21881 84293 7.704675 114 2508 3437 150.929939 0.143659 0.009732 5961 
1206773426 21925 84501 7.708187 114 2512 3443 151.152018 0.143665 0.009705 5970 
1206873426 21969 84660 7.707224 114 2524 3448 151.241659 0.143847 0.009681 5974 
1206973426 22008 84868 7.712468 114 2527 3446 151.511814 0.143890 0.009626 5979 
1207073426 22058 85097 7.715749 114 2542 3447 151.787379 0.144049 0.009616 5985 
1207173426 22132 85375 7.715073 114 2564 3461 152.035333 0.143727 0.009582 5993 
1207273426 22187 85649 7.720647 114 2561 3473 152.365529 0.143521 0.009545 5999 
1207373426 22242 85877 7.722057 114 2578 3475 152.565956 0.143771 0.009505 6004 
1207473426 22288 86024 7.719311 114 2593 3486 152.639537 0.143483 0.009456 6006 
1207573426 22328 86226 7.723576 114 2592 3500 152.889735 0.143422 0.009427 6009 
1207673426 22371 86450 7.728756 114 2598 3498 153.213088 0.143145 0.009403 6012 
1207773426 22425 86683 7.730925 114 2604 3505 153.471839 0.142875 0.009304 6018 
1207873426 22482 86930 7.733298 114 2609 3515 153.665777 0.142801 0.009208 6024 
1207973426 22533 87146 7.734966 114 2622 3513 153.901922 0.142697 0.009168 6030 
1208073426 22555 87260 7.737530 114 2625 3512 154.097805 0.142694 0.009130 6035 
1208173426 22590 87411 7.738911 114 2636 3525 154.229039 0.142834 0.009070 6041 
1208273426 22650 87639 7.738543 115 2657 3526 154.442119 0.142643 0.009043 6047 
1208373426 22693 87896 7.746530 115 2658 3539 154.835236 0.142730 0.009034 6057 
1208473426 22745 88167 7.752649 115 2663 3543 155.206859 0.142462 0.009015 6067 
1208573426 22802 88421 7.755548 115 2672 3551 155.444172 0.142482 0.008985 6072 
1208673426 22828 88538 7.756965 116 2678 3552 155.588137 0.142626 0.009075 6078 
1208773426 22858 88699 7.760871 116 2680 3545 155.763671 0.142817 0.008988 6082 
1208873426 22903 88917 7.764660 116 2682 3558 156.055189 0.142821 0.008943 6093 
1208973426 22956 89152 7.767207 116 2684 3581 156.310507 0.142760 0.009029 6106 
1209073426 23014 89406 7.769705 116 2696 3586 156.524376 0.142667 0.008968 6111 
1209173426 23061 89570 7.768093 116 2703 3596 156.576645 0.142444 0.008912 6113 
1209273426 23090 89711 7.770550 116 2706 3598 156.722564 0.142424 0.008863 6117 
1209373426 23134 89866 7.769171 116 2721 3600 156.760353 0.142521 0.008802 6117 
1209473426 23192 90081 7.768282 117 2740 3600 156.844429 0.142868 0.008767 6123 
1209573426 23255 90309 7.766846 117 2758 3607 156.984132 0.142781 0.008697 6132 
1209673426 23310 90565 7.770485 117 2765 3608 157.219133 0.142644 0.008648 6135 
1209773426 23358 90808 7.775323 117 2759 3626 157.472129 0.142393 0.008592 6140 
1209873426 23383 90990 7.782577 117 2749 3631 157.805243 0.142191 0.008562 6144 
1209973426 23427 91184 7.784522 117 2750 3648 157.980194 0.142210 0.008555 6153 
1210073426 23476 91411 7.787613 118 2755 3653 158.211961 0.142467 0.008614 6160 
1210173426 23532 91623 7.787098 118 2764 3666 158.308091 0.142477 0.008648 6164 
1210273426 23579 91853 7.791085 118 2765 3673 158.633869 0.142081 0.008788 6178 
1210373426 23627 92054 7.792272 118 2776 3680 158.837855 0.141934 0.008766 6181 
1210473426 23672 92229 7.792244 118 2776 3692 158.935367 0.141894 0.008747 6187 
1210573426 23716 92417 7.793641 118 2783 3703 159.116714 0.141999 0.008716 6189 
1210673426 23759 92600 7.794941 118 2800 3699 159.250053 0.142005 0.008654 6192 
1210773426 23812 92817 7.795817 118 2804 3716 159.401982 0.142129 0.008609 6192 
1210873426 23865 93067 7.799455 118 2808 3717 159.656233 0.142362 0.008589 6205 
1210973426 23911 93271 7.801514 118 2825 3713 159.836644 0.142502 0.008574 6213 
1211073426 23960 93431 7.798915 118 2839 3728 159.901002 0.142453 0.008602 6222 
1211173426 23999 93605 7.800742 118 2845 3729 160.020084 0.142462 0.008545 6224 
1211273426 24057 93825 7.800224 118 2854 3752 160.157543 0.142324 0.008508 6229 
1211373426 24104 94039 7.802771 119 2858 3761 160.383588 0.141954 0.008455 6236 
1211473426 24153 94259 7.805159 119 2867 3773 160.632882 0.141907 0.008411 6239 
1211573426 24210 94488 7.805700 119 2875 3781 160.805452 0.141779 0.008379 6244 
1211673426 24241 94663 7.810156 119 2869 3793 161.028918 0.141478 0.008352 6250 
1211773426 24274 94807 7.811403 119 2865 3805 161.136442 0.141230 0.008516 6256 
1211873426 24315 94980 7.812461 119 2860 3819 161.246062 0.141366 0.008498 6258 
1211973426 24366 95172 7.811869 119 2869 3828 161.368136 0.141123 0.008512 6265 
1212073426 24415 95397 7.814622 119 2871 3840 161.545361 0.141129 0.008468 6269 
1212173426 24468 95660 7.819192 119 2871 3855 161.818457 0.141047 0.008439 6278 
1212273426 24520 95823 7.815905 120 2887 3863 161.827243 0.141013 0.008494 6280 
1212373426 24557 95969 7.816020 121 2894 3871 161.942338 0.140716 0.008471 6284 
1212473426 24615 96216 7.817672 121 2904 3880 162.166890 0.140359 0.008411 6291 
1212573426 24668 96438 7.818875 121 2911 3886 162.316118 0.140266 0.008392 6300 
1212673426 24726 96634 7.816388 121 2919 3906 162.357842 0.140495 0.008363 6303 
1212773426 24792 96875 7.815021 121 2933 3921 162.457890 0.140521 0.008414 6307 
1212873426 24844 97083 7.815408 121 2935 3935 162.564885 0.140557 0.008390 6315 
1212973426 24899 97257 7.812121 121 2943 3949 162.580264 0.140652 0.008362 6319 
1213073426 24964 97472 7.809005 121 2965 3952 162.657507 0.140709 0.008321 6326 
1213173426 25020 97684 7.808473 121 2974 3965 162.784572 0.140618 0.008304 6327 
1213273426 25073 97900 7.809197 121 2976 3975 162.957923 0.140524 0.008288 6335 
1213373426 25127 98115 7.809528 121 2984 3984 163.134477 0.140082 0.008227 6339 
1213473426 25165 98274 7.810372 121 2994 3988 163.269144 0.140085 0.008232 6343 
1213573426 25211 98446 7.809766 121 3002 4002 163.349490 0.139932 0.008212 6346 
1213673426 25280 98707 7.809098 121 3009 4018 163.471361 0.139978 0.008407 6353 
1213773426 25330 98961 7.813739 121 3014 4017 163.785156 0.139689 0.008365 6361 
1213873426 25368 99154 7.817250 122 3018 4019 163.982025 0.139671 0.008321 6364 
1213973426 25434 99381 7.814815 122 3039 4028 164.051978 0.139452 0.008296 6371 
1214073426 25486 99565 7.813309 122 3051 4039 164.156164 0.139524 0.008250 6377 
1214173426 25529 99747 7.814407 123 3064 4045 164.340476 0.139425 0.008222 6379 
1214273426 25607 100027 7.812473 123 3077 4063 164.375757 0.139627 0.008174 6382 
1214373426 25679 100301 7.811909 123 3095 4069 164.547373 0.139468 0.008136 6389 
1214473426 25736 100535 7.812791 123 3093 4091 164.744871 0.139387 0.008112 6402 
1214573426 25816 100779 7.807484 123 3105 4122 164.710567 0.139547 0.008243 6409 
1214673426 25890 101002 7.802395 123 3126 4141 164.677791 0.139839 0.008201 6411 
1214773426 25939 101214 7.804002 124 3132 4147 164.841744 0.139631 0.008290 6418 
1214873426 26015 101489 7.802345 124 3149 4156 164.955910 0.139461 0.008220 6425 
1214973426 26087 101778 7.802967 124 3167 4174 165.176218 0.139407 0.008189 6436 
1215073426 26141 102061 7.808500 125 3180 4168 165.512107 0.139050 0.008156 6443 
1215173426 26203 102250 7.804450 125 3198 4185 165.504790 0.139248 0.008124 6444 
1215273426 26235 102383 7.805070 125 3205 4195 165.598933 0.139371 0.008106 6444 
1215373426 26276 102563 7.806592 125 3208 4195 165.741589 0.139400 0.008086 6448 
1215473426 26349 102821 7.804547 125 3225 4207 165.846977 0.139273 0.008154 6455 
1215573426 26439 103129 7.801278 125 3243 4224 165.927985 0.139504 0.008126 6463 
1215673426 26525 103420 7.797926 125 3269 4231 165.981753 0.139725 0.008079 6472 
1215773426 26589 103654 7.796758 125 3283 4241 166.072135 0.139820 0.008002 6480 
1215873426 26630 103845 7.799099 125 3282 4250 166.295381 0.139671 0.007972 6484 
1215973426 26674 104048 7.801455 125 3287 4253 166.458199 0.139608 0.007919 6492 
1216073426 26736 104298 7.802065 125 3307 4264 166.606598 0.139622 0.007884 6496 
1216173426 26823 104647 7.802781 125 3314 4291 166.826679 0.139759 0.007820 6510 
1216273426 26898 104929 7.801993 125 3329 4305 166.949290 0.140012 0.007891 6518 
1216373426 26969 105169 7.799251 127 3345 4323 166.984983 0.140160 0.007857 6521 
1216473426 27008 105369 7.802799 127 3349 4328 167.179799 0.140217 0.007834 6526 
1216573426 27057 105571 7.803600 127 3357 4330 167.343460 0.140078 0.007815 6536 
1216673426 27151 105873 7.798829 128 3385 4350 167.423594 0.139987 0.007893 6552 
1216773426 27253 106211 7.794445 128 3413 4376 167.561443 0.140019 0.007845 6561 
1216873426 27368 106553 7.786685 129 3443 4410 167.543993 0.140270 0.007781 6568 
1216973426 27456 106837 7.782416 129 3463 4433 167.635854 0.140276 0.007723 6578 
1217073426 27521 107068 7.780822 129 3470 4460 167.717743 0.140420 0.007698 6584 
1217173426 27590 107292 7.777601 130 3492 4471 167.807829 0.140143 0.007672 6587 
1217273426 27673 107586 7.775521 130 3506 4496 167.947530 0.140427 0.007614 6595 
1217373426 27772 107929 7.772505 130 3523 4516 168.087282 0.140657 0.007681 6605 
1217473426 27872 108280 7.769805 130 3540 4536 168.191160 0.140555 0.007899 6619 
1217573426 27950 108619 7.772379 131 3556 4556 168.457889 0.140715 0.007870 6631 
1217673426 28030 108891 7.769604 131 3573 4577 168.586086 0.140804 0.007816 6637 
1217773426 28093 109121 7.768554 131 3580 4590 168.722173 0.140530 0.007854 6643 
1217873426 28185 109454 7.766826 131 3594 4611 168.840447 0.140817 0.007783 6653 
1217973426 28303 109845 7.762075 133 3633 4632 168.914179 0.140882 0.007751 6671 
1218073426 28426 110249 7.756913 133 3674 4657 169.049462 0.140828 0.007723 6687 
1218173426 28539 110627 7.752689 133 3699 4686 169.141946 0.140633 0.007632 6693 
1218273426 28592 110888 7.756575 133 3708 4692 169.429001 0.140653 0.007603 6700 
1218373426 28655 111080 7.752923 133 3721 4714 169.438353 0.140677 0.007591 6708 
1218473426 28738 111365 7.750365 133 3738 4736 169.480827 0.140893 0.007529 6713 
1218573426 28852 111725 7.744697 134 3764 4762 169.504922 0.140858 0.007565 6723 
1218673426 28951 112090 7.743429 135 3781 4794 169.665918 0.140758 0.007489 6730 
1218773426 29046 112466 7.743992 136 3782 4826 169.903532 0.140737 0.007635 6745 
1218873426 29138 112765 7.740065 137 3798 4845 169.929508 0.140747 0.007763 6749 
1218973426 29228 113023 7.733885 137 3820 4872 169.873477 0.140792 0.007722 6755 
1219073426 29306 113378 7.737528 137 3820 4897 170.147547 0.141013 0.007780 6769 
1219173426 29435 113821 7.733718 138 3846 4921 170.307389 0.140803 0.007689 6786 
1219273426 29546 114218 7.731537 138 3865 4935 170.411426 0.140781 0.007605 6798 
1219373426 29657 114617 7.729507 138 3883 4965 170.594935 0.140836 0.007561 6813 
1219473426 29758 114972 7.727132 138 3905 4990 170.768936 0.140555 0.007520 6818 
1219573426 29836 115245 7.725231 138 3921 5004 170.856817 0.140751 0.007579 6828 
1219673426 29934 115579 7.722256 138 3949 5020 170.959177 0.140577 0.007549 6839 
1219773426 30072 116020 7.716148 138 3988 5058 171.070697 0.140793 0.007593 6851 
1219873426 30180 116467 7.718158 139 4006 5067 171.334924 0.140853 0.007546 6862 
1219973426 30277 116863 7.719589 140 4019 5092 171.629950 0.140579 0.007501 6873 
1220073426 30383 117180 7.713524 140 4050 5115 171.611691 0.140490 0.007407 6878 
1220173426 30432 117406 7.715957 140 4051 5133 171.831887 0.140324 0.007390 6882 
1220273426 30480 117645 7.719488 140 4053 5133 172.052493 0.140281 0.007428 6893 
1220373426 30532 117889 7.722324 140 4057 5141 172.261627 0.140169 0.007410 6900 
1220473426 30579 118136 7.726610 140 4055 5145 172.541156 0.139834 0.007407 6909 
1220573426 30616 118394 7.734126 141 4042 5159 172.925203 0.139515 0.007392 6917 
1220673426 30692 118667 7.732764 141 4057 5173 173.030627 0.139481 0.007369 6928 
1220773426 30762 118983 7.735713 141 4065 5189 173.291919 0.139626 0.007349 6938 
1220873426 30833 119240 7.734570 142 4083 5194 173.396556 0.139613 0.007324 6940 
1220973426 30928 119702 7.740688 142 4097 5198 173.842732 0.139206 0.007368 6953 
1221073426 31051 120077 7.734179 142 4119 5241 173.897266 0.139089 0.007385 6964 
1221173426 31159 120462 7.732084 143 4141 5254 174.061812 0.139119 0.007306 6974 
1221273426 31277 120846 7.727467 144 4163 5297 174.138632 0.138931 0.007215 6983 
1221373426 31363 121193 7.728406 144 4175 5305 174.386188 0.138850 0.007203 6996 
1221473426 31433 121494 7.730347 145 4183 5307 174.561257 0.138691 0.007155 7006 
1221573426 31528 121869 7.730842 145 4203 5318 174.794849 0.138403 0.007122 7013 
1221673426 31695 122438 7.726014 145 4247 5346 175.008045 0.138494 0.007244 7029 
1221773426 31814 122915 7.727101 147 4256 5377 175.277551 0.138462 0.007212 7049 
1221873426 31929 123320 7.724639 147 4295 5372 175.440258 0.138368 0.007237 7063 
1221973426 32034 123677 7.721608 147 4306 5396 175.493476 0.138613 0.007220 7074 
1222073426 32119 124018 7.722407 147 4327 5407 175.658644 0.138682 0.007191 7083 
1222173426 32225 124431 7.722638 147 4340 5439 175.883258 0.138497 0.007180 7097 
1222273426 32352 124846 7.717977 148 4350 5484 175.937129 0.138344 0.007232 7101 
1222373426 32467 125284 7.717621 149 4359 5522 176.101210 0.138300 0.007201 7116 
1222473426 32579 125678 7.715277 149 4384 5556 176.258142 0.138167 0.007146 7123 
1222573426 32659 125946 7.712790 149 4399 5587 176.333384 0.138279 0.007100 7128 
1222673426 32765 126305 7.709751 149 4426 5604 176.406653 0.138400 0.007056 7135 
1222773426 32857 126749 7.715190 149 4434 5617 176.782299 0.138157 0.007066 7149 
1222873426 32979 127182 7.712908 149 4455 5643 176.925316 0.138219 0.007012 7162 
1222973426 33085 127693 7.719087 150 4449 5665 177.453408 0.137567 0.007021 7175 
1223073426 33205 128194 7.721367 150 4461 5700 177.767565 0.137525 0.007041 7186 
1223173426 33282 128554 7.725137 150 4455 5710 178.051259 0.137541 0.006970 7196 
1223273426 33367 128887 7.725417 151 4462 5740 178.224054 0.137482 0.006928 7202 
1223373426 33470 129303 7.726501 152 4479 5736 178.507679 0.137189 0.006858 7213 
1223473426 33600 129803 7.726369 152 4501 5771 178.755000 0.137342 0.006991 7226 
1223573426 33747 130243 7.718790 152 4539 5817 178.716271 0.137623 0.007043 7255 
1223673426 33870 130766 7.721642 153 4556 5846 179.101270 0.137527 0.007070 7270 
1223773426 33966 131107 7.719896 153 4574 5865 179.224872 0.137598 0.007040 7283 
1223873426 34055 131529 7.724504 153 4582 5869 179.559360 0.137513 0.007021 7293 
1223973426 34185 132101 7.728594 153 4595 5881 179.914348 0.137596 0.007031 7311 
1224073426 34292 132512 7.728450 153 4611 5904 180.102298 0.137509 0.007115 7322 
1224173426 34417 133017 7.729727 154 4618 5919 180.326467 0.137442 0.007074 7335 
1224273426 34569 133614 7.730279 154 4639 5951 180.665625 0.137470 0.007059 7355 
1224373426 34660 133921 7.727698 156 4656 5978 180.720023 0.137360 0.007034 7357 
1224473426 34754 134299 7.728549 156 4667 5998 180.948956 0.137469 0.007112 7376 
1224573426 34906 134893 7.728929 156 4685 6032 181.198189 0.137431 0.007013 7387 
1224673426 35031 135360 7.728012 156 4701 6053 181.376438 0.137562 0.007081 7402 
1224773426 35171 135926 7.729436 157 4708 6084 181.754798 0.137514 0.007017 7420 
1224873426 35306 136479 7.731207 157 4733 6085 182.020563 0.137570 0.006888 7429 
1224973426 35389 136837 7.733307 157 4741 6096 182.213682 0.137782 0.006889 7438 
1225073426 35476 137159 7.732495 158 4759 6105 182.349194 0.137780 0.006809 7444 
1225173426 35618 137713 7.732776 158 4790 6112 182.577966 0.137790 0.006796 7455 
1225273426 35741 138142 7.730170 158 4807 6142 182.672113 0.137587 0.006908 7466 
1225373426 35845 138580 7.732180 158 4812 6149 182.932738 0.137453 0.006883 7475 
1225473426 35996 139109 7.729137 158 4844 6183 183.172464 0.137039 0.006828 7488 
1225573426 36076 139458 7.731345 158 4852 6201 183.412296 0.137101 0.006805 7498 
1225673426 36153 139785 7.732968 158 4861 6201 183.649600 0.136928 0.006786 7509 
1225773426 36307 140380 7.732944 160 4893 6230 184.011238 0.136785 0.006722 7528 
1225873426 36427 140826 7.731957 160 4893 6279 184.191067 0.136732 0.006752 7545 
1225973426 36549 141290 7.731538 160 4916 6300 184.361870 0.136976 0.006765 7561 
1226073426 36701 141850 7.730035 161 4946 6321 184.578894 0.136884 0.006790 7575 
1226173426 36814 142327 7.732221 162 4944 6357 184.904221 0.136886 0.006822 7600 
1226273426 36907 142783 7.737448 163 4936 6397 185.312651 0.136830 0.006760 7617 
1226373426 37058 143514 7.745372 164 4931 6422 185.930973 0.136335 0.006732 7643 
1226473426 37242 144206 7.744267 164 4960 6473 186.235970 0.136353 0.006756 7665 
1226573426 37404 144774 7.741097 166 4993 6508 186.387499 0.136297 0.006704 7671 
1226673426 37596 145431 7.736515 167 5035 6539 186.521332 0.136366 0.006717 7690 
1226773426 37719 146002 7.741563 167 5046 6546 186.909038 0.136270 0.006856 7711 
1226873426 37825 146482 7.745248 167 5054 6573 187.297978 0.135857 0.006838 7738 
1226973426 37987 147161 7.747966 167 5090 6590 187.789981 0.135294 0.006797 7761 
1227073426 38170 147827 7.745717 167 5113 6641 188.078491 0.134945 0.006755 7783 
1227173426 38309 148401 7.747579 167 5121 6692 188.427524 0.134956 0.006785 7801 
1227273426 38465 148986 7.746575 168 5142 6734 188.625920 0.135091 0.006752 7811 
1227373426 38603 149468 7.743854 170 5177 6761 188.823356 0.134967 0.006717 7826 
1227473426 38708 149923 7.746357 170 5187 6783 189.185336 0.134638 0.006710 7846 
1227573426 38868 150538 7.746115 170 5218 6812 189.407019 0.134646 0.006675 7860 
1227673426 39046 151229 7.746197 170 5236 6853 189.664703 0.134824 0.006666 7876 
1227773426 39167 151741 7.748411 170 5246 6892 189.920647 0.134824 0.006714 7891 
1227873426 39273 152139 7.747766 170 5271 6906 190.098388 0.134993 0.006679 7912 
1227973426 39382 152553 7.747347 170 5286 6941 190.278249 0.134940 0.006644 7926 
1228073426 39521 153047 7.745098 171 5297 7004 190.417550 0.135129 0.006700 7946 
1228173426 39662 153673 7.749130 171 5312 7017 190.824366 0.135203 0.006648 7968 
1228273426 39851 154410 7.749366 171 5330 7059 191.132519 0.135367 0.006654 7992 
1228373426 40002 155157 7.757462 171 5327 7099 191.710114 0.135065 0.006631 8022 
1228473426 40175 155812 7.756665 172 5353 7131 192.022551 0.134758 0.006671 8050 
1228573426 40291 156362 7.761634 172 5358 7149 192.376610 0.134609 0.006745 8068 
1228673426 40406 156891 7.765728 172 5375 7160 192.722071 0.134544 0.006702 8077 
1228773426 40562 157583 7.769982 174 5380 7184 193.195207 0.134472 0.006766 8111 
1228873426 40753 158325 7.769980 175 5405 7222 193.505312 0.134295 0.006687 8130 
1228973426 40918 159032 7.773205 175 5428 7234 193.910846 0.134059 0.006708 8159 
1229073426 41075 159700 7.776019 175 5440 7260 194.339720 0.133803 0.006638 8187 
1229173426 41194 160172 7.776472 175 5460 7291 194.548526 0.133890 0.006591 8199 
1229273426 41329 160642 7.773815 176 5490 7311 194.691379 0.133840 0.006596 8220 
1229373426 41482 161292 7.776481 177 5510 7311 195.069379 0.133714 0.006704 8250 
1229473426 41686 162102 7.777287 177 5539 7340 195.399846 0.133813 0.006656 8274 
1229573426 41874 162887 7.779863 178 5556 7343 195.749248 0.133691 0.006620 8294 
1229673426 42060 163577 7.778269 179 5590 7375 196.035949 0.133458 0.006673 8325 
1229773426 42191 164154 7.781470 179 5599 7415 196.377995 0.133532 0.006663 8350 
1229873426 42297 164669 7.786321 179 5603 7437 196.745963 0.133392 0.006634 8364 
1229973426 42457 165441 7.793344 179 5604 7462 197.349318 0.132983 0.006583 8391 
1230073426 42626 166225 7.799231 179 5611 7491 197.886454 0.132736 0.006544 8427 
1230173426 42765 166837 7.802502 179 5620 7514 198.214147 0.132763 0.006545 8448 
1230273426 42887 167345 7.803997 180 5642 7518 198.473943 0.132856 0.006581 8471 
1230373426 43006 167810 7.804027 180 5652 7536 198.653397 0.132776 0.006548 8487 
1230473426 43126 168323 7.806103 180 5676 7546 198.968836 0.132525 0.006514 8504 
1230573426 43313 169052 7.806063 180 5706 7576 199.195761 0.132606 0.006585 8523 
1230673426 43538 169862 7.802931 180 5747 7628 199.502136 0.132549 0.006547 8550 
1230773426 43759 170683 7.801047 180 5795 7669 199.845883 0.132136 0.006499 8577 
1230873426 43928 171303 7.799262 180 5811 7722 200.030504 0.132246 0.006567 8615 
1230973426 44100 171970 7.799093 181 5832 7749 200.248844 0.132368 0.006483 8634 
1231073426 44197 172531 7.807362 181 5832 7732 200.790778 0.132303 0.006400 8657 
1231173426 44341 173202 7.812273 181 5829 7764 201.222165 0.132280 0.006440 8678 
1231273426 44489 174122 7.827643 181 5801 7770 202.018836 0.132196 0.006450 8702 
1231373426 44625 175014 7.843765 182 5785 7778 202.923160 0.131788 0.006400 8738 
1231473426 44748 175872 7.860552 182 5765 7769 203.901716 0.131593 0.006375 8787 
1231573426 44847 176602 7.875755 184 5735 7789 204.688920 0.131489 0.006346 8818 
1231673426 44930 177143 7.885288 184 5720 7794 205.184821 0.131491 0.006332 8834 
1231773426 45024 177769 7.896633 185 5696 7801 205.723436 0.131557 0.006318 8858 
1231873426 45149 178600 7.911582 186 5677 7805 206.494009 0.131590 0.006312 8885 
1231973426 45266 179424 7.927539 186 5655 7817 207.468033 0.131273 0.006243 8924 
1232073426 45375 180181 7.941862 186 5632 7833 208.337499 0.130930 0.006315 8959 
1232173426 45486 180930 7.955415 187 5617 7824 209.032537 0.130729 0.006265 8985 
1232273426 45569 181512 7.966468 187 5606 7831 209.715245 0.130627 0.006281 9014 
1232373426 45625 182035 7.979616 188 5585 7817 210.400044 0.130372 0.006266 9037 
1232473426 45717 182766 7.995538 188 5560 7820 211.286786 0.130221 0.006274 9074 
1232573426 45806 183368 8.006287 190 5551 7838 211.946514 0.129959 0.006253 9095 
1232673426 45813 183412 8.006985 190 5551 7836 211.974418 0.129969 0.006251 9096 
