Timestamp NoNodes NoLinks AverageDegree MaxDeg Singletons Doubletons MeanSquaredDeg Assortativity AverageClustering TriCount 
1165073426 0 0 0.000000 0 0 0 0.000000 0.000000 0.000000 0 
1165173426 8001 18422 4.604924 46 2057 1316 42.237970 0.207311 0.090585 4147 
1165273426 8038 18564 4.619059 46 2047 1325 42.540931 0.206915 0.089590 4154 
1165373426 8076 18711 4.633730 46 2036 1341 42.780337 0.207451 0.088397 4161 
1165473426 8111 18879 4.655160 47 2026 1354 43.203304 0.206183 0.087099 4166 
1165573426 8137 18988 4.667076 47 2017 1366 43.428291 0.205984 0.086269 4172 
1165673426 8160 19095 4.680147 48 2015 1375 43.722059 0.205836 0.085674 4176 
1165773426 8181 19173 4.687202 48 2015 1377 43.883388 0.205661 0.085062 4180 
1165873426 8215 19299 4.698478 49 2011 1398 44.149239 0.205063 0.084057 4184 
1165973426 8257 19435 4.707521 50 2018 1409 44.369141 0.204420 0.083019 4187 
1166073426 8298 19602 4.724512 50 2001 1425 44.718486 0.204000 0.081785 4191 
1166173426 8328 19726 4.737272 50 1987 1436 44.921710 0.203792 0.080936 4196 
1166273426 8346 19822 4.750060 50 1976 1440 45.152408 0.203978 0.080412 4201 
1166373426 8359 19918 4.765642 50 1967 1439 45.466922 0.203548 0.079979 4203 
1166473426 8389 20042 4.778162 50 1964 1448 45.753248 0.202943 0.079188 4207 
1166573426 8415 20171 4.794058 50 1955 1460 46.051812 0.202972 0.077999 4210 
1166673426 8447 20313 4.809518 51 1945 1473 46.368652 0.201253 0.077533 4217 
1166773426 8476 20461 4.827985 52 1929 1478 46.702218 0.200490 0.076572 4224 
1166873426 8504 20566 4.836783 53 1926 1486 46.922389 0.199383 0.075814 4224 
1166973426 8516 20633 4.845702 53 1916 1498 47.097698 0.199769 0.075503 4227 
1167073426 8538 20763 4.863668 53 1903 1506 47.435465 0.198602 0.075015 4233 
1167173426 8558 20871 4.877541 53 1900 1508 47.706006 0.198372 0.074431 4240 
1167273426 8582 20982 4.889769 53 1896 1509 47.938243 0.198150 0.073512 4246 
1167373426 8612 21105 4.901301 53 1889 1515 48.148165 0.199261 0.073038 4252 
1167473426 8635 21213 4.913260 53 1884 1519 48.408570 0.199154 0.072409 4256 
1167573426 8648 21284 4.922294 53 1876 1527 48.570537 0.199217 0.071934 4256 
1167673426 8671 21385 4.932534 53 1869 1536 48.804521 0.198589 0.071180 4258 
1167773426 8697 21503 4.944924 53 1867 1540 49.067265 0.198267 0.070057 4261 
1167873426 8735 21623 4.950887 53 1864 1557 49.235489 0.198379 0.069334 4262 
1167973426 8765 21750 4.962921 53 1853 1578 49.505077 0.196688 0.068696 4263 
1168073426 8787 21837 4.970297 53 1848 1590 49.631273 0.196856 0.068249 4263 
1168173426 8813 21931 4.976966 53 1844 1607 49.821627 0.197681 0.067844 4265 
1168273426 8844 22043 4.984848 54 1840 1622 49.980552 0.197638 0.067290 4267 
1168373426 8874 22175 4.997746 54 1840 1630 50.282849 0.197247 0.066564 4269 
1168473426 8905 22305 5.009545 54 1838 1641 50.518585 0.197327 0.065800 4274 
1168573426 8934 22435 5.022386 54 1817 1661 50.728453 0.197058 0.065290 4276 
1168673426 8958 22532 5.030587 54 1804 1679 50.908462 0.196572 0.064676 4277 
1168773426 8980 22623 5.038530 55 1804 1684 51.093541 0.196661 0.064094 4281 
1168873426 9004 22704 5.043092 55 1809 1683 51.204131 0.197365 0.063574 4282 
1168973426 9035 22847 5.057443 55 1804 1680 51.486220 0.197565 0.063048 4284 
1169073426 9073 22983 5.066240 56 1805 1697 51.755098 0.197345 0.062310 4286 
1169173426 9104 23131 5.081503 56 1804 1702 52.104789 0.197480 0.061681 4292 
1169273426 9133 23254 5.092303 56 1795 1718 52.334611 0.198494 0.060913 4293 
1169373426 9152 23362 5.105332 56 1781 1732 52.574738 0.198901 0.060511 4296 
1169473426 9178 23459 5.112007 56 1776 1739 52.726084 0.199303 0.060012 4299 
1169573426 9209 23582 5.121512 56 1778 1739 52.957107 0.199069 0.059408 4300 
1169673426 9239 23733 5.137569 56 1770 1744 53.327200 0.199054 0.058742 4301 
1169773426 9280 23891 5.148922 56 1771 1755 53.641164 0.199572 0.057960 4302 
1169873426 9310 24009 5.157680 56 1769 1754 53.836950 0.199052 0.057305 4302 
1169973426 9330 24116 5.169561 56 1766 1754 54.113826 0.198956 0.056985 4303 
1170073426 9351 24229 5.182120 56 1762 1759 54.412790 0.198493 0.056569 4304 
1170173426 9380 24375 5.197228 56 1750 1769 54.773561 0.198031 0.055932 4307 
1170273426 9420 24550 5.212314 56 1741 1786 55.149045 0.198681 0.055514 4311 
1170373426 9448 24733 5.235605 58 1724 1789 55.685859 0.197720 0.054833 4315 
1170473426 9479 24909 5.255618 59 1716 1785 56.101487 0.197231 0.053951 4320 
1170573426 9508 25041 5.267354 59 1718 1787 56.384308 0.196783 0.053420 4326 
1170673426 9532 25164 5.279899 59 1713 1797 56.663869 0.196925 0.052929 4328 
1170773426 9559 25282 5.289675 59 1712 1803 56.905743 0.196824 0.052522 4328 
1170873426 9601 25431 5.297573 59 1720 1806 57.171961 0.196362 0.051955 4333 
1170973426 9630 25603 5.317342 59 1711 1795 57.591277 0.195849 0.051123 4336 
1171073426 9666 25752 5.328367 61 1703 1802 57.843575 0.195791 0.050519 4341 
1171173426 9697 25886 5.338971 61 1703 1803 58.154893 0.195915 0.050199 4342 
1171273426 9724 26026 5.352941 61 1697 1809 58.497943 0.196317 0.049654 4342 
1171373426 9748 26181 5.371563 61 1691 1813 58.949118 0.195332 0.048990 4343 
1171473426 9793 26339 5.379148 61 1697 1819 59.185132 0.194831 0.048438 4346 
1171573426 9834 26536 5.396787 61 1687 1830 59.607077 0.194208 0.047898 4350 
1171673426 9865 26659 5.404764 61 1689 1833 59.817537 0.194243 0.047465 4351 
1171773426 9879 26732 5.411884 61 1688 1830 59.989473 0.194075 0.047242 4352 
1171873426 9892 26800 5.418520 61 1683 1837 60.147392 0.194372 0.046940 4354 
1171973426 9907 26878 5.426062 61 1681 1832 60.291309 0.194065 0.046618 4356 
1172073426 9924 26973 5.435913 61 1674 1824 60.483877 0.193902 0.046353 4357 
1172173426 9956 27135 5.450984 61 1662 1829 60.835074 0.193471 0.045985 4360 
1172273426 9982 27314 5.472651 61 1650 1833 61.278501 0.193631 0.045455 4364 
1172373426 10006 27430 5.482710 61 1651 1829 61.521287 0.194004 0.045358 4368 
1172473426 10038 27571 5.493325 62 1647 1838 61.799163 0.193112 0.045201 4371 
1172573426 10072 27771 5.514496 62 1640 1843 62.275020 0.192655 0.044648 4375 
1172673426 10105 27937 5.529342 62 1632 1848 62.624641 0.192277 0.044170 4382 
1172773426 10132 28128 5.552310 62 1617 1861 63.122977 0.191671 0.043659 4386 
1172873426 10164 28290 5.566706 62 1613 1857 63.461629 0.191225 0.043454 4389 
1172973426 10186 28381 5.572551 63 1616 1857 63.645985 0.191427 0.043167 4392 
1173073426 10221 28541 5.584776 63 1608 1876 63.919773 0.191657 0.042677 4392 
1173173426 10252 28736 5.605931 63 1597 1877 64.416114 0.190514 0.042405 4397 
1173273426 10283 28917 5.624234 64 1589 1876 64.817466 0.190211 0.041903 4398 
1173373426 10310 29095 5.644035 64 1585 1873 65.334433 0.189929 0.041543 4406 
1173473426 10344 29265 5.658353 64 1579 1888 65.759667 0.188925 0.041144 4409 
1173573426 10365 29382 5.669465 65 1578 1886 66.019682 0.188396 0.040811 4411 
1173673426 10383 29486 5.679669 65 1572 1885 66.249639 0.187532 0.040635 4416 
1173773426 10415 29650 5.693711 65 1569 1885 66.592223 0.186961 0.040269 4420 
1173873426 10451 29809 5.704526 65 1569 1891 66.873218 0.187158 0.039945 4424 
1173973426 10473 29988 5.726726 65 1568 1874 67.385849 0.186495 0.039371 4435 
1174073426 10507 30141 5.737318 66 1580 1866 67.755211 0.184857 0.039050 4435 
1174173426 10529 30275 5.750784 66 1572 1870 68.060784 0.184653 0.038760 4439 
1174273426 10548 30401 5.764316 66 1564 1874 68.376375 0.184592 0.038737 4444 
1174373426 10585 30585 5.778932 66 1553 1880 68.708361 0.185128 0.038364 4445 
1174473426 10616 30730 5.789375 66 1550 1889 68.991145 0.184556 0.038151 4448 
1174573426 10641 30891 5.806033 66 1541 1897 69.372615 0.184239 0.037802 4450 
1174673426 10673 31063 5.820856 66 1541 1891 69.749461 0.184316 0.037424 4455 
1174773426 10693 31168 5.829608 68 1541 1894 70.011409 0.183733 0.037186 4456 
1174873426 10717 31275 5.836521 68 1538 1898 70.209574 0.183268 0.036981 4460 
1174973426 10761 31452 5.845553 68 1545 1897 70.482111 0.182937 0.036652 4464 
1175073426 10788 31598 5.857990 68 1543 1898 70.874490 0.181979 0.036269 4466 
1175173426 10817 31740 5.868540 69 1539 1905 71.208653 0.181085 0.036031 4470 
1175273426 10847 31876 5.877385 69 1535 1913 71.481884 0.180880 0.035763 4471 
1175373426 10870 32001 5.887948 69 1529 1913 71.732291 0.180299 0.035502 4471 
1175473426 10881 32083 5.897068 69 1530 1905 71.928867 0.180352 0.035338 4473 
1175573426 10910 32256 5.913107 70 1524 1918 72.359670 0.178680 0.034960 4475 
1175673426 10931 32393 5.926814 70 1521 1911 72.709176 0.177682 0.034738 4477 
1175773426 10949 32519 5.940086 71 1521 1908 73.118824 0.175963 0.034614 4481 
1175873426 10982 32628 5.942087 71 1524 1911 73.227827 0.176062 0.034377 4481 
1175973426 11005 32749 5.951658 71 1518 1919 73.469877 0.175460 0.034157 4481 
1176073426 11031 32860 5.957755 71 1526 1917 73.683619 0.175792 0.033858 4487 
1176173426 11060 33037 5.974141 71 1520 1913 74.099638 0.174057 0.033617 4488 
1176273426 11108 33286 5.993158 71 1516 1923 74.632337 0.173830 0.033244 4497 
1176373426 11128 33409 6.004493 72 1515 1920 74.955607 0.172927 0.032931 4498 
1176473426 11152 33535 6.014168 72 1506 1934 75.212877 0.173129 0.032834 4503 
1176573426 11170 33647 6.024530 72 1501 1931 75.469830 0.172632 0.032622 4506 
1176673426 11190 33758 6.033601 72 1499 1933 75.706345 0.172315 0.032316 4507 
1176773426 11219 33956 6.053302 74 1490 1937 76.208396 0.170950 0.032017 4513 
1176873426 11255 34181 6.073923 74 1494 1923 76.768547 0.170671 0.031661 4523 
1176973426 11282 34332 6.086155 75 1493 1926 77.134019 0.170298 0.031440 4525 
1177073426 11321 34506 6.095928 75 1490 1930 77.442982 0.169531 0.031156 4528 
1177173426 11346 34619 6.102415 75 1486 1940 77.681297 0.169397 0.031091 4531 
1177273426 11364 34721 6.110700 75 1484 1944 77.926786 0.168720 0.031084 4535 
1177373426 11393 34887 6.124287 76 1482 1948 78.305100 0.168067 0.030862 4539 
1177473426 11419 35081 6.144321 76 1473 1943 78.799369 0.168347 0.030583 4547 
1177573426 11454 35261 6.156976 77 1474 1945 79.170246 0.168164 0.030325 4554 
1177673426 11491 35419 6.164651 77 1481 1946 79.472631 0.167603 0.030048 4554 
1177773426 11516 35534 6.171240 77 1485 1946 79.702154 0.167462 0.029913 4555 
1177873426 11536 35645 6.179785 78 1483 1952 79.935853 0.166941 0.029726 4558 
1177973426 11576 35835 6.191258 79 1487 1954 80.340359 0.166208 0.029506 4560 
1178073426 11609 36023 6.206047 79 1489 1936 80.728745 0.166282 0.029242 4562 
1178173426 11641 36207 6.220600 79 1488 1921 81.176188 0.165760 0.029105 4567 
1178273426 11661 36331 6.231198 80 1486 1924 81.488723 0.165533 0.028960 4571 
1178373426 11685 36484 6.244587 80 1487 1925 81.894908 0.165158 0.028760 4572 
1178473426 11711 36599 6.250363 80 1489 1930 82.123815 0.165030 0.028791 4575 
1178573426 11733 36780 6.269496 80 1486 1929 82.680985 0.164665 0.028580 4578 
1178673426 11765 36974 6.285423 81 1478 1933 83.130132 0.164306 0.028551 4583 
1178773426 11804 37157 6.295662 82 1489 1930 83.490851 0.164220 0.028273 4584 
1178873426 11834 37320 6.307250 82 1487 1938 83.831333 0.163438 0.028106 4588 
1178973426 11849 37398 6.312431 82 1486 1938 83.981939 0.163323 0.028025 4588 
1179073426 11876 37522 6.318963 82 1481 1949 84.187268 0.163820 0.027898 4591 
1179173426 11910 37704 6.331486 82 1475 1959 84.591604 0.164700 0.027588 4599 
1179273426 11941 37893 6.346705 82 1475 1961 85.024705 0.164196 0.027458 4604 
1179373426 11980 38066 6.354925 82 1472 1965 85.308180 0.164058 0.027151 4607 
1179473426 12010 38240 6.368027 82 1469 1970 85.668443 0.164139 0.027172 4617 
1179573426 12027 38366 6.379978 82 1469 1964 86.007151 0.163720 0.027043 4619 
1179673426 12044 38462 6.386915 84 1470 1964 86.219861 0.162941 0.027017 4623 
1179773426 12066 38619 6.401293 85 1468 1967 86.659373 0.162383 0.026805 4624 
1179873426 12091 38770 6.413034 85 1463 1970 87.011165 0.162453 0.026677 4628 
1179973426 12135 39001 6.427853 86 1460 1977 87.477379 0.162483 0.026483 4641 
1180073426 12170 39212 6.444043 86 1460 1975 87.963846 0.161773 0.026177 4646 
1180173426 12189 39325 6.452539 86 1458 1979 88.235786 0.161771 0.026018 4651 
1180273426 12206 39428 6.460429 86 1454 1984 88.461412 0.161379 0.025822 4652 
1180373426 12241 39578 6.466465 86 1454 1994 88.691120 0.161257 0.025616 4656 
1180473426 12265 39759 6.483327 86 1447 1994 89.197880 0.161007 0.025457 4660 
1180573426 12300 39995 6.503252 86 1444 1981 89.806016 0.160572 0.025188 4669 
1180673426 12330 40181 6.517599 87 1446 1971 90.219303 0.160455 0.025132 4677 
1180773426 12352 40321 6.528659 87 1445 1966 90.519268 0.160490 0.024900 4680 
1180873426 12370 40415 6.534357 87 1437 1981 90.698787 0.160658 0.024780 4682 
1180973426 12392 40528 6.540994 87 1440 1980 90.928502 0.160336 0.024551 4683 
1181073426 12441 40702 6.543204 87 1447 1990 91.124668 0.160733 0.024305 4683 
1181173426 12477 40864 6.550293 87 1449 1996 91.391040 0.160358 0.024068 4684 
1181273426 12519 41038 6.556115 87 1451 2011 91.617541 0.160379 0.023805 4687 
1181373426 12547 41162 6.561250 88 1449 2023 91.822746 0.160310 0.023577 4688 
1181473426 12573 41272 6.565179 88 1455 2028 91.994114 0.160366 0.023431 4688 
1181573426 12596 41410 6.575103 88 1451 2027 92.339632 0.160105 0.023277 4692 
1181673426 12635 41617 6.587574 88 1457 2022 92.784804 0.160464 0.023112 4699 
1181773426 12685 41824 6.594245 90 1453 2037 93.018368 0.159972 0.022845 4700 
1181873426 12720 42032 6.608805 90 1458 2031 93.554560 0.159791 0.022631 4703 
1181973426 12746 42191 6.620273 91 1457 2038 93.885925 0.160131 0.022517 4707 
1182073426 12774 42333 6.627994 91 1457 2040 94.152967 0.160588 0.022387 4711 
1182173426 12799 42472 6.636768 92 1456 2046 94.465036 0.159730 0.022256 4716 
1182273426 12829 42655 6.649778 92 1450 2054 94.960324 0.159342 0.022087 4721 
1182373426 12859 42827 6.661016 93 1454 2051 95.314877 0.159002 0.021934 4727 
1182473426 12900 43038 6.672558 93 1458 2047 95.768992 0.159522 0.021721 4736 
1182573426 12934 43220 6.683161 93 1453 2050 96.115510 0.158908 0.021595 4741 
1182673426 12958 43355 6.691619 93 1453 2051 96.417040 0.159306 0.021472 4749 
1182773426 12996 43496 6.693752 93 1463 2051 96.523238 0.159591 0.021333 4750 
1182873426 13040 43697 6.701994 93 1467 2060 96.942331 0.159513 0.021323 4758 
1182973426 13075 43858 6.708681 93 1473 2056 97.265468 0.158738 0.021093 4765 
1183073426 13122 44047 6.713458 94 1488 2060 97.531626 0.158359 0.021154 4768 
1183173426 13153 44210 6.722421 94 1487 2073 97.905421 0.158107 0.020975 4775 
1183273426 13173 44329 6.730282 94 1491 2067 98.219388 0.157937 0.020888 4775 
1183373426 13199 44472 6.738692 95 1487 2062 98.495947 0.158125 0.020799 4777 
1183473426 13237 44679 6.750623 95 1488 2059 98.876483 0.158385 0.020613 4781 
1183573426 13285 44855 6.752729 96 1498 2077 99.132857 0.157718 0.020631 4786 
1183673426 13314 45017 6.762355 96 1492 2086 99.487907 0.157884 0.020854 4792 
1183773426 13343 45231 6.779735 96 1487 2090 100.050963 0.157473 0.020686 4801 
1183873426 13377 45391 6.786424 96 1493 2096 100.308440 0.157271 0.020517 4803 
1183973426 13409 45543 6.792900 96 1498 2098 100.583936 0.157044 0.020481 4809 
1184073426 13452 45718 6.797205 97 1509 2101 100.806423 0.156536 0.020321 4816 
1184173426 13486 45911 6.808690 99 1514 2098 101.225864 0.155898 0.020089 4823 
1184273426 13521 46120 6.821981 100 1521 2091 101.684195 0.155700 0.019833 4831 
1184373426 13556 46314 6.832989 101 1524 2084 102.099587 0.155256 0.019654 4836 
1184473426 13569 46448 6.846194 101 1517 2087 102.514850 0.154486 0.019537 4839 
1184573426 13598 46651 6.861450 101 1511 2089 103.002206 0.154338 0.019355 4846 
1184673426 13636 46844 6.870637 101 1510 2093 103.335142 0.153909 0.019223 4850 
1184773426 13683 47033 6.874662 101 1519 2104 103.634437 0.153387 0.019059 4853 
1184873426 13726 47263 6.886638 101 1514 2121 104.059012 0.152838 0.018901 4858 
1184973426 13772 47466 6.893116 101 1520 2128 104.317020 0.153747 0.018775 4864 
1185073426 13811 47618 6.895663 101 1528 2130 104.497430 0.153617 0.018655 4866 
1185173426 13840 47764 6.902312 101 1540 2127 104.771098 0.153529 0.018506 4868 
1185273426 13867 47906 6.909353 101 1537 2139 105.042186 0.153005 0.018435 4871 
1185373426 13906 48076 6.914425 101 1538 2142 105.252409 0.153026 0.018263 4873 
1185473426 13942 48266 6.923827 101 1534 2146 105.557596 0.153148 0.018372 4877 
1185573426 13986 48454 6.928929 101 1540 2156 105.825111 0.152797 0.018283 4883 
1185673426 14010 48580 6.935046 101 1539 2156 106.060243 0.152443 0.018111 4885 
1185773426 14051 48764 6.941001 102 1552 2149 106.420753 0.151992 0.017913 4895 
1185873426 14090 48960 6.949610 102 1552 2164 106.757133 0.152107 0.017790 4899 
1185973426 14118 49132 6.960193 102 1553 2170 107.132738 0.151644 0.017693 4906 
1186073426 14159 49333 6.968430 102 1550 2185 107.438943 0.151843 0.017442 4908 
1186173426 14208 49547 6.974521 102 1550 2202 107.728322 0.151792 0.017485 4909 
1186273426 14234 49698 6.982998 103 1553 2202 108.054939 0.151732 0.017460 4917 
1186373426 14272 49879 6.989770 103 1562 2202 108.385790 0.151616 0.017369 4923 
1186473426 14315 50120 7.002445 103 1566 2216 108.865526 0.151332 0.017254 4926 
1186573426 14348 50334 7.016170 103 1566 2209 109.322275 0.150882 0.017109 4929 
1186673426 14387 50583 7.031765 103 1557 2216 109.873080 0.150454 0.017327 4936 
1186773426 14425 50777 7.040139 103 1560 2214 110.242912 0.150448 0.017192 4940 
1186873426 14455 50919 7.045175 104 1565 2221 110.478865 0.150254 0.017118 4941 
1186973426 14478 51059 7.053322 104 1562 2234 110.800663 0.149915 0.017044 4946 
1187073426 14511 51236 7.061677 104 1566 2233 111.174557 0.149365 0.016943 4946 
1187173426 14547 51436 7.071699 105 1569 2237 111.622053 0.148665 0.016850 4953 
1187273426 14584 51600 7.076248 105 1574 2246 111.865743 0.148491 0.016711 4958 
1187373426 14615 51802 7.088881 105 1574 2239 112.284913 0.148484 0.016573 4961 
1187473426 14643 51981 7.099775 105 1576 2235 112.755310 0.148233 0.016465 4968 
1187573426 14669 52136 7.108324 105 1569 2237 113.030200 0.148426 0.016383 4970 
1187673426 14702 52373 7.124609 105 1568 2230 113.542783 0.148345 0.016215 4977 
1187773426 14744 52537 7.126560 105 1572 2248 113.763972 0.148474 0.016163 4981 
1187873426 14778 52694 7.131412 105 1572 2256 113.968737 0.148689 0.016279 4986 
1187973426 14824 52879 7.134242 105 1579 2263 114.226929 0.148166 0.016135 4990 
1188073426 14851 53058 7.145377 106 1573 2271 114.682917 0.147702 0.016049 4998 
1188173426 14876 53233 7.156897 106 1575 2265 115.087524 0.147619 0.015931 5001 
1188273426 14916 53463 7.168544 106 1582 2255 115.579378 0.147647 0.015810 5011 
1188373426 14953 53667 7.178091 106 1590 2246 115.988096 0.147304 0.015733 5017 
1188473426 14981 53846 7.188572 106 1588 2245 116.351245 0.146716 0.015626 5023 
1188573426 15010 54020 7.197868 106 1580 2252 116.683678 0.146516 0.015548 5027 
1188673426 15039 54173 7.204335 107 1588 2243 117.017621 0.146178 0.015446 5029 
1188773426 15070 54326 7.209821 108 1591 2246 117.269542 0.145977 0.015362 5032 
1188873426 15096 54462 7.215421 108 1592 2248 117.482909 0.146170 0.015485 5039 
1188973426 15135 54687 7.226561 108 1596 2237 117.910671 0.146359 0.015337 5045 
1189073426 15174 54898 7.235798 108 1597 2246 118.288124 0.145890 0.015244 5048 
1189173426 15207 55073 7.243112 109 1598 2248 118.599724 0.145911 0.015143 5052 
1189273426 15246 55233 7.245573 109 1615 2249 118.792470 0.145887 0.015044 5052 
1189373426 15273 55399 7.254501 109 1617 2255 119.160610 0.145411 0.014950 5057 
1189473426 15333 55628 7.255984 109 1632 2269 119.420335 0.145905 0.014838 5063 
1189573426 15376 55846 7.264048 109 1629 2277 119.811785 0.145257 0.014705 5069 
1189673426 15418 56013 7.265923 109 1637 2289 120.027889 0.145080 0.014627 5074 
1189773426 15441 56152 7.273104 110 1636 2295 120.305809 0.144479 0.014566 5076 
1189873426 15480 56321 7.276615 110 1643 2296 120.530491 0.144581 0.014495 5078 
1189973426 15510 56483 7.283430 110 1645 2299 120.802837 0.144297 0.014391 5081 
1190073426 15563 56697 7.286127 110 1654 2312 121.007903 0.144654 0.014309 5086 
1190173426 15612 56943 7.294773 110 1667 2311 121.414425 0.144499 0.014199 5089 
1190273426 15667 57184 7.299930 111 1681 2316 121.711751 0.144517 0.014103 5097 
1190373426 15714 57405 7.306224 111 1691 2328 122.031437 0.144628 0.014095 5102 
1190473426 15750 57574 7.310984 112 1696 2328 122.354794 0.144111 0.014004 5106 
1190573426 15795 57726 7.309402 112 1714 2329 122.503704 0.143909 0.014090 5111 
1190673426 15846 57909 7.308974 112 1723 2342 122.649249 0.143812 0.014020 5112 
1190773426 15914 58135 7.306146 113 1746 2358 122.801056 0.143539 0.013868 5116 
1190873426 15965 58393 7.315127 114 1743 2376 123.144378 0.143276 0.013761 5120 
1190973426 16013 58601 7.319178 114 1754 2383 123.468931 0.143490 0.013831 5130 
1191073426 16050 58731 7.318505 114 1768 2385 123.559252 0.143426 0.013965 5132 
1191173426 16092 58872 7.316928 114 1780 2391 123.633855 0.143396 0.014255 5137 
1191273426 16160 59099 7.314233 115 1793 2413 123.803218 0.143409 0.014258 5142 
1191373426 16211 59360 7.323422 116 1791 2421 124.222442 0.142651 0.014118 5144 
1191473426 16270 59588 7.324892 116 1812 2416 124.461463 0.142795 0.013940 5148 
1191573426 16322 59794 7.326798 116 1814 2428 124.679696 0.142976 0.013807 5150 
1191673426 16367 59948 7.325472 116 1824 2447 124.795748 0.142926 0.013737 5154 
1191773426 16400 60066 7.325122 116 1829 2455 124.834634 0.143106 0.013813 5156 
1191873426 16443 60279 7.331874 116 1832 2470 125.181415 0.143843 0.013712 5165 
1191973426 16499 60514 7.335475 116 1835 2483 125.421419 0.143916 0.013620 5169 
1192073426 16556 60719 7.334984 118 1851 2492 125.634694 0.143550 0.013547 5174 
1192173426 16607 60919 7.336545 118 1854 2509 125.823689 0.143585 0.013631 5177 
1192273426 16641 61047 7.336939 118 1854 2518 125.920918 0.143544 0.013580 5178 
1192373426 16670 61168 7.338692 118 1861 2525 126.051470 0.143532 0.013534 5181 
1192473426 16707 61348 7.343988 118 1866 2521 126.308853 0.143606 0.013561 5185 
1192573426 16758 61601 7.351832 118 1859 2542 126.686836 0.143803 0.013568 5193 
1192673426 16810 61836 7.357049 118 1853 2563 126.908031 0.144125 0.013618 5201 
1192773426 16874 62062 7.355932 118 1875 2566 127.028683 0.144055 0.013644 5206 
1192873426 16902 62194 7.359366 118 1874 2576 127.176902 0.144303 0.013616 5212 
1192973426 16920 62277 7.361348 119 1870 2586 127.301537 0.144020 0.013590 5213 
1193073426 16949 62425 7.366216 119 1870 2591 127.536728 0.143923 0.013538 5220 
1193173426 16990 62665 7.376692 120 1877 2583 127.995880 0.143725 0.013309 5222 
1193273426 17044 62892 7.379958 120 1882 2600 128.248768 0.143786 0.013403 5227 
1193373426 17101 63101 7.379802 120 1897 2609 128.452371 0.143294 0.013316 5232 
1193473426 17124 63240 7.386125 120 1898 2610 128.692712 0.143495 0.013230 5239 
1193573426 17146 63325 7.386562 120 1901 2617 128.776858 0.143548 0.013154 5241 
1193673426 17174 63434 7.387213 120 1905 2622 128.893327 0.143605 0.013267 5247 
1193773426 17221 63647 7.391789 121 1915 2626 129.192614 0.143261 0.013238 5257 
1193873426 17264 63829 7.394462 121 1923 2630 129.345575 0.143630 0.013191 5265 
1193973426 17302 64026 7.400994 122 1920 2643 129.648480 0.143242 0.013126 5265 
1194073426 17340 64183 7.402884 123 1922 2652 129.795502 0.143584 0.013033 5270 
1194173426 17360 64308 7.408756 123 1921 2655 130.028111 0.143491 0.013004 5273 
1194273426 17394 64444 7.409911 124 1928 2664 130.169829 0.143347 0.012918 5274 
1194373426 17446 64652 7.411670 124 1941 2673 130.385876 0.143391 0.012821 5279 
1194473426 17482 64854 7.419517 124 1941 2673 130.714449 0.142883 0.012752 5283 
1194573426 17528 65086 7.426518 124 1944 2683 131.142629 0.142821 0.012668 5288 
1194673426 17576 65273 7.427515 124 1958 2679 131.268320 0.143078 0.012589 5297 
1194773426 17604 65401 7.430243 125 1964 2680 131.463190 0.142710 0.012553 5298 
1194873426 17636 65535 7.431957 125 1972 2682 131.626559 0.142468 0.012496 5301 
1194973426 17687 65767 7.436761 126 1978 2692 131.953525 0.142629 0.012359 5310 
1195073426 17734 65976 7.440623 127 1991 2702 132.283974 0.142252 0.012297 5316 
1195173426 17779 66179 7.444626 127 1997 2710 132.503178 0.142403 0.012353 5321 
1195273426 17826 66348 7.443958 128 2004 2733 132.632896 0.142113 0.012282 5329 
1195373426 17848 66480 7.449574 128 2004 2737 132.881555 0.142065 0.012258 5337 
1195473426 17879 66617 7.451983 128 2007 2743 133.022317 0.141926 0.012230 5344 
1195573426 17919 66825 7.458564 128 2006 2754 133.366148 0.141973 0.012143 5352 
1195673426 17955 66996 7.462657 129 2013 2759 133.619716 0.141496 0.012090 5358 
1195773426 17980 67120 7.466073 129 2021 2762 133.837486 0.141479 0.012060 5364 
1195873426 18006 67225 7.466955 129 2029 2758 133.938687 0.141497 0.012027 5365 
1195973426 18030 67358 7.471769 129 2029 2760 134.099612 0.141455 0.011990 5366 
1196073426 18050 67512 7.480554 129 2031 2756 134.440776 0.141222 0.011926 5369 
1196173426 18096 67706 7.482980 129 2040 2776 134.695734 0.141096 0.011916 5374 
1196273426 18139 67902 7.486852 129 2041 2793 134.952423 0.140765 0.011866 5378 
1196373426 18181 68092 7.490457 129 2043 2794 135.193554 0.140846 0.011937 5384 
1196473426 18214 68274 7.496871 129 2050 2791 135.499945 0.140802 0.011896 5393 
1196573426 18239 68399 7.500302 130 2050 2798 135.689786 0.140692 0.012003 5398 
1196673426 18272 68529 7.500985 130 2055 2799 135.746060 0.140765 0.011965 5399 
1196773426 18295 68702 7.510467 131 2051 2785 136.113802 0.140345 0.011933 5405 
1196873426 18325 68891 7.518799 132 2049 2789 136.461228 0.139551 0.011914 5410 
1196973426 18363 69059 7.521538 132 2051 2795 136.641725 0.139807 0.011879 5415 
1197073426 18402 69267 7.528203 132 2056 2797 136.988153 0.139611 0.011805 5423 
1197173426 18427 69409 7.533402 132 2053 2802 137.212351 0.139619 0.011751 5426 
1197273426 18464 69542 7.532712 132 2057 2815 137.307734 0.139730 0.011799 5430 
1197373426 18499 69682 7.533596 132 2062 2819 137.431212 0.139495 0.011737 5435 
1197473426 18536 69863 7.538088 132 2063 2834 137.701770 0.139493 0.011694 5443 
1197573426 18574 70032 7.540864 132 2070 2841 137.928395 0.139596 0.011781 5451 
1197673426 18614 70192 7.541850 132 2072 2860 138.058666 0.139708 0.011856 5454 
1197773426 18640 70302 7.543133 132 2078 2850 138.162017 0.139675 0.011901 5460 
1197873426 18673 70447 7.545333 132 2083 2858 138.325390 0.139287 0.012017 5465 
1197973426 18697 70556 7.547307 132 2085 2860 138.454297 0.139127 0.011985 5468 
1198073426 18741 70705 7.545489 132 2096 2868 138.532629 0.139186 0.011941 5472 
1198173426 18790 70865 7.542842 132 2110 2883 138.605535 0.139283 0.011892 5475 
1198273426 18825 71022 7.545498 132 2114 2890 138.779495 0.139418 0.011874 5479 
1198373426 18852 71141 7.547316 132 2122 2892 138.943560 0.139593 0.011836 5483 
1198473426 18873 71235 7.548879 132 2123 2897 139.063318 0.139710 0.011812 5486 
1198573426 18892 71349 7.553356 132 2125 2892 139.255664 0.139665 0.011898 5492 
1198673426 18899 71412 7.557225 132 2124 2892 139.403778 0.139622 0.011929 5496 
1198773426 18923 71513 7.558315 132 2123 2894 139.456323 0.139625 0.011894 5497 
1198873426 18948 71666 7.564492 132 2128 2894 139.754697 0.139453 0.011868 5504 
1198973426 18971 71822 7.571767 132 2122 2894 140.019082 0.139319 0.011983 5506 
1199073426 19008 71956 7.571128 132 2138 2894 140.146254 0.139251 0.011952 5508 
1199173426 19033 72083 7.574528 132 2143 2893 140.263963 0.139449 0.011916 5511 
1199273426 19060 72219 7.578069 132 2142 2900 140.518678 0.139424 0.011889 5515 
1199373426 19093 72336 7.577227 134 2145 2901 140.588593 0.139218 0.011892 5518 
1199473426 19121 72471 7.580252 134 2146 2909 140.789708 0.139096 0.011854 5523 
1199573426 19150 72585 7.580679 135 2156 2903 140.932010 0.138949 0.011796 5529 
1199673426 19188 72694 7.577027 135 2169 2916 140.930373 0.139131 0.011768 5531 
1199773426 19215 72832 7.580744 135 2174 2920 141.122560 0.139050 0.011740 5532 
1199873426 19238 72950 7.583948 135 2173 2923 141.251897 0.139054 0.011698 5534 
1199973426 19263 73074 7.586980 135 2179 2925 141.414837 0.139007 0.011661 5537 
1200073426 19305 73210 7.584564 135 2197 2928 141.471950 0.139032 0.011614 5539 
1200173426 19337 73348 7.586285 135 2203 2932 141.622382 0.138777 0.011576 5540 
1200273426 19364 73456 7.586862 135 2199 2947 141.718653 0.138706 0.011543 5540 
1200373426 19401 73619 7.589196 135 2214 2941 141.926086 0.138705 0.011494 5544 
1200473426 19441 73776 7.589733 135 2223 2953 142.037858 0.138734 0.011450 5545 
1200573426 19478 73920 7.590102 135 2227 2964 142.164699 0.138638 0.011413 5551 
1200673426 19513 74075 7.592374 135 2226 2981 142.285758 0.138807 0.011380 5552 
1200773426 19539 74185 7.593531 135 2234 2981 142.390296 0.139003 0.011372 5559 
1200873426 19557 74300 7.598302 135 2236 2977 142.615841 0.139150 0.011362 5570 
1200973426 19593 74457 7.600367 135 2250 2982 142.808758 0.138908 0.011286 5573 
1201073426 19642 74630 7.599023 135 2261 2996 142.945219 0.138759 0.011356 5582 
1201173426 19682 74780 7.598821 135 2266 3004 142.989838 0.138870 0.011319 5585 
1201273426 19721 74942 7.600223 135 2273 3012 143.125196 0.139080 0.011265 5588 
1201373426 19777 75192 7.603984 136 2281 3023 143.414471 0.138872 0.011206 5596 
1201473426 19809 75346 7.607249 136 2282 3023 143.621384 0.138646 0.011195 5605 
1201573426 19863 75564 7.608518 137 2290 3030 143.777274 0.138663 0.011161 5611 
1201673426 19911 75797 7.613580 138 2295 3046 144.132088 0.138691 0.011166 5621 
1201773426 19955 75949 7.612027 138 2312 3057 144.223804 0.139220 0.011131 5625 
1201873426 19989 76087 7.612887 138 2318 3062 144.298564 0.139504 0.011216 5630 
1201973426 20017 76208 7.614328 138 2317 3072 144.432832 0.139301 0.011162 5632 
1202073426 20044 76301 7.613351 138 2321 3082 144.491120 0.139283 0.011145 5634 
1202173426 20074 76427 7.614526 139 2319 3096 144.605759 0.139155 0.011230 5637 
1202273426 20090 76507 7.616426 139 2321 3095 144.716575 0.139023 0.011217 5638 
1202373426 20130 76662 7.616692 139 2322 3108 144.810134 0.139057 0.011334 5642 
1202473426 20180 76825 7.613974 139 2338 3110 144.917542 0.138797 0.011264 5646 
1202573426 20216 77030 7.620696 139 2346 3107 145.211120 0.138906 0.011198 5651 
1202673426 20247 77156 7.621475 139 2355 3107 145.304490 0.138977 0.011169 5652 
1202773426 20287 77364 7.626953 139 2356 3115 145.588111 0.139230 0.011113 5657 
1202873426 20331 77588 7.632482 140 2354 3131 145.954159 0.138886 0.011091 5674 
1202973426 20377 77815 7.637533 140 2359 3134 146.218580 0.138708 0.011146 5681 
1203073426 20411 77984 7.641370 140 2360 3146 146.422321 0.138712 0.011083 5684 
1203173426 20448 78106 7.639476 140 2372 3151 146.451193 0.138946 0.011057 5688 
1203273426 20473 78236 7.642847 140 2378 3157 146.633322 0.139047 0.011060 5694 
1203373426 20509 78435 7.648837 140 2382 3155 146.945244 0.138870 0.011144 5701 
1203473426 20554 78648 7.652817 140 2380 3174 147.178262 0.138961 0.011130 5707 
1203573426 20598 78843 7.655403 140 2384 3185 147.351005 0.139099 0.011095 5712 
1203673426 20625 78987 7.659345 140 2385 3193 147.570618 0.138730 0.011064 5715 
1203773426 20660 79128 7.660019 140 2396 3188 147.671152 0.138932 0.011020 5716 
1203873426 20679 79233 7.663137 140 2395 3184 147.775134 0.139090 0.010986 5718 
1203973426 20729 79405 7.661248 140 2411 3190 147.822567 0.139377 0.011061 5725 
1204073426 20775 79615 7.664501 140 2421 3192 148.112347 0.139031 0.010915 5735 
1204173426 20833 79844 7.665147 141 2420 3208 148.294245 0.138458 0.011145 5741 
1204273426 20886 80036 7.664081 141 2428 3218 148.361678 0.138794 0.011090 5752 
1204373426 20915 80157 7.665025 141 2437 3216 148.489218 0.138741 0.011086 5759 
1204473426 20945 80324 7.669993 141 2438 3219 148.729721 0.138711 0.011068 5762 
1204573426 20975 80483 7.674184 141 2439 3225 148.962670 0.138423 0.011045 5765 
1204673426 21044 80760 7.675347 141 2457 3239 149.190743 0.138144 0.010977 5773 
1204773426 21098 80977 7.676273 142 2463 3260 149.307233 0.138121 0.011027 5779 
1204873426 21150 81185 7.677069 142 2476 3266 149.467045 0.138046 0.011226 5786 
1204973426 21189 81355 7.678984 142 2483 3273 149.667658 0.137977 0.011160 5791 
1205073426 21230 81490 7.676872 142 2499 3275 149.694489 0.138010 0.011236 5797 
1205173426 21276 81671 7.677289 142 2515 3283 149.828163 0.137942 0.011164 5798 
1205273426 21331 81881 7.677183 142 2525 3293 149.965402 0.137962 0.011196 5801 
1205373426 21381 82087 7.678500 142 2530 3299 150.118516 0.137948 0.011254 5805 
1205473426 21420 82269 7.681513 142 2538 3301 150.385434 0.138080 0.011215 5812 
1205573426 21454 82392 7.680805 142 2541 3317 150.480097 0.137923 0.011202 5815 
1205673426 21470 82470 7.682347 142 2541 3318 150.573731 0.137903 0.011150 5819 
1205773426 21510 82627 7.682659 142 2551 3322 150.687215 0.137942 0.011076 5820 
1205873426 21582 82862 7.678806 142 2568 3352 150.811139 0.137796 0.011102 5823 
1205973426 21613 83043 7.684542 142 2570 3349 151.111276 0.137744 0.011066 5828 
1206073426 21655 83230 7.686908 142 2571 3362 151.322558 0.137753 0.011011 5831 
1206173426 21685 83378 7.689924 142 2575 3368 151.498824 0.137580 0.010985 5834 
1206273426 21712 83505 7.692060 142 2580 3369 151.624447 0.137523 0.010954 5835 
1206373426 21737 83626 7.694346 142 2583 3372 151.750564 0.137572 0.010933 5838 
1206473426 21794 83837 7.693585 142 2603 3375 151.962467 0.137737 0.010860 5852 
1206573426 21833 84027 7.697247 143 2611 3386 152.208583 0.137667 0.010826 5854 
1206673426 21881 84293 7.704675 143 2606 3392 152.572826 0.137673 0.010767 5862 
1206773426 21925 84501 7.708187 143 2608 3408 152.804926 0.137611 0.010900 5870 
1206873426 21969 84660 7.707224 143 2616 3425 152.952615 0.137393 0.010846 5875 
1206973426 22008 84868 7.712468 143 2609 3428 153.177754 0.137496 0.010784 5879 
1207073426 22058 85097 7.715749 143 2616 3441 153.420800 0.137285 0.010740 5887 
1207173426 22132 85375 7.715073 143 2633 3451 153.584041 0.137107 0.010783 5891 
1207273426 22187 85649 7.720647 144 2637 3459 154.015054 0.136629 0.010836 5903 
1207373426 22242 85877 7.722057 144 2651 3455 154.195486 0.136629 0.010758 5907 
1207473426 22288 86024 7.719311 144 2667 3470 154.253679 0.136675 0.010660 5913 
1207573426 22328 86226 7.723576 144 2668 3476 154.507882 0.136669 0.010630 5919 
1207673426 22371 86450 7.728756 144 2673 3487 154.841357 0.136372 0.010695 5927 
1207773426 22425 86683 7.730925 144 2679 3488 155.060067 0.136176 0.010630 5931 
1207873426 22482 86930 7.733298 144 2681 3506 155.264478 0.136279 0.010748 5938 
1207973426 22533 87146 7.734966 144 2684 3515 155.404163 0.136431 0.010665 5941 
1208073426 22555 87260 7.737530 144 2689 3519 155.582532 0.136292 0.010647 5943 
1208173426 22590 87411 7.738911 144 2692 3528 155.748650 0.136343 0.010627 5948 
1208273426 22650 87639 7.738543 144 2710 3535 155.945872 0.136481 0.010589 5957 
1208373426 22693 87896 7.746530 144 2721 3532 156.400917 0.136145 0.010522 5966 
1208473426 22745 88167 7.752649 144 2704 3556 156.666168 0.136361 0.010551 5972 
1208573426 22802 88421 7.755548 145 2712 3570 156.961582 0.136446 0.010514 5980 
1208673426 22828 88538 7.756965 145 2717 3574 157.070089 0.136362 0.010487 5983 
1208773426 22858 88699 7.760871 146 2723 3579 157.314376 0.136080 0.010463 5989 
1208873426 22903 88917 7.764660 146 2732 3586 157.630965 0.135596 0.010428 5998 
1208973426 22956 89152 7.767207 147 2739 3600 157.852413 0.135539 0.010231 6009 
1209073426 23014 89406 7.769705 149 2755 3606 158.148431 0.135256 0.010297 6016 
1209173426 23061 89570 7.768093 150 2767 3620 158.249772 0.135115 0.010263 6021 
1209273426 23090 89711 7.770550 150 2769 3629 158.436986 0.135137 0.010251 6026 
1209373426 23134 89866 7.769171 150 2772 3648 158.477047 0.135345 0.010222 6028 
1209473426 23192 90081 7.768282 151 2784 3662 158.613660 0.135410 0.010169 6033 
1209573426 23255 90309 7.766846 152 2796 3677 158.747796 0.135206 0.010129 6035 
1209673426 23310 90565 7.770485 153 2806 3677 159.068039 0.135352 0.010158 6044 
1209773426 23358 90808 7.775323 153 2810 3690 159.374861 0.135233 0.010119 6054 
1209873426 23383 90990 7.782577 153 2806 3690 159.728606 0.134809 0.010085 6056 
1209973426 23427 91184 7.784522 153 2812 3698 159.901054 0.134636 0.010055 6061 
1210073426 23476 91411 7.787613 154 2825 3705 160.140228 0.134415 0.009953 6066 
1210173426 23532 91623 7.787098 154 2835 3720 160.272820 0.134239 0.010006 6072 
1210273426 23579 91853 7.791085 154 2835 3736 160.521396 0.134195 0.009957 6077 
1210373426 23627 92054 7.792272 154 2834 3752 160.682524 0.134136 0.009954 6086 
1210473426 23672 92229 7.792244 155 2845 3765 160.787006 0.134062 0.009934 6093 
1210573426 23716 92417 7.793641 155 2853 3764 160.941474 0.134041 0.009857 6095 
1210673426 23759 92600 7.794941 155 2855 3767 161.104676 0.134142 0.009795 6100 
1210773426 23812 92817 7.795817 155 2857 3773 161.210398 0.134215 0.009738 6105 
1210873426 23865 93067 7.799455 155 2865 3779 161.389985 0.134351 0.009707 6109 
1210973426 23911 93271 7.801514 155 2861 3807 161.588725 0.134468 0.009672 6113 
1211073426 23960 93431 7.798915 155 2873 3823 161.618698 0.134593 0.009772 6121 
1211173426 23999 93605 7.800742 155 2881 3825 161.829993 0.134466 0.009717 6130 
1211273426 24057 93825 7.800224 155 2894 3834 161.954940 0.134279 0.009644 6136 
1211373426 24104 94039 7.802771 155 2901 3842 162.163209 0.134250 0.009608 6140 
1211473426 24153 94259 7.805159 155 2914 3850 162.464870 0.134187 0.009593 6156 
1211573426 24210 94488 7.805700 155 2928 3854 162.615200 0.134070 0.009539 6167 
1211673426 24241 94663 7.810156 155 2929 3855 162.875541 0.133805 0.009522 6176 
1211773426 24274 94807 7.811403 155 2932 3866 162.999753 0.133838 0.009503 6180 
1211873426 24315 94980 7.812461 156 2930 3882 163.153198 0.133635 0.009558 6192 
1211973426 24366 95172 7.811869 157 2942 3885 163.281294 0.133646 0.009549 6195 
1212073426 24415 95397 7.814622 157 2946 3885 163.508990 0.133596 0.009584 6209 
1212173426 24468 95660 7.819192 157 2950 3892 163.793444 0.133392 0.009551 6216 
1212273426 24520 95823 7.815905 158 2965 3903 163.845432 0.133514 0.009679 6223 
1212373426 24557 95969 7.816020 158 2969 3916 163.904874 0.133501 0.009645 6224 
1212473426 24615 96216 7.817672 158 2976 3926 164.076376 0.133555 0.009593 6233 
1212573426 24668 96438 7.818875 158 2991 3936 164.259445 0.133530 0.009572 6243 
1212673426 24726 96634 7.816388 158 3004 3942 164.363423 0.133144 0.009639 6254 
1212773426 24792 96875 7.815021 158 3015 3963 164.493788 0.133113 0.009623 6265 
1212873426 24844 97083 7.815408 158 3024 3973 164.616728 0.133008 0.009578 6268 
1212973426 24899 97257 7.812121 159 3031 3987 164.631351 0.133074 0.009651 6272 
1213073426 24964 97472 7.809005 159 3053 3992 164.618811 0.133362 0.009612 6274 
1213173426 25020 97684 7.808473 160 3062 4005 164.781375 0.133095 0.009590 6281 
1213273426 25073 97900 7.809197 160 3070 4018 164.962151 0.132907 0.009503 6288 
1213373426 25127 98115 7.809528 161 3068 4045 165.130258 0.132580 0.009588 6294 
1213473426 25165 98274 7.810372 162 3073 4049 165.273753 0.132465 0.009656 6300 
1213573426 25211 98446 7.809766 162 3088 4055 165.354329 0.132404 0.009652 6305 
1213673426 25280 98707 7.809098 162 3098 4070 165.549051 0.132274 0.009612 6318 
1213773426 25330 98961 7.813739 162 3100 4080 165.804737 0.132178 0.009542 6325 
1213873426 25368 99154 7.817250 162 3096 4099 166.033901 0.132186 0.009597 6336 
1213973426 25434 99381 7.814815 162 3124 4105 166.115357 0.132111 0.009559 6346 
1214073426 25486 99565 7.813309 162 3130 4124 166.166837 0.132334 0.009774 6354 
1214173426 25529 99747 7.814407 162 3133 4137 166.345098 0.132136 0.009744 6356 
1214273426 25607 100027 7.812473 162 3141 4167 166.485336 0.132009 0.009683 6367 
1214373426 25679 100301 7.811909 162 3150 4192 166.669263 0.132156 0.009646 6379 
1214473426 25736 100535 7.812791 162 3171 4186 166.830199 0.132160 0.009583 6382 
1214573426 25816 100779 7.807484 163 3193 4194 166.802293 0.132203 0.009497 6385 
1214673426 25890 101002 7.802395 163 3215 4203 166.762920 0.132413 0.009461 6388 
1214773426 25939 101214 7.804002 163 3226 4204 166.979760 0.132348 0.009426 6394 
1214873426 26015 101489 7.802345 163 3229 4239 167.139343 0.132277 0.009460 6403 
1214973426 26087 101778 7.802967 163 3247 4232 167.344348 0.132296 0.009381 6412 
1215073426 26141 102061 7.808500 163 3249 4242 167.704602 0.132106 0.009340 6417 
1215173426 26203 102250 7.804450 163 3273 4248 167.725146 0.132336 0.009319 6424 
1215273426 26235 102383 7.805070 163 3276 4256 167.836402 0.132316 0.009315 6432 
1215373426 26276 102563 7.806592 163 3278 4265 167.963465 0.132580 0.009289 6437 
1215473426 26349 102821 7.804547 164 3296 4283 168.113325 0.132406 0.009225 6446 
1215573426 26439 103129 7.801278 164 3319 4291 168.170581 0.132702 0.009174 6456 
1215673426 26525 103420 7.797926 164 3339 4305 168.239774 0.132741 0.009128 6462 
1215773426 26589 103654 7.796758 165 3353 4317 168.362406 0.132677 0.009143 6470 
1215873426 26630 103845 7.799099 166 3355 4333 168.525648 0.132438 0.009206 6476 
1215973426 26674 104048 7.801455 167 3355 4340 168.706306 0.132357 0.009189 6487 
1216073426 26736 104298 7.802065 167 3374 4346 168.916293 0.132613 0.009145 6500 
1216173426 26823 104647 7.802781 167 3373 4375 169.135667 0.132509 0.009226 6518 
1216273426 26898 104929 7.801993 167 3389 4389 169.232062 0.132605 0.009142 6521 
1216373426 26969 105169 7.799251 167 3406 4391 169.274723 0.132564 0.009076 6533 
1216473426 27008 105369 7.802799 167 3401 4397 169.465640 0.132550 0.009037 6544 
1216573426 27057 105571 7.803600 167 3401 4414 169.585172 0.132714 0.009012 6551 
1216673426 27151 105873 7.798829 167 3422 4437 169.570697 0.133180 0.009165 6561 
1216773426 27253 106211 7.794445 167 3449 4470 169.659707 0.133114 0.009100 6571 
1216873426 27368 106553 7.786685 169 3483 4509 169.683134 0.132926 0.009029 6583 
1216973426 27456 106837 7.782416 169 3507 4532 169.723631 0.132994 0.009068 6591 
1217073426 27521 107068 7.780822 169 3517 4549 169.847317 0.133084 0.009017 6597 
1217173426 27590 107292 7.777601 169 3528 4569 169.878724 0.133293 0.008961 6600 
1217273426 27673 107586 7.775521 169 3537 4594 170.003325 0.133088 0.008934 6605 
1217373426 27772 107929 7.772505 170 3549 4622 170.109895 0.133132 0.008871 6615 
1217473426 27872 108280 7.769805 171 3570 4638 170.223378 0.133211 0.008902 6622 
1217573426 27950 108619 7.772379 171 3584 4642 170.470841 0.133438 0.008829 6625 
1217673426 28030 108891 7.769604 171 3601 4672 170.544488 0.133422 0.008797 6633 
1217773426 28093 109121 7.768554 171 3610 4679 170.600078 0.133621 0.008741 6640 
1217873426 28185 109454 7.766826 171 3628 4706 170.774667 0.133503 0.008696 6651 
1217973426 28303 109845 7.762075 172 3640 4742 170.868954 0.133494 0.008830 6662 
1218073426 28426 110249 7.756913 172 3675 4758 170.882150 0.133833 0.008778 6675 
1218173426 28539 110627 7.752689 173 3701 4773 170.940187 0.133830 0.008821 6686 
1218273426 28592 110888 7.756575 173 3712 4759 171.217124 0.133790 0.008782 6696 
1218373426 28655 111080 7.752923 173 3725 4769 171.223102 0.133710 0.008777 6705 
1218473426 28738 111365 7.750365 173 3742 4799 171.313870 0.133773 0.008741 6714 
1218573426 28852 111725 7.744697 173 3771 4813 171.294052 0.134060 0.008689 6726 
1218673426 28951 112090 7.743429 173 3789 4839 171.442161 0.134196 0.008690 6741 
1218773426 29046 112466 7.743992 173 3807 4861 171.669765 0.134147 0.008644 6754 
1218873426 29138 112765 7.740065 173 3823 4895 171.713089 0.134237 0.008593 6757 
1218973426 29228 113023 7.733885 173 3853 4921 171.666758 0.134366 0.008719 6763 
1219073426 29306 113378 7.737528 174 3858 4936 171.977138 0.134138 0.008747 6772 
1219173426 29435 113821 7.733718 174 3889 4976 172.167692 0.134058 0.008752 6785 
1219273426 29546 114218 7.731537 174 3907 4989 172.305964 0.134357 0.008872 6804 
1219373426 29657 114617 7.729507 175 3923 5023 172.444280 0.134401 0.008836 6815 
1219473426 29758 114972 7.727132 176 3938 5051 172.540561 0.134661 0.008786 6824 
1219573426 29836 115245 7.725231 177 3948 5082 172.639496 0.134739 0.008841 6831 
1219673426 29934 115579 7.722256 178 3974 5098 172.709628 0.134630 0.008805 6840 
1219773426 30072 116020 7.716148 179 4004 5128 172.751995 0.134364 0.008953 6850 
1219873426 30180 116467 7.718158 179 4024 5141 173.065076 0.134231 0.008970 6860 
1219973426 30277 116863 7.719589 179 4043 5153 173.301186 0.134229 0.008878 6871 
1220073426 30383 117180 7.713524 180 4080 5173 173.333641 0.134225 0.008910 6879 
1220173426 30432 117406 7.715957 180 4078 5187 173.574198 0.134060 0.008870 6886 
1220273426 30480 117645 7.719488 180 4078 5200 173.789567 0.134084 0.008928 6899 
1220373426 30532 117889 7.722324 180 4082 5197 174.035111 0.134036 0.008939 6916 
1220473426 30579 118136 7.726610 180 4081 5202 174.278165 0.134013 0.009004 6922 
1220573426 30616 118394 7.734126 180 4078 5189 174.680494 0.133691 0.008957 6932 
1220673426 30692 118667 7.732764 180 4101 5199 174.767301 0.133740 0.008938 6943 
1220773426 30762 118983 7.735713 181 4101 5219 175.043365 0.133566 0.008903 6955 
1220873426 30833 119240 7.734570 181 4114 5233 175.141569 0.133649 0.008856 6963 
1220973426 30928 119702 7.740688 181 4125 5239 175.557294 0.133859 0.008789 6975 
1221073426 31051 120077 7.734179 182 4146 5285 175.527873 0.134028 0.008744 6985 
1221173426 31159 120462 7.732084 183 4165 5317 175.661221 0.133980 0.008756 6998 
1221273426 31277 120846 7.727467 184 4199 5334 175.763085 0.133753 0.008798 7007 
1221373426 31363 121193 7.728406 186 4205 5347 175.989542 0.133438 0.008797 7027 
1221473426 31433 121494 7.730347 187 4211 5350 176.203099 0.133394 0.008761 7037 
1221573426 31528 121869 7.730842 188 4226 5379 176.432060 0.133205 0.008734 7053 
1221673426 31695 122438 7.726014 188 4267 5409 176.554977 0.133537 0.008576 7075 
1221773426 31814 122915 7.727101 189 4275 5432 176.869429 0.133602 0.008558 7089 
1221873426 31929 123320 7.724639 190 4288 5460 177.019888 0.133378 0.008584 7101 
1221973426 32034 123677 7.721608 190 4316 5477 177.086471 0.133625 0.008550 7113 
1222073426 32119 124018 7.722407 192 4319 5510 177.276378 0.133492 0.008476 7124 
1222173426 32225 124431 7.722638 193 4338 5525 177.588146 0.133175 0.008438 7135 
1222273426 32352 124846 7.717977 193 4368 5543 177.683049 0.133373 0.008362 7149 
1222373426 32467 125284 7.717621 194 4378 5565 177.856778 0.133597 0.008356 7166 
1222473426 32579 125678 7.715277 194 4399 5592 177.999202 0.133511 0.008451 7185 
1222573426 32659 125946 7.712790 194 4410 5619 178.037050 0.133690 0.008417 7196 
1222673426 32765 126305 7.709751 194 4447 5639 178.190996 0.133842 0.008427 7210 
1222773426 32857 126749 7.715190 194 4456 5651 178.610950 0.133702 0.008358 7225 
1222873426 32979 127182 7.712908 195 4492 5664 178.776919 0.133918 0.008287 7231 
1222973426 33085 127693 7.719087 196 4487 5700 179.246909 0.133767 0.008243 7246 
1223073426 33205 128194 7.721367 196 4494 5718 179.564343 0.133394 0.008158 7260 
1223173426 33282 128554 7.725137 198 4487 5739 179.882519 0.133119 0.008111 7271 
1223273426 33367 128887 7.725417 198 4500 5760 180.057842 0.133075 0.008069 7276 
1223373426 33470 129303 7.726501 198 4511 5789 180.298237 0.133358 0.008126 7290 
1223473426 33600 129803 7.726369 198 4537 5808 180.531012 0.133092 0.008163 7310 
1223573426 33747 130243 7.718790 199 4562 5848 180.483658 0.133235 0.008163 7321 
1223673426 33870 130766 7.721642 199 4577 5857 180.809094 0.133123 0.008180 7336 
1223773426 33966 131107 7.719896 200 4593 5880 180.905023 0.133163 0.008222 7347 
1223873426 34055 131529 7.724504 201 4582 5917 181.280106 0.133103 0.008246 7359 
1223973426 34185 132101 7.728594 202 4583 5942 181.684599 0.132971 0.008205 7375 
1224073426 34292 132512 7.728450 205 4594 5971 181.949843 0.133005 0.008174 7386 
1224173426 34417 133017 7.729727 205 4606 5991 182.185199 0.133328 0.008114 7398 
1224273426 34569 133614 7.730279 206 4627 6019 182.509185 0.133395 0.008045 7413 
1224373426 34660 133921 7.727698 206 4646 6047 182.522389 0.133595 0.008081 7421 
1224473426 34754 134299 7.728549 207 4662 6054 182.727053 0.133728 0.008146 7435 
1224573426 34906 134893 7.728929 207 4683 6076 183.005959 0.133724 0.008160 7452 
1224673426 35031 135360 7.728012 208 4708 6113 183.221775 0.133725 0.008105 7469 
1224773426 35171 135926 7.729436 208 4723 6144 183.564755 0.133795 0.008121 7495 
1224873426 35306 136479 7.731207 209 4747 6151 183.936441 0.133641 0.008119 7522 
1224973426 35389 136837 7.733307 209 4763 6156 184.214586 0.133856 0.008156 7541 
1225073426 35476 137159 7.732495 209 4775 6179 184.336509 0.133985 0.008149 7555 
1225173426 35618 137713 7.732776 209 4776 6227 184.589084 0.134159 0.008249 7579 
1225273426 35741 138142 7.730170 209 4797 6253 184.713354 0.133833 0.008277 7589 
1225373426 35845 138580 7.732180 209 4805 6261 184.941331 0.134126 0.008355 7606 
1225473426 35996 139109 7.729137 210 4839 6292 185.103678 0.134366 0.008413 7633 
1225573426 36076 139458 7.731345 210 4852 6303 185.339505 0.134083 0.008442 7641 
1225673426 36153 139785 7.732968 211 4870 6301 185.556330 0.133709 0.008386 7643 
1225773426 36307 140380 7.732944 212 4878 6350 185.853417 0.133583 0.008332 7659 
1225873426 36427 140826 7.731957 212 4897 6385 185.998682 0.133753 0.008292 7676 
1225973426 36549 141290 7.731538 213 4908 6423 186.207393 0.133681 0.008237 7693 
1226073426 36701 141850 7.730035 214 4931 6446 186.442113 0.133476 0.008192 7706 
1226173426 36814 142327 7.732221 214 4950 6463 186.731515 0.133514 0.008268 7724 
1226273426 36907 142783 7.737448 214 4949 6484 187.173328 0.133084 0.008228 7738 
1226373426 37058 143514 7.745372 214 4946 6510 187.735442 0.133047 0.008147 7756 
1226473426 37242 144206 7.744267 216 4962 6571 188.050427 0.133133 0.008109 7779 
1226573426 37404 144774 7.741097 217 4994 6597 188.245910 0.133075 0.008027 7796 
1226673426 37596 145431 7.736515 217 5029 6642 188.404724 0.133235 0.008017 7818 
1226773426 37719 146002 7.741563 217 5034 6657 188.762586 0.133107 0.007970 7837 
1226873426 37825 146482 7.745248 217 5051 6661 189.137396 0.132825 0.008029 7855 
1226973426 37987 147161 7.747966 218 5056 6685 189.525838 0.132580 0.008124 7870 
1227073426 38170 147827 7.745717 218 5088 6705 189.723238 0.132431 0.008103 7887 
1227173426 38309 148401 7.747579 219 5100 6741 190.006526 0.132431 0.008097 7911 
1227273426 38465 148986 7.746575 220 5121 6774 190.165969 0.132664 0.008012 7922 
1227373426 38603 149468 7.743854 221 5159 6797 190.283709 0.132810 0.008055 7941 
1227473426 38708 149923 7.746357 221 5162 6825 190.542317 0.132862 0.008007 7951 
1227573426 38868 150538 7.746115 222 5201 6857 190.833436 0.132806 0.007928 7966 
1227673426 39046 151229 7.746197 223 5229 6885 191.159709 0.132520 0.007989 7990 
1227773426 39167 151741 7.748411 223 5236 6920 191.513417 0.132377 0.007963 8012 
1227873426 39273 152139 7.747766 223 5255 6941 191.617753 0.132458 0.008001 8025 
1227973426 39382 152553 7.747347 223 5274 6954 191.742522 0.132569 0.007973 8033 
1228073426 39521 153047 7.745098 223 5290 6987 191.817464 0.132738 0.008015 8050 
1228173426 39662 153673 7.749130 223 5300 7009 192.223791 0.132647 0.008016 8066 
1228273426 39851 154410 7.749366 224 5314 7061 192.526160 0.132258 0.007918 8084 
1228373426 40002 155157 7.757462 224 5326 7064 193.135793 0.131985 0.007934 8100 
1228473426 40175 155812 7.756665 225 5375 7072 193.384991 0.132072 0.007851 8116 
1228573426 40291 156362 7.761634 225 5383 7097 193.843886 0.132067 0.007784 8144 
1228673426 40406 156891 7.765728 225 5384 7126 194.253873 0.131806 0.007772 8162 
1228773426 40562 157583 7.769982 226 5407 7148 194.782358 0.131668 0.007706 8188 
1228873426 40753 158325 7.769980 226 5439 7191 195.088656 0.131546 0.007708 8202 
1228973426 40918 159032 7.773205 227 5456 7231 195.563322 0.131488 0.007681 8234 
1229073426 41075 159700 7.776019 228 5466 7264 195.882069 0.131594 0.007713 8262 
1229173426 41194 160172 7.776472 228 5485 7284 196.096325 0.131616 0.007694 8272 
1229273426 41329 160642 7.773815 229 5493 7331 196.213022 0.131630 0.007604 8291 
1229373426 41482 161292 7.776481 230 5507 7346 196.557688 0.131499 0.007566 8310 
1229473426 41686 162102 7.777287 231 5536 7365 196.981193 0.130994 0.007552 8353 
1229573426 41874 162887 7.779863 231 5551 7406 197.423509 0.130846 0.007558 8383 
1229673426 42060 163577 7.778269 231 5573 7443 197.672515 0.130864 0.007533 8412 
1229773426 42191 164154 7.781470 232 5574 7452 198.009101 0.130525 0.007486 8417 
1229873426 42297 164669 7.786321 234 5575 7454 198.367166 0.130409 0.007531 8433 
1229973426 42457 165441 7.793344 235 5551 7493 198.822809 0.130359 0.007444 8456 
1230073426 42626 166225 7.799231 235 5550 7528 199.331206 0.130327 0.007405 8475 
1230173426 42765 166837 7.802502 235 5564 7521 199.614030 0.130380 0.007334 8491 
1230273426 42887 167345 7.803997 235 5596 7521 199.874647 0.130273 0.007310 8516 
1230373426 43006 167810 7.804027 235 5614 7547 200.061991 0.130138 0.007321 8531 
1230473426 43126 168323 7.806103 235 5626 7561 200.377035 0.129878 0.007293 8544 
1230573426 43313 169052 7.806063 235 5658 7599 200.732990 0.129770 0.007229 8566 
1230673426 43538 169862 7.802931 237 5701 7640 201.002986 0.129524 0.007302 8594 
1230773426 43759 170683 7.801047 237 5721 7697 201.249891 0.129346 0.007344 8620 
1230873426 43928 171303 7.799262 237 5745 7732 201.405573 0.129471 0.007289 8636 
1230973426 44100 171970 7.799093 238 5767 7767 201.633560 0.129406 0.007298 8655 
1231073426 44197 172531 7.807362 238 5759 7783 202.172003 0.129134 0.007264 8676 
1231173426 44341 173202 7.812273 240 5770 7813 202.593582 0.128910 0.007318 8700 
1231273426 44489 174122 7.827643 244 5737 7845 203.471914 0.128553 0.007276 8735 
1231373426 44625 175014 7.843765 246 5728 7853 204.501961 0.128178 0.007278 8775 
1231473426 44748 175872 7.860552 246 5720 7847 205.489541 0.127894 0.007272 8809 
1231573426 44847 176602 7.875755 246 5706 7816 206.329119 0.127650 0.007251 8830 
1231673426 44930 177143 7.885288 246 5675 7832 206.808012 0.127566 0.007288 8843 
1231773426 45024 177769 7.896633 246 5663 7841 207.474325 0.127229 0.007287 8864 
1231873426 45149 178600 7.911582 248 5652 7842 208.354382 0.127063 0.007278 8896 
1231973426 45266 179424 7.927539 248 5639 7841 209.294835 0.126692 0.007307 8940 
1232073426 45375 180181 7.941862 249 5618 7835 210.139813 0.126260 0.007225 8960 
1232173426 45486 180930 7.955415 249 5585 7837 210.855076 0.126233 0.007192 8998 
1232273426 45569 181512 7.966468 249 5571 7840 211.563475 0.125848 0.007211 9025 
1232373426 45625 182035 7.979616 249 5544 7840 212.292647 0.125670 0.007176 9051 
1232473426 45717 182766 7.995538 250 5519 7823 213.132751 0.125251 0.007126 9074 
1232573426 45806 183368 8.006287 253 5500 7832 213.795966 0.125040 0.007102 9107 
1232673426 45813 183412 8.006985 253 5501 7833 213.852880 0.125071 0.007101 9110 
