Timestamp NoNodes NoLinks AverageDegree MaxDeg Singletons Doubletons MeanSquaredDeg Assortativity AverageClustering TriCount 
1165073426 0 0 0.000000 0 0 0 0.000000 0.000000 0.000000 0 
1165173426 8001 18422 4.604924 46 2054 1325 42.193976 0.207425 0.092298 4178 
1165273426 8038 18564 4.619059 49 2064 1330 42.531973 0.206028 0.093191 4237 
1165373426 8076 18711 4.633730 49 2067 1339 42.835315 0.207686 0.093474 4301 
1165473426 8111 18879 4.655160 49 2060 1349 43.213167 0.207983 0.093919 4355 
1165573426 8137 18988 4.667076 50 2068 1348 43.494900 0.206654 0.095366 4395 
1165673426 8160 19095 4.680147 50 2073 1342 43.737010 0.205299 0.096228 4435 
1165773426 8181 19173 4.687202 50 2072 1350 43.907346 0.205521 0.096617 4461 
1165873426 8215 19299 4.698478 50 2078 1355 44.178941 0.205786 0.098404 4522 
1165973426 8257 19435 4.707521 51 2090 1355 44.404505 0.205329 0.099918 4574 
1166073426 8298 19602 4.724512 51 2098 1356 44.718727 0.204799 0.101201 4633 
1166173426 8328 19726 4.737272 52 2097 1362 44.976465 0.204142 0.101756 4676 
1166273426 8346 19822 4.750060 52 2089 1372 45.240834 0.202574 0.101857 4701 
1166373426 8359 19918 4.765642 53 2083 1381 45.562627 0.201936 0.102326 4735 
1166473426 8389 20042 4.778162 53 2093 1382 45.897485 0.201203 0.102988 4791 
1166573426 8415 20171 4.794058 53 2083 1397 46.214141 0.199614 0.103224 4832 
1166673426 8447 20313 4.809518 54 2077 1414 46.558778 0.197991 0.104326 4891 
1166773426 8476 20461 4.827985 54 2079 1415 46.959887 0.195149 0.104706 4943 
1166873426 8504 20566 4.836783 54 2087 1412 47.161806 0.195193 0.104640 4978 
1166973426 8516 20633 4.845702 54 2084 1414 47.297088 0.195314 0.105378 5006 
1167073426 8538 20763 4.863668 54 2079 1413 47.677208 0.194083 0.105378 5053 
1167173426 8558 20871 4.877541 54 2077 1418 47.958401 0.194452 0.105447 5093 
1167273426 8582 20982 4.889769 54 2083 1419 48.253321 0.192473 0.105284 5137 
1167373426 8612 21105 4.901301 54 2090 1423 48.536693 0.191632 0.104946 5179 
1167473426 8635 21213 4.913260 54 2090 1427 48.786103 0.191662 0.105376 5220 
1167573426 8648 21284 4.922294 54 2086 1427 48.936633 0.191815 0.106399 5247 
1167673426 8671 21385 4.932534 54 2089 1424 49.192481 0.191717 0.106670 5292 
1167773426 8697 21503 4.944924 55 2084 1425 49.487869 0.191590 0.107207 5342 
1167873426 8735 21623 4.950887 55 2095 1428 49.649227 0.190863 0.107218 5372 
1167973426 8765 21750 4.962921 55 2098 1436 49.937479 0.190655 0.107755 5416 
1168073426 8787 21837 4.970297 55 2100 1447 50.116763 0.190632 0.107997 5454 
1168173426 8813 21931 4.976966 55 2116 1444 50.351072 0.190009 0.108119 5495 
1168273426 8844 22043 4.984848 56 2121 1454 50.597015 0.189284 0.108463 5539 
1168373426 8874 22175 4.997746 56 2130 1458 50.916610 0.189551 0.108790 5591 
1168473426 8905 22305 5.009545 56 2135 1461 51.187423 0.189576 0.108352 5635 
1168573426 8934 22435 5.022386 57 2146 1451 51.496978 0.188712 0.109069 5698 
1168673426 8958 22532 5.030587 59 2154 1445 51.735879 0.188095 0.109142 5734 
1168773426 8980 22623 5.038530 59 2160 1446 51.971269 0.188400 0.109423 5772 
1168873426 9004 22704 5.043092 59 2173 1446 52.094625 0.188953 0.109290 5802 
1168973426 9035 22847 5.057443 59 2176 1453 52.439402 0.187239 0.109542 5850 
1169073426 9073 22983 5.066240 59 2183 1449 52.687534 0.186040 0.109681 5890 
1169173426 9104 23131 5.081503 60 2189 1442 53.029438 0.185495 0.109583 5944 
1169273426 9133 23254 5.092303 61 2200 1440 53.326180 0.185849 0.109454 5977 
1169373426 9152 23362 5.105332 62 2192 1442 53.641171 0.185710 0.109891 6021 
1169473426 9178 23459 5.112007 62 2197 1451 53.825670 0.185886 0.110177 6060 
1169573426 9209 23582 5.121512 62 2212 1444 54.077533 0.186917 0.109430 6103 
1169673426 9239 23733 5.137569 62 2216 1438 54.462171 0.186848 0.109989 6186 
1169773426 9280 23891 5.148922 62 2225 1442 54.790733 0.187154 0.110468 6253 
1169873426 9310 24009 5.157680 62 2248 1429 55.048765 0.188050 0.110003 6299 
1169973426 9330 24116 5.169561 63 2247 1434 55.321972 0.189052 0.110891 6342 
1170073426 9351 24229 5.182120 64 2248 1443 55.692867 0.188684 0.110767 6388 
1170173426 9380 24375 5.197228 64 2257 1428 56.049680 0.189721 0.110692 6471 
1170273426 9420 24550 5.212314 64 2266 1430 56.435032 0.189193 0.110482 6521 
1170373426 9448 24733 5.235605 64 2261 1429 56.950466 0.188784 0.110212 6600 
1170473426 9479 24909 5.255618 64 2265 1431 57.425678 0.188744 0.110241 6672 
1170573426 9508 25041 5.267354 64 2264 1433 57.729701 0.188640 0.110790 6720 
1170673426 9532 25164 5.279899 64 2265 1436 58.031683 0.188343 0.111683 6780 
1170773426 9559 25282 5.289675 64 2275 1431 58.322209 0.188894 0.111688 6832 
1170873426 9601 25431 5.297573 64 2289 1439 58.600771 0.189121 0.111692 6880 
1170973426 9630 25603 5.317342 64 2286 1448 59.047144 0.188313 0.112053 6943 
1171073426 9666 25752 5.328367 64 2296 1455 59.377819 0.187973 0.111618 7003 
1171173426 9697 25886 5.338971 64 2307 1460 59.713107 0.187508 0.111498 7063 
1171273426 9724 26026 5.352941 64 2305 1466 60.036405 0.187156 0.111719 7117 
1171373426 9748 26181 5.371563 64 2306 1461 60.537136 0.187184 0.112054 7186 
1171473426 9793 26339 5.379148 64 2325 1469 60.859594 0.186804 0.111848 7245 
1171573426 9834 26536 5.396787 64 2331 1474 61.319300 0.186979 0.112060 7326 
1171673426 9865 26659 5.404764 64 2342 1479 61.560061 0.186727 0.112460 7385 
1171773426 9879 26732 5.411884 64 2342 1483 61.746128 0.186275 0.112958 7423 
1171873426 9892 26800 5.418520 64 2346 1479 61.923170 0.186143 0.112672 7446 
1171973426 9907 26878 5.426062 64 2351 1470 62.119713 0.186481 0.112557 7470 
1172073426 9924 26973 5.435913 64 2346 1477 62.357517 0.187263 0.112595 7503 
1172173426 9956 27135 5.450984 64 2353 1482 62.762756 0.186985 0.112704 7577 
1172273426 9982 27314 5.472651 64 2344 1487 63.262673 0.186679 0.112865 7638 
1172373426 10006 27430 5.482710 64 2349 1488 63.548871 0.186434 0.112726 7681 
1172473426 10038 27571 5.493325 64 2342 1504 63.816497 0.186846 0.113474 7736 
1172573426 10072 27771 5.514496 64 2337 1514 64.357427 0.186283 0.113684 7810 
1172673426 10105 27937 5.529342 64 2344 1517 64.797229 0.186587 0.113963 7879 
1172773426 10132 28128 5.552310 65 2336 1518 65.377023 0.186253 0.114029 7938 
1172873426 10164 28290 5.566706 65 2330 1526 65.733176 0.186287 0.113962 7989 
1172973426 10186 28381 5.572551 65 2336 1528 65.908306 0.186522 0.113850 8034 
1173073426 10221 28541 5.584776 65 2347 1525 66.307602 0.186080 0.113645 8103 
1173173426 10252 28736 5.605931 66 2333 1538 66.840616 0.184131 0.114368 8169 
1173273426 10283 28917 5.624234 66 2339 1533 67.346494 0.183870 0.114554 8240 
1173373426 10310 29095 5.644035 66 2336 1539 67.922599 0.183671 0.114961 8318 
1173473426 10344 29265 5.658353 66 2344 1540 68.343774 0.184036 0.114940 8386 
1173573426 10365 29382 5.669465 66 2346 1547 68.618041 0.183939 0.114757 8438 
1173673426 10383 29486 5.679669 66 2346 1546 68.913994 0.184085 0.114565 8474 
1173773426 10415 29650 5.693711 67 2350 1547 69.283917 0.184362 0.114253 8530 
1173873426 10451 29809 5.704526 67 2360 1551 69.634676 0.184559 0.114452 8590 
1173973426 10473 29988 5.726726 67 2349 1553 70.164423 0.185003 0.115248 8667 
1174073426 10507 30141 5.737318 67 2363 1557 70.511849 0.184760 0.115032 8726 
1174173426 10529 30275 5.750784 67 2360 1562 70.842055 0.185402 0.115270 8782 
1174273426 10548 30401 5.764316 67 2349 1573 71.170838 0.185561 0.115894 8838 
1174373426 10585 30585 5.778932 67 2341 1597 71.575815 0.185249 0.116865 8921 
1174473426 10616 30730 5.789375 70 2339 1613 72.017332 0.184472 0.117671 8987 
1174573426 10641 30891 5.806033 71 2342 1616 72.477211 0.183719 0.117476 9063 
1174673426 10673 31063 5.820856 72 2351 1614 72.924951 0.184000 0.117373 9135 
1174773426 10693 31168 5.829608 73 2346 1629 73.214065 0.183846 0.117365 9177 
1174873426 10717 31275 5.836521 73 2355 1631 73.443314 0.184261 0.117195 9216 
1174973426 10761 31452 5.845553 73 2372 1639 73.782920 0.184722 0.117071 9286 
1175073426 10788 31598 5.857990 73 2373 1647 74.144976 0.183795 0.117277 9337 
1175173426 10817 31740 5.868540 73 2385 1639 74.473144 0.184170 0.117294 9391 
1175273426 10847 31876 5.877385 73 2388 1646 74.784733 0.184210 0.117230 9442 
1175373426 10870 32001 5.887948 73 2393 1651 75.118675 0.184232 0.117090 9494 
1175473426 10881 32083 5.897068 74 2392 1652 75.367338 0.183958 0.116980 9522 
1175573426 10910 32256 5.913107 74 2384 1664 75.835197 0.183645 0.117575 9601 
1175673426 10931 32393 5.926814 74 2381 1668 76.214436 0.183048 0.117953 9657 
1175773426 10949 32519 5.940086 74 2376 1687 76.622888 0.182715 0.118364 9721 
1175873426 10982 32628 5.942087 74 2394 1689 76.793116 0.182479 0.117762 9754 
1175973426 11005 32749 5.951658 75 2398 1687 77.070786 0.182416 0.117850 9803 
1176073426 11031 32860 5.957755 76 2407 1691 77.306681 0.182059 0.117490 9836 
1176173426 11060 33037 5.974141 76 2412 1695 77.774503 0.181871 0.117088 9916 
1176273426 11108 33286 5.993158 77 2415 1702 78.474253 0.180717 0.117138 10012 
1176373426 11128 33409 6.004493 77 2421 1695 78.800144 0.180146 0.117151 10061 
1176473426 11152 33535 6.014168 77 2428 1692 79.171270 0.179159 0.116947 10108 
1176573426 11170 33647 6.024530 77 2429 1697 79.536437 0.179176 0.116758 10159 
1176673426 11190 33758 6.033601 77 2423 1707 79.799106 0.178717 0.116863 10196 
1176773426 11219 33956 6.053302 77 2427 1694 80.348159 0.177948 0.116532 10270 
1176873426 11255 34181 6.073923 77 2442 1680 81.044691 0.177592 0.116071 10367 
1176973426 11282 34332 6.086155 77 2453 1675 81.415175 0.177604 0.116481 10439 
1177073426 11321 34506 6.095928 78 2472 1664 81.781998 0.177769 0.116057 10513 
1177173426 11346 34619 6.102415 78 2483 1658 82.036489 0.177570 0.115737 10554 
1177273426 11364 34721 6.110700 78 2487 1659 82.277895 0.177354 0.115899 10588 
1177373426 11393 34887 6.124287 78 2482 1665 82.718336 0.177526 0.116840 10672 
1177473426 11419 35081 6.144321 78 2478 1677 83.332866 0.176837 0.117215 10776 
1177573426 11454 35261 6.156976 78 2476 1693 83.744194 0.177298 0.117180 10847 
1177673426 11491 35419 6.164651 78 2481 1699 84.027848 0.177340 0.117123 10907 
1177773426 11516 35534 6.171240 79 2489 1696 84.231504 0.176847 0.116979 10934 
1177873426 11536 35645 6.179785 79 2488 1697 84.486997 0.176857 0.117103 10974 
1177973426 11576 35835 6.191258 79 2500 1701 84.868176 0.176317 0.117059 11059 
1178073426 11609 36023 6.206047 80 2513 1696 85.343957 0.176553 0.116618 11141 
1178173426 11641 36207 6.220600 80 2517 1703 85.872863 0.176265 0.116637 11218 
1178273426 11661 36331 6.231198 81 2520 1699 86.237544 0.175943 0.116307 11270 
1178373426 11685 36484 6.244587 81 2522 1707 86.640137 0.175864 0.115922 11332 
1178473426 11711 36599 6.250363 81 2532 1711 86.891299 0.175437 0.115806 11376 
1178573426 11733 36780 6.269496 81 2519 1717 87.399301 0.175361 0.117307 11457 
1178673426 11765 36974 6.285423 81 2516 1733 87.979771 0.174575 0.116936 11532 
1178773426 11804 37157 6.295662 81 2531 1734 88.376144 0.174531 0.116859 11611 
1178873426 11834 37320 6.307250 82 2535 1742 88.789082 0.173598 0.116659 11678 
1178973426 11849 37398 6.312431 82 2541 1741 88.977973 0.173708 0.116493 11712 
1179073426 11876 37522 6.318963 82 2542 1753 89.224992 0.173989 0.116601 11766 
1179173426 11910 37704 6.331486 82 2544 1762 89.703778 0.173889 0.116993 11849 
1179273426 11941 37893 6.346705 83 2552 1762 90.242358 0.173203 0.116945 11927 
1179373426 11980 38066 6.354925 85 2563 1768 90.644908 0.172115 0.116941 11996 
1179473426 12010 38240 6.368027 85 2567 1759 91.114238 0.171408 0.116615 12063 
1179573426 12027 38366 6.379978 85 2562 1765 91.425958 0.171681 0.116854 12123 
1179673426 12044 38462 6.386915 85 2572 1760 91.624211 0.171773 0.116986 12169 
1179773426 12066 38619 6.401293 85 2568 1754 92.028178 0.171355 0.117545 12234 
1179873426 12091 38770 6.413034 85 2570 1761 92.399802 0.171552 0.117567 12296 
1179973426 12135 39001 6.427853 85 2582 1757 92.988381 0.170548 0.117584 12385 
1180073426 12170 39212 6.444043 85 2586 1752 93.430074 0.170597 0.117472 12466 
1180173426 12189 39325 6.452539 85 2582 1756 93.672984 0.170574 0.117690 12507 
1180273426 12206 39428 6.460429 85 2587 1759 93.945273 0.170578 0.117693 12545 
1180373426 12241 39578 6.466465 85 2605 1748 94.219263 0.170819 0.116904 12603 
1180473426 12265 39759 6.483327 85 2601 1755 94.714717 0.170939 0.117247 12674 
1180573426 12300 39995 6.503252 85 2597 1760 95.284715 0.170770 0.117298 12768 
1180673426 12330 40181 6.517599 85 2603 1757 95.766099 0.170572 0.117295 12861 
1180773426 12352 40321 6.528659 86 2599 1760 96.138601 0.170065 0.117644 12923 
1180873426 12370 40415 6.534357 86 2605 1762 96.363460 0.169973 0.117782 12969 
1180973426 12392 40528 6.540994 86 2607 1763 96.578438 0.170173 0.117494 13013 
1181073426 12441 40702 6.543204 86 2632 1762 96.758460 0.170349 0.117445 13087 
1181173426 12477 40864 6.550293 86 2650 1761 97.068686 0.170579 0.116989 13151 
1181273426 12519 41038 6.556115 86 2669 1759 97.328221 0.170546 0.116543 13206 
1181373426 12547 41162 6.561250 86 2675 1758 97.520682 0.170426 0.116795 13255 
1181473426 12573 41272 6.565179 86 2685 1756 97.711604 0.170879 0.116706 13302 
1181573426 12596 41410 6.575103 86 2688 1762 98.070181 0.171326 0.116976 13364 
1181673426 12635 41617 6.587574 86 2689 1776 98.618599 0.171081 0.116869 13427 
1181773426 12685 41824 6.594245 86 2704 1781 98.959716 0.170922 0.116716 13504 
1181873426 12720 42032 6.608805 86 2699 1789 99.421855 0.171436 0.116819 13576 
1181973426 12746 42191 6.620273 86 2700 1797 99.839636 0.171053 0.116977 13631 
1182073426 12774 42333 6.627994 86 2706 1801 100.116330 0.170972 0.116590 13686 
1182173426 12799 42472 6.636768 86 2711 1807 100.447066 0.170954 0.116592 13731 
1182273426 12829 42655 6.649778 86 2718 1800 100.894536 0.170342 0.116484 13804 
1182373426 12859 42827 6.661016 87 2721 1810 101.359204 0.170141 0.116653 13881 
1182473426 12900 43038 6.672558 87 2731 1813 101.812093 0.170608 0.116225 13962 
1182573426 12934 43220 6.683161 87 2742 1813 102.287305 0.170023 0.116286 14036 
1182673426 12958 43355 6.691619 88 2753 1808 102.615527 0.170084 0.116323 14101 
1182773426 12996 43496 6.693752 89 2773 1809 102.807787 0.169465 0.115944 14143 
1182873426 13040 43697 6.701994 89 2776 1817 103.120399 0.169967 0.115936 14220 
1182973426 13075 43858 6.708681 89 2792 1806 103.475335 0.169601 0.115534 14286 
1183073426 13122 44047 6.713458 89 2810 1802 103.808109 0.169376 0.115588 14368 
1183173426 13153 44210 6.722421 89 2817 1816 104.142325 0.169440 0.115421 14428 
1183273426 13173 44329 6.730282 89 2817 1821 104.390951 0.169525 0.115398 14472 
1183373426 13199 44472 6.738692 89 2824 1816 104.706872 0.169050 0.115645 14527 
1183473426 13237 44679 6.750623 89 2830 1824 105.193775 0.168230 0.115568 14624 
1183573426 13285 44855 6.752729 89 2852 1827 105.450207 0.168468 0.115259 14690 
1183673426 13314 45017 6.762355 90 2854 1842 105.884332 0.168925 0.115442 14764 
1183773426 13343 45231 6.779735 91 2856 1853 106.458967 0.169162 0.115261 14851 
1183873426 13377 45391 6.786424 91 2857 1864 106.784182 0.168569 0.115598 14914 
1183973426 13409 45543 6.792900 91 2872 1860 107.083153 0.168871 0.115345 14976 
1184073426 13452 45718 6.797205 91 2885 1862 107.343592 0.168624 0.115416 15042 
1184173426 13486 45911 6.808690 91 2888 1863 107.807504 0.168655 0.115679 15124 
1184273426 13521 46120 6.821981 91 2889 1874 108.283559 0.168626 0.115950 15203 
1184373426 13556 46314 6.832989 91 2886 1883 108.731927 0.168754 0.115746 15279 
1184473426 13569 46448 6.846194 91 2881 1886 109.162945 0.168232 0.115646 15332 
1184573426 13598 46651 6.861450 92 2883 1886 109.735844 0.167255 0.115615 15415 
1184673426 13636 46844 6.870637 93 2900 1886 110.185832 0.166566 0.115941 15504 
1184773426 13683 47033 6.874662 94 2924 1889 110.537455 0.165660 0.115242 15569 
1184873426 13726 47263 6.886638 94 2928 1898 111.022585 0.165464 0.114902 15651 
1184973426 13772 47466 6.893116 94 2949 1895 111.368429 0.165641 0.114843 15730 
1185073426 13811 47618 6.895663 94 2974 1892 111.635508 0.165665 0.114929 15789 
1185173426 13840 47764 6.902312 94 2973 1906 111.894942 0.166109 0.115599 15856 
1185273426 13867 47906 6.909353 94 2970 1920 112.141054 0.166190 0.115454 15902 
1185373426 13906 48076 6.914425 94 2985 1919 112.450597 0.166213 0.115493 15969 
1185473426 13942 48266 6.923827 95 2997 1922 112.867021 0.165639 0.115433 16043 
1185573426 13986 48454 6.928929 95 3008 1935 113.189332 0.165538 0.115409 16107 
1185673426 14010 48580 6.935046 97 3013 1935 113.464383 0.165310 0.115383 16172 
1185773426 14051 48764 6.941001 97 3019 1946 113.824069 0.165213 0.115194 16244 
1185873426 14090 48960 6.949610 97 3019 1952 114.197019 0.164874 0.114797 16318 
1185973426 14118 49132 6.960193 98 3023 1957 114.699108 0.164352 0.114640 16398 
1186073426 14159 49333 6.968430 98 3033 1962 115.090190 0.164770 0.114513 16496 
1186173426 14208 49547 6.974521 98 3049 1965 115.404983 0.164765 0.114566 16577 
1186273426 14234 49698 6.982998 98 3054 1970 115.741324 0.164783 0.114612 16644 
1186373426 14272 49879 6.989770 99 3064 1977 116.093610 0.164449 0.114456 16713 
1186473426 14315 50120 7.002445 99 3070 1995 116.678589 0.164952 0.114478 16818 
1186573426 14348 50334 7.016170 99 3067 2003 117.255785 0.165080 0.114818 16903 
1186673426 14387 50583 7.031765 99 3066 2004 117.878362 0.165304 0.115054 17002 
1186773426 14425 50777 7.040139 101 3081 2008 118.356326 0.164655 0.114971 17073 
1186873426 14455 50919 7.045175 101 3091 2017 118.626358 0.164555 0.115150 17119 
1186973426 14478 51059 7.053322 102 3100 2019 119.008288 0.164347 0.114947 17177 
1187073426 14511 51236 7.061677 102 3106 2028 119.436290 0.164367 0.115095 17260 
1187173426 14547 51436 7.071699 102 3119 2029 119.885062 0.164441 0.114956 17337 
1187273426 14584 51600 7.076248 102 3130 2045 120.140016 0.164028 0.114925 17399 
1187373426 14615 51802 7.088881 102 3131 2046 120.608005 0.163722 0.115081 17472 
1187473426 14643 51981 7.099775 102 3135 2044 121.031619 0.164404 0.114392 17549 
1187573426 14669 52136 7.108324 102 3142 2048 121.405549 0.164173 0.114188 17612 
1187673426 14702 52373 7.124609 103 3138 2051 122.067882 0.163981 0.114460 17712 
1187773426 14744 52537 7.126560 103 3153 2061 122.338985 0.164044 0.114419 17786 
1187873426 14778 52694 7.131412 103 3166 2063 122.636487 0.164258 0.114148 17834 
1187973426 14824 52879 7.134242 104 3187 2062 122.970453 0.164116 0.114355 17913 
1188073426 14851 53058 7.145377 104 3174 2082 123.410006 0.163816 0.114642 17979 
1188173426 14876 53233 7.156897 104 3174 2085 123.950121 0.163315 0.114483 18047 
1188273426 14916 53463 7.168544 104 3178 2089 124.449718 0.163702 0.114651 18143 
1188373426 14953 53667 7.178091 104 3187 2098 124.998997 0.164096 0.114507 18229 
1188473426 14981 53846 7.188572 104 3180 2112 125.409118 0.164403 0.114439 18285 
1188573426 15010 54020 7.197868 104 3184 2111 125.856362 0.164136 0.114683 18350 
1188673426 15039 54173 7.204335 104 3194 2115 126.169160 0.164196 0.114475 18409 
1188773426 15070 54326 7.209821 105 3204 2122 126.455474 0.164093 0.114363 18475 
1188873426 15096 54462 7.215421 105 3214 2125 126.713037 0.164385 0.114161 18529 
1188973426 15135 54687 7.226561 105 3223 2129 127.279286 0.164731 0.114529 18634 
1189073426 15174 54898 7.235798 105 3224 2141 127.673652 0.164991 0.114767 18721 
1189173426 15207 55073 7.243112 106 3227 2155 128.033932 0.164821 0.114618 18787 
1189273426 15246 55233 7.245573 106 3244 2152 128.242162 0.165030 0.114706 18856 
1189373426 15273 55399 7.254501 106 3238 2164 128.589275 0.165007 0.114653 18913 
1189473426 15333 55628 7.255984 107 3263 2169 128.933281 0.165463 0.114203 18997 
1189573426 15376 55846 7.264048 107 3275 2173 129.314126 0.165273 0.113934 19081 
1189673426 15418 56013 7.265923 107 3298 2173 129.595797 0.164760 0.113458 19148 
1189773426 15441 56152 7.273104 108 3291 2191 129.864257 0.164596 0.113437 19201 
1189873426 15480 56321 7.276615 108 3318 2185 130.118346 0.164553 0.113265 19263 
1189973426 15510 56483 7.283430 108 3329 2183 130.490780 0.164469 0.113005 19338 
1190073426 15563 56697 7.286127 108 3347 2194 130.777228 0.164867 0.112642 19409 
1190173426 15612 56943 7.294773 108 3364 2205 131.309121 0.164705 0.112350 19522 
1190273426 15667 57184 7.299930 109 3387 2207 131.693496 0.164385 0.112413 19612 
1190373426 15714 57405 7.306224 109 3398 2215 132.130584 0.164323 0.112417 19699 
1190473426 15750 57574 7.310984 109 3414 2215 132.430222 0.164573 0.112313 19752 
1190573426 15795 57726 7.309402 109 3441 2216 132.622096 0.164905 0.112191 19812 
1190673426 15846 57909 7.308974 109 3461 2236 132.779250 0.165404 0.112410 19893 
1190773426 15914 58135 7.306146 110 3497 2239 132.960412 0.165668 0.112354 19979 
1190873426 15965 58393 7.315127 110 3506 2255 133.488256 0.166162 0.112086 20087 
1190973426 16013 58601 7.319178 110 3520 2262 133.800662 0.166014 0.112111 20164 
1191073426 16050 58731 7.318505 111 3535 2268 133.930717 0.165829 0.112076 20213 
1191173426 16092 58872 7.316928 111 3561 2267 134.089485 0.165356 0.111731 20262 
1191273426 16160 59099 7.314233 111 3586 2284 134.275371 0.165475 0.111846 20348 
1191373426 16211 59360 7.323422 111 3603 2284 134.743569 0.165363 0.111749 20456 
1191473426 16270 59588 7.324892 111 3633 2288 134.970621 0.165646 0.111363 20536 
1191573426 16322 59794 7.326798 111 3653 2288 135.225708 0.165412 0.111438 20619 
1191673426 16367 59948 7.325472 111 3674 2296 135.412965 0.165383 0.111593 20682 
1191773426 16400 60066 7.325122 111 3690 2294 135.530732 0.165447 0.111593 20722 
1191873426 16443 60279 7.331874 112 3705 2291 135.899897 0.165295 0.111136 20798 
1191973426 16499 60514 7.335475 112 3719 2300 136.251288 0.165327 0.111158 20899 
1192073426 16556 60719 7.334984 112 3741 2306 136.406499 0.165818 0.110858 20966 
1192173426 16607 60919 7.336545 113 3763 2311 136.688023 0.166020 0.110450 21043 
1192273426 16641 61047 7.336939 113 3780 2311 136.838051 0.165970 0.110347 21081 
1192373426 16670 61168 7.338692 113 3793 2313 137.038392 0.165886 0.110050 21130 
1192473426 16707 61348 7.343988 113 3795 2328 137.329503 0.165945 0.109858 21191 
1192573426 16758 61601 7.351832 113 3804 2340 137.810121 0.166107 0.109980 21288 
1192673426 16810 61836 7.357049 113 3819 2351 138.144914 0.165943 0.109919 21375 
1192773426 16874 62062 7.355932 113 3852 2346 138.387104 0.165742 0.109834 21465 
1192873426 16902 62194 7.359366 113 3857 2354 138.532955 0.165965 0.109645 21513 
1192973426 16920 62277 7.361348 113 3864 2355 138.660757 0.165811 0.109521 21545 
1193073426 16949 62425 7.366216 113 3878 2354 138.978229 0.165764 0.109363 21607 
1193173426 16990 62665 7.376692 113 3880 2365 139.510418 0.165489 0.109715 21707 
1193273426 17044 62892 7.379958 113 3894 2373 139.837597 0.165320 0.109625 21790 
1193373426 17101 63101 7.379802 113 3918 2380 139.995322 0.165794 0.109650 21862 
1193473426 17124 63240 7.386125 114 3924 2381 140.310558 0.165846 0.109229 21923 
1193573426 17146 63325 7.386562 114 3933 2383 140.411525 0.165950 0.109332 21955 
1193673426 17174 63434 7.387213 114 3946 2388 140.516478 0.165825 0.109149 21995 
1193773426 17221 63647 7.391789 114 3958 2402 140.876256 0.165279 0.108961 22068 
1193873426 17264 63829 7.394462 114 3965 2428 141.168559 0.165502 0.109221 22147 
1193973426 17302 64026 7.400994 115 3968 2441 141.501098 0.165412 0.109123 22238 
1194073426 17340 64183 7.402884 115 3983 2453 141.707382 0.165376 0.108756 22286 
1194173426 17360 64308 7.408756 115 3981 2463 141.986751 0.165443 0.108861 22337 
1194273426 17394 64444 7.409911 115 3991 2464 142.117857 0.165503 0.108963 22382 
1194373426 17446 64652 7.411670 115 4014 2473 142.471283 0.165501 0.108710 22474 
1194473426 17482 64854 7.419517 115 4016 2479 142.867406 0.165247 0.109040 22555 
1194573426 17528 65086 7.426518 115 4027 2488 143.246919 0.165153 0.108783 22638 
1194673426 17576 65273 7.427515 115 4047 2486 143.441853 0.165255 0.108539 22709 
1194773426 17604 65401 7.430243 116 4054 2489 143.638718 0.165276 0.108750 22762 
1194873426 17636 65535 7.431957 117 4069 2487 143.839533 0.165557 0.108301 22819 
1194973426 17687 65767 7.436761 117 4079 2499 144.183185 0.165675 0.108256 22909 
1195073426 17734 65976 7.440623 117 4100 2508 144.544716 0.165244 0.108134 22985 
1195173426 17779 66179 7.444626 117 4122 2509 144.943923 0.164564 0.107980 23064 
1195273426 17826 66348 7.443958 117 4145 2517 145.129923 0.164530 0.108274 23141 
1195373426 17848 66480 7.449574 118 4147 2524 145.429068 0.164446 0.108421 23200 
1195473426 17879 66617 7.451983 118 4155 2530 145.591140 0.164481 0.108310 23251 
1195573426 17919 66825 7.458564 118 4158 2542 145.981584 0.164536 0.108342 23320 
1195673426 17955 66996 7.462657 120 4163 2552 146.296296 0.164231 0.108216 23391 
1195773426 17980 67120 7.466073 120 4173 2552 146.515684 0.164356 0.108212 23441 
1195873426 18006 67225 7.466955 121 4182 2558 146.676441 0.163967 0.108263 23473 
1195973426 18030 67358 7.471769 121 4189 2568 146.961065 0.163989 0.108332 23529 
1196073426 18050 67512 7.480554 122 4181 2574 147.305042 0.163999 0.108473 23605 
1196173426 18096 67706 7.482980 122 4189 2582 147.557913 0.164089 0.108347 23670 
1196273426 18139 67902 7.486852 122 4203 2589 147.834059 0.164093 0.108176 23750 
1196373426 18181 68092 7.490457 122 4212 2591 148.099774 0.164413 0.108042 23827 
1196473426 18214 68274 7.496871 123 4216 2603 148.484133 0.164051 0.107895 23906 
1196573426 18239 68399 7.500302 123 4224 2611 148.704863 0.164155 0.107927 23958 
1196673426 18272 68529 7.500985 123 4243 2610 148.892732 0.164006 0.107875 24000 
1196773426 18295 68702 7.510467 123 4243 2604 149.394698 0.163867 0.107901 24071 
1196873426 18325 68891 7.518799 123 4245 2603 149.756180 0.164044 0.107627 24147 
1196973426 18363 69059 7.521538 124 4248 2621 149.958504 0.164265 0.107672 24218 
1197073426 18402 69267 7.528203 124 4252 2636 150.384415 0.163949 0.107578 24301 
1197173426 18427 69409 7.533402 124 4249 2650 150.665220 0.164028 0.108433 24361 
1197273426 18464 69542 7.532712 125 4267 2651 150.807517 0.163993 0.108309 24411 
1197373426 18499 69682 7.533596 126 4278 2660 151.027623 0.163577 0.108572 24467 
1197473426 18536 69863 7.538088 126 4291 2658 151.331139 0.163505 0.108558 24546 
1197573426 18574 70032 7.540864 126 4300 2665 151.549262 0.163862 0.108372 24603 
1197673426 18614 70192 7.541850 126 4306 2683 151.706995 0.164218 0.108263 24653 
1197773426 18640 70302 7.543133 126 4319 2680 151.834871 0.164285 0.108338 24695 
1197873426 18673 70447 7.545333 126 4325 2687 152.012424 0.164453 0.108086 24746 
1197973426 18697 70556 7.547307 126 4332 2683 152.146655 0.164310 0.107942 24785 
1198073426 18741 70705 7.545489 126 4357 2684 152.224108 0.164526 0.107630 24830 
1198173426 18790 70865 7.542842 126 4381 2692 152.297924 0.164816 0.107434 24888 
1198273426 18825 71022 7.545498 126 4390 2696 152.520903 0.164729 0.107242 24953 
1198373426 18852 71141 7.547316 126 4403 2695 152.678018 0.164869 0.107007 24996 
1198473426 18873 71235 7.548879 126 4408 2700 152.817994 0.164614 0.106968 25024 
1198573426 18892 71349 7.553356 126 4413 2700 153.093796 0.164704 0.106803 25064 
1198673426 18899 71412 7.557225 126 4410 2704 153.270755 0.164552 0.106799 25085 
1198773426 18923 71513 7.558315 126 4414 2712 153.406542 0.164513 0.106487 25115 
1198873426 18948 71666 7.564492 126 4419 2712 153.746147 0.164432 0.106339 25181 
1198973426 18971 71822 7.571767 126 4419 2715 154.063149 0.164388 0.106525 25241 
1199073426 19008 71956 7.571128 126 4439 2712 154.138468 0.164603 0.106539 25286 
1199173426 19033 72083 7.574528 126 4436 2725 154.345085 0.164539 0.106341 25336 
1199273426 19060 72219 7.578069 126 4442 2727 154.559601 0.164603 0.106302 25382 
1199373426 19093 72336 7.577227 126 4459 2728 154.657728 0.164539 0.106246 25422 
1199473426 19121 72471 7.580252 126 4466 2734 154.892317 0.164444 0.106293 25471 
1199573426 19150 72585 7.580679 126 4479 2740 154.980888 0.164589 0.106302 25515 
1199673426 19188 72694 7.577027 126 4497 2746 155.014176 0.164763 0.106090 25547 
1199773426 19215 72832 7.580744 126 4499 2754 155.234765 0.164888 0.106328 25603 
1199873426 19238 72950 7.583948 126 4499 2754 155.417299 0.164959 0.106531 25649 
1199973426 19263 73074 7.586980 126 4506 2761 155.605669 0.164715 0.106587 25695 
1200073426 19305 73210 7.584564 126 4532 2761 155.682051 0.164638 0.106194 25741 
1200173426 19337 73348 7.586285 126 4539 2771 155.867094 0.164868 0.106202 25789 
1200273426 19364 73456 7.586862 127 4550 2778 156.030882 0.164452 0.106167 25829 
1200373426 19401 73619 7.589196 127 4564 2784 156.286996 0.164331 0.106233 25891 
1200473426 19441 73776 7.589733 127 4582 2783 156.493699 0.164047 0.106013 25956 
1200573426 19478 73920 7.590102 127 4582 2804 156.631995 0.163651 0.106258 26006 
1200673426 19513 74075 7.592374 128 4593 2808 156.860862 0.163660 0.106278 26077 
1200773426 19539 74185 7.593531 128 4608 2805 157.013563 0.163367 0.106248 26119 
1200873426 19557 74300 7.598302 128 4611 2800 157.228512 0.163342 0.106305 26170 
1200973426 19593 74457 7.600367 128 4621 2806 157.417445 0.163383 0.106134 26236 
1201073426 19642 74630 7.599023 128 4634 2829 157.566236 0.163533 0.106164 26322 
1201173426 19682 74780 7.598821 128 4641 2844 157.714053 0.163352 0.106355 26390 
1201273426 19721 74942 7.600223 128 4645 2864 157.946250 0.163118 0.106439 26452 
1201373426 19777 75192 7.603984 129 4652 2879 158.252010 0.163210 0.106173 26544 
1201473426 19809 75346 7.607249 129 4656 2891 158.433540 0.163058 0.106101 26605 
1201573426 19863 75564 7.608518 129 4673 2902 158.603635 0.163076 0.106275 26678 
1201673426 19911 75797 7.613580 129 4680 2919 159.024760 0.162763 0.106312 26767 
1201773426 19955 75949 7.612027 129 4695 2926 159.094062 0.163078 0.106096 26820 
1201873426 19989 76087 7.612887 129 4705 2935 159.319226 0.162904 0.105864 26870 
1201973426 20017 76208 7.614328 129 4714 2932 159.431483 0.162983 0.106056 26921 
1202073426 20044 76301 7.613351 129 4726 2937 159.535123 0.162855 0.106179 26959 
1202173426 20074 76427 7.614526 129 4740 2928 159.648899 0.163183 0.106033 27010 
1202273426 20090 76507 7.616426 129 4741 2932 159.791737 0.163199 0.105942 27046 
1202373426 20130 76662 7.616692 129 4757 2937 160.031396 0.162525 0.105783 27098 
1202473426 20180 76825 7.613974 129 4778 2941 160.108523 0.162387 0.105393 27157 
1202573426 20216 77030 7.620696 129 4785 2945 160.550752 0.162142 0.105263 27238 
1202673426 20247 77156 7.621475 129 4787 2954 160.691460 0.162149 0.105273 27288 
1202773426 20287 77364 7.626953 129 4794 2956 161.050821 0.162105 0.105060 27370 
1202873426 20331 77588 7.632482 130 4808 2963 161.474202 0.162093 0.104819 27466 
1202973426 20377 77815 7.637533 130 4820 2968 161.814006 0.162286 0.104511 27557 
1203073426 20411 77984 7.641370 130 4820 2981 162.086424 0.162450 0.104747 27633 
1203173426 20448 78106 7.639476 130 4838 2987 162.142117 0.162403 0.104675 27675 
1203273426 20473 78236 7.642847 130 4846 2989 162.361061 0.162370 0.104519 27725 
1203373426 20509 78435 7.648837 130 4853 2993 162.741821 0.162377 0.104292 27819 
1203473426 20554 78648 7.652817 130 4868 3003 162.998638 0.162595 0.104044 27891 
1203573426 20598 78843 7.655403 130 4879 3014 163.193126 0.162925 0.103994 27957 
1203673426 20625 78987 7.659345 130 4890 3018 163.473648 0.162699 0.104028 28022 
1203773426 20660 79128 7.660019 130 4895 3031 163.626428 0.162398 0.103995 28081 
1203873426 20679 79233 7.663137 130 4892 3041 163.825910 0.162371 0.103991 28126 
1203973426 20729 79405 7.661248 130 4912 3046 163.932172 0.162540 0.104011 28186 
1204073426 20775 79615 7.664501 130 4935 3041 164.244813 0.163039 0.104025 28276 
1204173426 20833 79844 7.665147 130 4949 3054 164.420199 0.163206 0.104041 28370 
1204273426 20886 80036 7.664081 131 4981 3055 164.567557 0.163549 0.103619 28449 
1204373426 20915 80157 7.665025 131 4995 3054 164.744346 0.163604 0.103618 28486 
1204473426 20945 80324 7.669993 131 4990 3067 165.069754 0.163671 0.103977 28560 
1204573426 20975 80483 7.674184 131 4994 3077 165.389273 0.163897 0.104069 28635 
1204673426 21044 80760 7.675347 131 5015 3100 165.726763 0.163536 0.104233 28739 
1204773426 21098 80977 7.676273 131 5022 3121 165.941321 0.163662 0.104518 28820 
1204873426 21150 81185 7.677069 131 5034 3130 166.115839 0.163793 0.104602 28903 
1204973426 21189 81355 7.678984 131 5044 3141 166.353580 0.163625 0.104399 28970 
1205073426 21230 81490 7.676872 131 5064 3145 166.423928 0.163713 0.104292 29022 
1205173426 21276 81671 7.677289 131 5085 3150 166.645610 0.163608 0.104101 29103 
1205273426 21331 81881 7.677183 131 5106 3150 166.847499 0.163719 0.104051 29184 
1205373426 21381 82087 7.678500 131 5121 3159 167.022216 0.164179 0.103955 29286 
1205473426 21420 82269 7.681513 131 5127 3172 167.283754 0.164170 0.103958 29365 
1205573426 21454 82392 7.680805 131 5145 3174 167.425562 0.164174 0.103804 29412 
1205673426 21470 82470 7.682347 131 5146 3182 167.558826 0.163888 0.103860 29439 
1205773426 21510 82627 7.682659 132 5160 3183 167.756113 0.163882 0.103937 29502 
1205873426 21582 82862 7.678806 132 5197 3180 167.877120 0.164047 0.103626 29590 
1205973426 21613 83043 7.684542 133 5196 3193 168.189608 0.163561 0.103712 29662 
1206073426 21655 83230 7.686908 133 5215 3192 168.486262 0.163383 0.103661 29742 
1206173426 21685 83378 7.689924 133 5223 3200 168.764492 0.163274 0.103614 29810 
1206273426 21712 83505 7.692060 133 5223 3214 168.927874 0.163252 0.103639 29852 
1206373426 21737 83626 7.694346 133 5227 3221 169.115885 0.163271 0.103626 29895 
1206473426 21794 83837 7.693585 133 5250 3234 169.253740 0.163623 0.103321 29979 
1206573426 21833 84027 7.697247 133 5264 3226 169.509916 0.163733 0.103245 30068 
1206673426 21881 84293 7.704675 133 5275 3238 170.023491 0.163780 0.103438 30194 
1206773426 21925 84501 7.708187 133 5281 3252 170.333592 0.163614 0.103632 30284 
1206873426 21969 84660 7.707224 133 5296 3259 170.399836 0.163681 0.103491 30328 
1206973426 22008 84868 7.712468 133 5305 3255 170.767903 0.163517 0.103442 30413 
1207073426 22058 85097 7.715749 133 5327 3257 171.083870 0.163653 0.103079 30492 
1207173426 22132 85375 7.715073 135 5355 3265 171.349901 0.163791 0.102914 30588 
1207273426 22187 85649 7.720647 135 5372 3272 171.756344 0.163375 0.102903 30693 
1207373426 22242 85877 7.722057 135 5389 3282 172.018883 0.163624 0.103211 30793 
1207473426 22288 86024 7.719311 135 5414 3286 172.093324 0.163508 0.103025 30840 
1207573426 22328 86226 7.723576 135 5423 3289 172.403619 0.163308 0.102934 30923 
1207673426 22371 86450 7.728756 135 5431 3304 172.807474 0.163177 0.103047 31020 
1207773426 22425 86683 7.730925 135 5448 3318 173.089677 0.163116 0.103103 31115 
1207873426 22482 86930 7.733298 135 5466 3328 173.391335 0.163146 0.103003 31221 
1207973426 22533 87146 7.734966 135 5479 3341 173.666889 0.163036 0.102780 31294 
1208073426 22555 87260 7.737530 135 5482 3340 173.831700 0.162929 0.102613 31335 
1208173426 22590 87411 7.738911 135 5497 3344 174.043205 0.162956 0.102344 31389 
1208273426 22650 87639 7.738543 135 5519 3359 174.210684 0.163148 0.102381 31483 
1208373426 22693 87896 7.746530 135 5522 3351 174.753889 0.163120 0.102432 31607 
1208473426 22745 88167 7.752649 136 5528 3353 175.143460 0.162885 0.102642 31713 
1208573426 22802 88421 7.755548 136 5546 3355 175.404701 0.162920 0.102917 31813 
1208673426 22828 88538 7.756965 136 5550 3356 175.535570 0.162911 0.102773 31855 
1208773426 22858 88699 7.760871 136 5551 3366 175.824219 0.163089 0.102814 31931 
1208873426 22903 88917 7.764660 138 5554 3377 176.087674 0.163058 0.102931 32017 
1208973426 22956 89152 7.767207 138 5566 3395 176.389005 0.163152 0.102810 32100 
1209073426 23014 89406 7.769705 138 5577 3420 176.734683 0.163013 0.102846 32212 
1209173426 23061 89570 7.768093 138 5598 3422 176.799532 0.163048 0.102622 32262 
1209273426 23090 89711 7.770550 138 5605 3424 176.997315 0.163017 0.102515 32328 
1209373426 23134 89866 7.769171 138 5626 3429 177.095617 0.163046 0.102385 32381 
1209473426 23192 90081 7.768282 140 5646 3443 177.287858 0.162972 0.102317 32443 
1209573426 23255 90309 7.766846 141 5670 3455 177.514685 0.162881 0.102218 32534 
1209673426 23310 90565 7.770485 141 5681 3469 177.858687 0.162891 0.102155 32649 
1209773426 23358 90808 7.775323 141 5693 3476 178.202158 0.162941 0.101965 32745 
1209873426 23383 90990 7.782577 141 5691 3484 178.607878 0.162663 0.102107 32832 
1209973426 23427 91184 7.784522 141 5702 3495 178.908097 0.162241 0.102115 32921 
1210073426 23476 91411 7.787613 142 5712 3508 179.227126 0.162080 0.102516 33019 
1210173426 23532 91623 7.787098 142 5738 3516 179.454955 0.162051 0.102466 33108 
1210273426 23579 91853 7.791085 143 5756 3522 179.847576 0.161878 0.102356 33195 
1210373426 23627 92054 7.792272 143 5772 3525 180.036738 0.162041 0.102025 33263 
1210473426 23672 92229 7.792244 143 5786 3530 180.203447 0.162251 0.101939 33333 
1210573426 23716 92417 7.793641 143 5800 3540 180.467701 0.162251 0.101787 33418 
1210673426 23759 92600 7.794941 143 5821 3537 180.666611 0.162120 0.101694 33487 
1210773426 23812 92817 7.795817 143 5839 3553 180.856375 0.162623 0.101593 33585 
1210873426 23865 93067 7.799455 143 5855 3567 181.222124 0.162382 0.101658 33689 
1210973426 23911 93271 7.801514 143 5870 3565 181.489356 0.162192 0.101678 33769 
1211073426 23960 93431 7.798915 144 5889 3570 181.548331 0.162593 0.101539 33824 
1211173426 23999 93605 7.800742 144 5901 3568 181.769490 0.162631 0.101602 33889 
1211273426 24057 93825 7.800224 144 5916 3589 181.958931 0.162357 0.101935 33961 
1211373426 24104 94039 7.802771 145 5930 3598 182.219632 0.162168 0.101924 34041 
1211473426 24153 94259 7.805159 146 5940 3610 182.486068 0.162289 0.102000 34141 
1211573426 24210 94488 7.805700 146 5961 3613 182.694837 0.162270 0.102099 34232 
1211673426 24241 94663 7.810156 147 5967 3612 182.954746 0.162242 0.101924 34310 
1211773426 24274 94807 7.811403 147 5969 3630 183.131252 0.162208 0.102036 34369 
1211873426 24315 94980 7.812461 147 5976 3645 183.319021 0.161921 0.102291 34435 
1211973426 24366 95172 7.811869 147 5986 3656 183.422802 0.162079 0.102451 34506 
1212073426 24415 95397 7.814622 147 5986 3670 183.666435 0.162321 0.102555 34587 
1212173426 24468 95660 7.819192 147 6005 3666 183.960520 0.162643 0.102491 34691 
1212273426 24520 95823 7.815905 147 6032 3674 184.027243 0.162791 0.102400 34759 
1212373426 24557 95969 7.816020 148 6043 3687 184.183247 0.162813 0.102293 34806 
1212473426 24615 96216 7.817672 149 6044 3720 184.418200 0.162926 0.102235 34893 
1212573426 24668 96438 7.818875 149 6061 3722 184.673261 0.162797 0.102254 34975 
1212673426 24726 96634 7.816388 149 6087 3735 184.759767 0.162888 0.102563 35048 
1212773426 24792 96875 7.815021 149 6111 3748 184.933930 0.162884 0.102426 35144 
1212873426 24844 97083 7.815408 150 6127 3760 185.121156 0.162805 0.102435 35228 
1212973426 24899 97257 7.812121 150 6148 3768 185.147195 0.162924 0.102157 35287 
1213073426 24964 97472 7.809005 150 6182 3777 185.207659 0.163117 0.101965 35351 
1213173426 25020 97684 7.808473 150 6201 3787 185.339488 0.163218 0.101961 35431 
1213273426 25073 97900 7.809197 150 6232 3786 185.569178 0.163075 0.101856 35521 
1213373426 25127 98115 7.809528 150 6242 3798 185.724201 0.163083 0.101692 35596 
1213473426 25165 98274 7.810372 152 6252 3808 185.932843 0.163297 0.101598 35669 
1213573426 25211 98446 7.809766 152 6269 3814 186.079013 0.163098 0.101515 35737 
1213673426 25280 98707 7.809098 152 6292 3820 186.267801 0.163098 0.101729 35838 
1213773426 25330 98961 7.813739 153 6301 3828 186.594947 0.163421 0.101540 35946 
1213873426 25368 99154 7.817250 153 6305 3846 186.858483 0.163094 0.101845 36034 
1213973426 25434 99381 7.814815 153 6327 3855 186.936306 0.163185 0.101614 36121 
1214073426 25486 99565 7.813309 153 6343 3867 187.027388 0.163259 0.101630 36191 
1214173426 25529 99747 7.814407 153 6355 3883 187.203651 0.163491 0.101536 36260 
1214273426 25607 100027 7.812473 155 6397 3876 187.407037 0.163284 0.101294 36371 
1214373426 25679 100301 7.811909 155 6422 3885 187.653647 0.163263 0.101240 36490 
1214473426 25736 100535 7.812791 155 6439 3893 187.906201 0.163046 0.101501 36599 
1214573426 25816 100779 7.807484 156 6481 3907 188.004338 0.162951 0.101090 36671 
1214673426 25890 101002 7.802395 156 6519 3916 188.051757 0.163048 0.100825 36749 
1214773426 25939 101214 7.804002 156 6539 3919 188.260534 0.163241 0.100729 36836 
1214873426 26015 101489 7.802345 156 6568 3935 188.441053 0.163207 0.100791 36941 
1214973426 26087 101778 7.802967 156 6584 3961 188.676199 0.163512 0.100772 37050 
1215073426 26141 102061 7.808500 156 6586 3974 189.078000 0.163357 0.101041 37171 
1215173426 26203 102250 7.804450 156 6619 3976 189.082166 0.163421 0.101026 37235 
1215273426 26235 102383 7.805070 156 6629 3981 189.249476 0.163265 0.101039 37287 
1215373426 26276 102563 7.806592 157 6644 3994 189.448166 0.163096 0.100914 37363 
1215473426 26349 102821 7.804547 158 6685 3993 189.630422 0.163331 0.100690 37460 
1215573426 26439 103129 7.801278 158 6732 3993 189.791823 0.163719 0.100424 37575 
1215673426 26525 103420 7.797926 158 6770 4006 189.950688 0.163931 0.100210 37680 
1215773426 26589 103654 7.796758 158 6784 4034 190.133965 0.164031 0.100086 37773 
1215873426 26630 103845 7.799099 158 6794 4043 190.356515 0.164020 0.100085 37849 
1215973426 26674 104048 7.801455 158 6789 4067 190.578316 0.163801 0.099949 37914 
1216073426 26736 104298 7.802065 158 6805 4078 190.765560 0.163782 0.099864 37998 
1216173426 26823 104647 7.802781 158 6841 4085 191.113000 0.163764 0.099800 38166 
1216273426 26898 104929 7.801993 160 6855 4109 191.324411 0.163508 0.100041 38265 
1216373426 26969 105169 7.799251 160 6883 4122 191.419333 0.163505 0.099982 38354 
1216473426 27008 105369 7.802799 160 6884 4138 191.644328 0.163472 0.100283 38438 
1216573426 27057 105571 7.803600 161 6898 4145 191.811213 0.163503 0.100222 38503 
1216673426 27151 105873 7.798829 162 6943 4149 191.928032 0.163341 0.100101 38624 
1216773426 27253 106211 7.794445 162 6980 4173 192.115730 0.163112 0.100352 38761 
1216873426 27368 106553 7.786685 162 7038 4187 192.164206 0.162971 0.100088 38864 
1216973426 27456 106837 7.782416 162 7082 4183 192.342584 0.162932 0.100177 38986 
1217073426 27521 107068 7.780822 162 7091 4209 192.438283 0.163369 0.100269 39066 
1217173426 27590 107292 7.777601 162 7117 4215 192.499746 0.163697 0.100255 39145 
1217273426 27673 107586 7.775521 162 7137 4241 192.643299 0.164091 0.100426 39259 
1217373426 27772 107929 7.772505 162 7175 4259 192.816794 0.164320 0.100384 39375 
1217473426 27872 108280 7.769805 162 7209 4271 193.012916 0.163991 0.100054 39502 
1217573426 27950 108619 7.772379 163 7221 4293 193.365295 0.163886 0.099747 39635 
1217673426 28030 108891 7.769604 163 7254 4311 193.523725 0.163778 0.099365 39741 
1217773426 28093 109121 7.768554 163 7272 4332 193.691026 0.163873 0.099253 39830 
1217873426 28185 109454 7.766826 163 7311 4349 193.904488 0.163929 0.099102 39946 
1217973426 28303 109845 7.762075 163 7357 4361 194.045437 0.163642 0.099163 40099 
1218073426 28426 110249 7.756913 163 7401 4390 194.138394 0.163926 0.099088 40241 
1218173426 28539 110627 7.752689 164 7454 4407 194.351729 0.163688 0.098977 40384 
1218273426 28592 110888 7.756575 164 7463 4423 194.712437 0.163733 0.099246 40498 
1218373426 28655 111080 7.752923 164 7489 4431 194.726156 0.163792 0.099114 40568 
1218473426 28738 111365 7.750365 164 7503 4455 194.824274 0.163948 0.099080 40673 
1218573426 28852 111725 7.744697 164 7549 4475 194.909885 0.164048 0.098809 40787 
1218673426 28951 112090 7.743429 165 7583 4490 195.133432 0.164044 0.098722 40926 
1218773426 29046 112466 7.743992 165 7612 4513 195.421194 0.164320 0.098838 41108 
1218873426 29138 112765 7.740065 166 7644 4532 195.533393 0.164288 0.098941 41218 
1218973426 29228 113023 7.733885 166 7696 4542 195.544683 0.164359 0.098847 41302 
1219073426 29306 113378 7.737528 166 7718 4554 195.982597 0.164044 0.098996 41436 
1219173426 29435 113821 7.733718 167 7774 4576 196.196637 0.164033 0.098825 41594 
1219273426 29546 114218 7.731537 168 7809 4583 196.358086 0.164198 0.098818 41740 
1219373426 29657 114617 7.729507 168 7841 4598 196.551236 0.164538 0.098957 41874 
1219473426 29758 114972 7.727132 168 7883 4616 196.761073 0.164587 0.098806 42004 
1219573426 29836 115245 7.725231 168 7920 4621 196.936989 0.164598 0.098924 42121 
1219673426 29934 115579 7.722256 168 7949 4638 196.999465 0.164952 0.098579 42224 
1219773426 30072 116020 7.716148 168 8014 4655 197.111000 0.165296 0.098353 42392 
1219873426 30180 116467 7.718158 168 8042 4690 197.569715 0.165183 0.098489 42564 
1219973426 30277 116863 7.719589 168 8067 4725 197.961885 0.165070 0.098589 42717 
1220073426 30383 117180 7.713524 169 8106 4752 197.977290 0.164844 0.098902 42833 
1220173426 30432 117406 7.715957 169 8116 4765 198.215891 0.164680 0.098980 42919 
1220273426 30480 117645 7.719488 169 8122 4774 198.534580 0.164371 0.099035 43018 
1220373426 30532 117889 7.722324 170 8131 4791 198.847635 0.164218 0.099153 43128 
1220473426 30579 118136 7.726610 170 8141 4789 199.118284 0.164343 0.099089 43226 
1220573426 30616 118394 7.734126 170 8142 4797 199.611510 0.163776 0.099048 43319 
1220673426 30692 118667 7.732764 170 8168 4814 199.739476 0.164070 0.099179 43429 
1220773426 30762 118983 7.735713 170 8187 4828 200.058904 0.164405 0.098970 43545 
1220873426 30833 119240 7.734570 171 8210 4839 200.208413 0.164270 0.099011 43639 
1220973426 30928 119702 7.740688 171 8222 4856 200.725103 0.164296 0.099050 43823 
1221073426 31051 120077 7.734179 171 8288 4875 200.793404 0.164410 0.098848 43955 
1221173426 31159 120462 7.732084 171 8311 4913 200.999711 0.164657 0.099131 44097 
1221273426 31277 120846 7.727467 171 8363 4929 201.106116 0.164535 0.099039 44224 
1221373426 31363 121193 7.728406 171 8393 4933 201.367981 0.164818 0.098996 44367 
1221473426 31433 121494 7.730347 172 8399 4962 201.674546 0.164776 0.099014 44487 
1221573426 31528 121869 7.730842 174 8431 4974 201.984585 0.164636 0.098975 44633 
1221673426 31695 122438 7.726014 174 8500 4998 202.260104 0.164525 0.098981 44842 
1221773426 31814 122915 7.727101 174 8519 5040 202.714025 0.164092 0.098967 45026 
1221873426 31929 123320 7.724639 175 8565 5055 202.940712 0.164202 0.098991 45178 
1221973426 32034 123677 7.721608 176 8595 5086 203.063183 0.164314 0.098877 45286 
1222073426 32119 124018 7.722407 176 8615 5103 203.348672 0.164664 0.098813 45424 
1222173426 32225 124431 7.722638 177 8656 5106 203.648534 0.164532 0.098620 45585 
1222273426 32352 124846 7.717977 177 8708 5129 203.745920 0.164545 0.098502 45712 
1222373426 32467 125284 7.717621 178 8738 5161 204.057043 0.164465 0.098468 45884 
1222473426 32579 125678 7.715277 179 8774 5180 204.282206 0.164041 0.098386 46023 
1222573426 32659 125946 7.712790 179 8816 5187 204.401421 0.164111 0.098277 46117 
1222673426 32765 126305 7.709751 179 8849 5216 204.512925 0.164373 0.098145 46241 
1222773426 32857 126749 7.715190 179 8877 5213 205.058770 0.164412 0.098663 46427 
1222873426 32979 127182 7.712908 179 8930 5224 205.296765 0.164469 0.098705 46589 
1222973426 33085 127693 7.719087 179 8947 5239 205.919661 0.164291 0.099228 46824 
1223073426 33205 128194 7.721367 179 8984 5258 206.248457 0.164576 0.099261 47021 
1223173426 33282 128554 7.725137 179 9007 5265 206.648519 0.164525 0.099285 47168 
1223273426 33367 128887 7.725417 179 9024 5290 206.919771 0.164621 0.099228 47282 
1223373426 33470 129303 7.726501 179 9047 5306 207.172274 0.164772 0.099217 47425 
1223473426 33600 129803 7.726369 180 9092 5327 207.538512 0.164668 0.098803 47614 
1223573426 33747 130243 7.718790 181 9171 5344 207.692950 0.164542 0.098791 47772 
1223673426 33870 130766 7.721642 182 9199 5357 208.091467 0.164444 0.098790 47974 
1223773426 33966 131107 7.719896 183 9224 5383 208.276041 0.164639 0.098841 48113 
1223873426 34055 131529 7.724504 184 9243 5397 208.738100 0.164623 0.099003 48282 
1223973426 34185 132101 7.728594 184 9283 5406 209.371420 0.164139 0.099236 48518 
1224073426 34292 132512 7.728450 185 9317 5414 209.635483 0.164238 0.099261 48676 
1224173426 34417 133017 7.729727 185 9358 5433 210.025627 0.164297 0.099214 48872 
1224273426 34569 133614 7.730279 185 9412 5447 210.437733 0.164201 0.099169 49088 
1224373426 34660 133921 7.727698 185 9436 5477 210.489671 0.164361 0.099171 49192 
1224473426 34754 134299 7.728549 185 9478 5476 210.763768 0.164360 0.099099 49336 
1224573426 34906 134893 7.728929 185 9522 5515 211.142440 0.164832 0.099365 49568 
1224673426 35031 135360 7.728012 185 9563 5542 211.351774 0.165317 0.099504 49739 
1224773426 35171 135926 7.729436 186 9589 5569 211.793978 0.165392 0.099436 49955 
1224873426 35306 136479 7.731207 187 9611 5616 212.230612 0.165160 0.099371 50152 
1224973426 35389 136837 7.733307 187 9627 5644 212.539490 0.165106 0.099391 50270 
1225073426 35476 137159 7.732495 190 9655 5658 212.769196 0.164511 0.099439 50392 
1225173426 35618 137713 7.732776 191 9691 5703 213.189286 0.164437 0.099546 50622 
1225273426 35741 138142 7.730170 192 9736 5715 213.383621 0.164228 0.099279 50760 
1225373426 35845 138580 7.732180 192 9770 5725 213.776147 0.164166 0.098912 50929 
1225473426 35996 139109 7.729137 192 9808 5770 213.987943 0.164314 0.098957 51125 
1225573426 36076 139458 7.731345 192 9837 5765 214.295432 0.164376 0.098949 51258 
1225673426 36153 139785 7.732968 192 9858 5770 214.526042 0.164495 0.098905 51383 
1225773426 36307 140380 7.732944 194 9889 5804 214.952103 0.164268 0.099205 51629 
1225873426 36427 140826 7.731957 194 9939 5838 215.256705 0.164156 0.099093 51810 
1225973426 36549 141290 7.731538 195 9988 5837 215.572957 0.164276 0.098714 51974 
1226073426 36701 141850 7.730035 195 10041 5866 215.909866 0.164342 0.098853 52190 
1226173426 36814 142327 7.732221 195 10065 5891 216.335633 0.164220 0.098986 52387 
1226273426 36907 142783 7.737448 195 10073 5917 216.791503 0.164480 0.099073 52580 
1226373426 37058 143514 7.745372 195 10097 5950 217.534675 0.164527 0.099337 52889 
1226473426 37242 144206 7.744267 197 10136 6004 218.025079 0.164174 0.099290 53138 
1226573426 37404 144774 7.741097 197 10186 6031 218.216234 0.164292 0.099188 53340 
1226673426 37596 145431 7.736515 197 10259 6055 218.418662 0.164476 0.099085 53550 
1226773426 37719 146002 7.741563 198 10284 6075 218.928020 0.164239 0.099244 53787 
1226873426 37825 146482 7.745248 198 10297 6102 219.329755 0.164038 0.099271 53967 
1226973426 37987 147161 7.747966 198 10334 6140 219.790402 0.164591 0.099437 54249 
1227073426 38170 147827 7.745717 198 10389 6179 220.145874 0.164607 0.099361 54491 
1227173426 38309 148401 7.747579 199 10430 6192 220.593751 0.164361 0.099191 54720 
1227273426 38465 148986 7.746575 201 10470 6231 220.918861 0.164446 0.099269 54956 
1227373426 38603 149468 7.743854 201 10527 6250 221.088724 0.164489 0.099171 55146 
1227473426 38708 149923 7.746357 201 10539 6273 221.482691 0.164325 0.099169 55315 
1227573426 38868 150538 7.746115 202 10601 6293 221.948801 0.164256 0.099089 55584 
1227673426 39046 151229 7.746197 202 10647 6336 222.331865 0.164440 0.098885 55839 
1227773426 39167 151741 7.748411 202 10682 6364 222.746853 0.164426 0.099120 56040 
1227873426 39273 152139 7.747766 203 10713 6393 223.025539 0.164272 0.099204 56200 
1227973426 39382 152553 7.747347 203 10758 6397 223.302626 0.164217 0.099159 56359 
1228073426 39521 153047 7.745098 203 10812 6413 223.467979 0.164459 0.099533 56558 
1228173426 39662 153673 7.749130 203 10838 6429 224.001009 0.164340 0.099339 56807 
1228273426 39851 154410 7.749366 203 10896 6466 224.496550 0.164274 0.099572 57084 
1228373426 40002 155157 7.757462 203 10909 6491 225.239188 0.164179 0.099796 57397 
1228473426 40175 155812 7.756665 205 10963 6520 225.610803 0.164415 0.100226 57665 
1228573426 40291 156362 7.761634 205 10973 6550 226.186593 0.164529 0.100523 57912 
1228673426 40406 156891 7.765728 206 10978 6590 226.682720 0.164492 0.100660 58134 
1228773426 40562 157583 7.769982 206 11025 6602 227.319955 0.164358 0.100704 58433 
1228873426 40753 158325 7.769980 206 11086 6648 227.879567 0.164230 0.100726 58733 
1228973426 40918 159032 7.773205 206 11123 6686 228.484237 0.164120 0.100668 59006 
1229073426 41075 159700 7.776019 206 11149 6733 229.086695 0.163884 0.101077 59303 
1229173426 41194 160172 7.776472 207 11193 6747 229.345730 0.163988 0.100833 59480 
1229273426 41329 160642 7.773815 207 11242 6779 229.504900 0.164049 0.100900 59663 
1229373426 41482 161292 7.776481 208 11283 6827 229.964129 0.164093 0.100770 59921 
1229473426 41686 162102 7.777287 208 11347 6867 230.527803 0.163937 0.100768 60256 
1229573426 41874 162887 7.779863 209 11412 6875 231.128433 0.163837 0.100692 60580 
1229673426 42060 163577 7.778269 209 11464 6906 231.472801 0.164058 0.100607 60821 
1229773426 42191 164154 7.781470 209 11483 6950 231.872295 0.164030 0.100478 61034 
1229873426 42297 164669 7.786321 210 11498 6984 232.335958 0.164101 0.100554 61245 
1229973426 42457 165441 7.793344 211 11539 6997 233.125233 0.163962 0.100655 61549 
1230073426 42626 166225 7.799231 211 11561 7048 233.809037 0.163855 0.100675 61841 
1230173426 42765 166837 7.802502 212 11577 7092 234.274103 0.164092 0.100727 62084 
1230273426 42887 167345 7.803997 212 11609 7097 234.598923 0.164212 0.100834 62291 
1230373426 43006 167810 7.804027 212 11655 7115 234.856299 0.164164 0.100548 62463 
1230473426 43126 168323 7.806103 212 11678 7144 235.269304 0.164164 0.100711 62677 
1230573426 43313 169052 7.806063 212 11720 7178 235.602198 0.164424 0.100740 62953 
1230673426 43538 169862 7.802931 213 11808 7203 236.023244 0.163761 0.100620 63246 
1230773426 43759 170683 7.801047 213 11881 7239 236.431271 0.163370 0.101064 63562 
1230873426 43928 171303 7.799262 213 11930 7282 236.776908 0.163093 0.101018 63803 
1230973426 44100 171970 7.799093 214 11984 7302 237.189388 0.162996 0.101323 64050 
1231073426 44197 172531 7.807362 215 11979 7323 237.892029 0.162690 0.101272 64299 
1231173426 44341 173202 7.812273 216 12007 7349 238.457996 0.162797 0.101425 64567 
1231273426 44489 174122 7.827643 216 11973 7400 239.644991 0.162504 0.101338 64958 
1231373426 44625 175014 7.843765 216 11941 7447 240.856695 0.162495 0.101454 65346 
1231473426 44748 175872 7.860552 217 11920 7467 242.119514 0.161923 0.101699 65731 
1231573426 44847 176602 7.875755 217 11883 7508 243.138582 0.161776 0.101932 66046 
1231673426 44930 177143 7.885288 218 11870 7530 243.839172 0.161682 0.102170 66277 
1231773426 45024 177769 7.896633 218 11834 7580 244.638548 0.161589 0.102634 66554 
1231873426 45149 178600 7.911582 219 11818 7601 245.647080 0.161570 0.102826 66898 
1231973426 45266 179424 7.927539 220 11794 7625 246.777316 0.161450 0.103017 67255 
1232073426 45375 180181 7.941862 220 11762 7659 247.824397 0.161252 0.103327 67585 
1232173426 45486 180930 7.955415 221 11746 7695 248.917249 0.160925 0.103512 67936 
1232273426 45569 181512 7.966468 221 11728 7703 249.724681 0.160562 0.103670 68192 
1232373426 45625 182035 7.979616 222 11697 7716 250.571353 0.160396 0.104015 68438 
1232473426 45717 182766 7.995538 222 11663 7739 251.638296 0.160397 0.104300 68772 
1232573426 45806 183368 8.006287 224 11648 7753 252.351264 0.160214 0.104465 69027 
1232673426 45813 183412 8.006985 224 11648 7754 252.390239 0.160267 0.104493 69047 
