Timestamp NoNodes NoLinks AverageDegree MaxDeg Singletons Doubletons MeanSquaredDeg Assortativity AverageClustering TriCount 
1165073426 0 0 0.000000 0 0 0 0.000000 0.000000 0.000000 0 
1165173426 8001 18422 4.604924 46 2054 1326 42.215973 0.207575 0.091891 4171 
1165273426 8038 18564 4.619059 46 2055 1337 42.475491 0.207302 0.092871 4217 
1165373426 8076 18711 4.633730 46 2062 1346 42.782318 0.205513 0.093054 4262 
1165473426 8111 18879 4.655160 46 2065 1343 43.198619 0.205253 0.093623 4312 
1165573426 8137 18988 4.667076 46 2073 1347 43.476220 0.204773 0.094164 4350 
1165673426 8160 19095 4.680147 47 2075 1349 43.746324 0.204110 0.094326 4400 
1165773426 8181 19173 4.687202 47 2085 1352 43.945239 0.204044 0.094295 4426 
1165873426 8215 19299 4.698478 47 2103 1339 44.227389 0.205052 0.094275 4477 
1165973426 8257 19435 4.707521 47 2121 1343 44.493884 0.204851 0.094770 4533 
1166073426 8298 19602 4.724512 47 2128 1349 44.890335 0.203734 0.095543 4594 
1166173426 8328 19726 4.737272 47 2128 1356 45.150096 0.203226 0.096403 4640 
1166273426 8346 19822 4.750060 47 2125 1364 45.426312 0.203327 0.096004 4669 
1166373426 8359 19918 4.765642 47 2112 1371 45.698050 0.202780 0.096604 4704 
1166473426 8389 20042 4.778162 47 2114 1378 45.962093 0.202539 0.097197 4761 
1166573426 8415 20171 4.794058 47 2110 1382 46.278550 0.203496 0.097111 4810 
1166673426 8447 20313 4.809518 47 2110 1390 46.590742 0.202847 0.097845 4866 
1166773426 8476 20461 4.827985 47 2114 1391 46.951392 0.202694 0.098046 4929 
1166873426 8504 20566 4.836783 48 2119 1396 47.183913 0.202195 0.098360 4971 
1166973426 8516 20633 4.845702 48 2125 1383 47.371301 0.202137 0.098492 4999 
1167073426 8538 20763 4.863668 48 2125 1374 47.729679 0.201509 0.098844 5046 
1167173426 8558 20871 4.877541 48 2119 1386 48.024071 0.202180 0.098832 5088 
1167273426 8582 20982 4.889769 48 2116 1393 48.307155 0.201090 0.099398 5133 
1167373426 8612 21105 4.901301 48 2124 1402 48.613562 0.200670 0.099681 5183 
1167473426 8635 21213 4.913260 48 2123 1409 48.860683 0.200691 0.100468 5224 
1167573426 8648 21284 4.922294 48 2122 1411 49.065911 0.200575 0.100259 5247 
1167673426 8671 21385 4.932534 48 2128 1409 49.299965 0.200049 0.100867 5291 
1167773426 8697 21503 4.944924 48 2125 1416 49.557089 0.200594 0.100840 5335 
1167873426 8735 21623 4.950887 48 2147 1419 49.799199 0.201792 0.101071 5394 
1167973426 8765 21750 4.962921 48 2155 1418 50.074843 0.201964 0.101368 5448 
1168073426 8787 21837 4.970297 48 2162 1415 50.279959 0.201641 0.101529 5483 
1168173426 8813 21931 4.976966 48 2171 1416 50.476342 0.202233 0.102024 5515 
1168273426 8844 22043 4.984848 48 2179 1420 50.678878 0.201742 0.102164 5558 
1168373426 8874 22175 4.997746 48 2187 1414 50.996169 0.201079 0.102378 5609 
1168473426 8905 22305 5.009545 48 2191 1422 51.291859 0.202151 0.102670 5650 
1168573426 8934 22435 5.022386 48 2204 1412 51.601075 0.201959 0.103030 5704 
1168673426 8958 22532 5.030587 48 2209 1421 51.820049 0.201321 0.103032 5733 
1168773426 8980 22623 5.038530 48 2217 1422 52.006459 0.202009 0.103091 5774 
1168873426 9004 22704 5.043092 48 2230 1424 52.168814 0.200813 0.103030 5814 
1168973426 9035 22847 5.057443 48 2232 1430 52.541893 0.199469 0.104020 5874 
1169073426 9073 22983 5.066240 48 2248 1438 52.826408 0.199473 0.104565 5931 
1169173426 9104 23131 5.081503 48 2249 1440 53.180141 0.200312 0.105014 5993 
1169273426 9133 23254 5.092303 48 2259 1442 53.443775 0.199309 0.106344 6051 
1169373426 9152 23362 5.105332 48 2257 1442 53.760490 0.197882 0.106933 6088 
1169473426 9178 23459 5.112007 48 2273 1442 53.996078 0.198360 0.106932 6135 
1169573426 9209 23582 5.121512 48 2276 1452 54.207840 0.198741 0.107373 6189 
1169673426 9239 23733 5.137569 49 2279 1446 54.587509 0.197491 0.107507 6233 
1169773426 9280 23891 5.148922 49 2291 1453 54.908836 0.198032 0.108201 6312 
1169873426 9310 24009 5.157680 49 2297 1462 55.172073 0.197565 0.108620 6350 
1169973426 9330 24116 5.169561 49 2302 1459 55.442015 0.197906 0.108575 6399 
1170073426 9351 24229 5.182120 49 2298 1458 55.715111 0.198667 0.109255 6448 
1170173426 9380 24375 5.197228 50 2299 1471 56.159062 0.199563 0.109880 6509 
1170273426 9420 24550 5.212314 50 2301 1482 56.571762 0.198549 0.110562 6567 
1170373426 9448 24733 5.235605 51 2301 1481 57.223751 0.197818 0.111148 6645 
1170473426 9479 24909 5.255618 51 2306 1470 57.728030 0.196766 0.112662 6723 
1170573426 9508 25041 5.267354 51 2310 1476 58.032394 0.197764 0.112490 6771 
1170673426 9532 25164 5.279899 52 2313 1472 58.310743 0.198901 0.112644 6820 
1170773426 9559 25282 5.289675 52 2315 1479 58.610733 0.198205 0.112408 6858 
1170873426 9601 25431 5.297573 52 2337 1474 58.881783 0.198479 0.111771 6908 
1170973426 9630 25603 5.317342 53 2329 1481 59.366978 0.198506 0.112561 6983 
1171073426 9666 25752 5.328367 54 2327 1500 59.680116 0.198267 0.112571 7051 
1171173426 9697 25886 5.338971 54 2334 1497 59.963288 0.197523 0.112760 7101 
1171273426 9724 26026 5.352941 54 2338 1499 60.309749 0.198802 0.112799 7158 
1171373426 9748 26181 5.371563 54 2342 1492 60.759746 0.199142 0.113211 7229 
1171473426 9793 26339 5.379148 55 2367 1488 61.057286 0.198554 0.113549 7291 
1171573426 9834 26536 5.396787 57 2370 1502 61.541794 0.197072 0.113936 7377 
1171673426 9865 26659 5.404764 57 2383 1501 61.828282 0.196881 0.113224 7437 
1171773426 9879 26732 5.411884 57 2380 1508 62.042919 0.197081 0.113324 7475 
1171873426 9892 26800 5.418520 57 2383 1505 62.196927 0.197498 0.113325 7500 
1171973426 9907 26878 5.426062 57 2382 1513 62.377107 0.197240 0.113802 7531 
1172073426 9924 26973 5.435913 58 2384 1511 62.628174 0.196283 0.113864 7565 
1172173426 9956 27135 5.450984 58 2390 1517 63.044395 0.195443 0.114341 7643 
1172273426 9982 27314 5.472651 59 2382 1531 63.560409 0.195365 0.114722 7710 
1172373426 10006 27430 5.482710 59 2382 1540 63.857486 0.195711 0.114925 7766 
1172473426 10038 27571 5.493325 59 2386 1548 64.150827 0.195313 0.114704 7809 
1172573426 10072 27771 5.514496 60 2389 1551 64.697577 0.195422 0.114689 7898 
1172673426 10105 27937 5.529342 60 2389 1552 65.103414 0.194610 0.115249 7965 
1172773426 10132 28128 5.552310 60 2375 1555 65.625148 0.194300 0.115599 8043 
1172873426 10164 28290 5.566706 61 2369 1565 66.008658 0.193651 0.115868 8113 
1172973426 10186 28381 5.572551 61 2378 1569 66.178677 0.193625 0.116098 8150 
1173073426 10221 28541 5.584776 62 2382 1567 66.568633 0.193256 0.116141 8215 
1173173426 10252 28736 5.605931 63 2381 1573 67.141826 0.193609 0.116223 8286 
1173273426 10283 28917 5.624234 63 2383 1573 67.634737 0.193552 0.116463 8364 
1173373426 10310 29095 5.644035 64 2374 1581 68.141028 0.193560 0.116551 8442 
1173473426 10344 29265 5.658353 64 2388 1576 68.568252 0.193126 0.116754 8521 
1173573426 10365 29382 5.669465 65 2399 1569 68.933333 0.193476 0.116374 8564 
1173673426 10383 29486 5.679669 65 2397 1574 69.201580 0.193061 0.116887 8607 
1173773426 10415 29650 5.693711 65 2403 1567 69.567739 0.192226 0.117000 8683 
1173873426 10451 29809 5.704526 65 2410 1581 69.908525 0.192576 0.117489 8752 
1173973426 10473 29988 5.726726 65 2404 1581 70.454311 0.192177 0.117729 8828 
1174073426 10507 30141 5.737318 66 2421 1574 70.824022 0.192415 0.117530 8887 
1174173426 10529 30275 5.750784 66 2422 1579 71.243993 0.192401 0.117797 8939 
1174273426 10548 30401 5.764316 66 2423 1568 71.589685 0.192063 0.117739 8993 
1174373426 10585 30585 5.778932 68 2414 1594 72.007180 0.191743 0.118589 9073 
1174473426 10616 30730 5.789375 68 2417 1603 72.316503 0.191907 0.118846 9127 
1174573426 10641 30891 5.806033 68 2420 1613 72.776431 0.191549 0.118614 9183 
1174673426 10673 31063 5.820856 69 2423 1613 73.268434 0.190951 0.118389 9254 
1174773426 10693 31168 5.829608 69 2424 1613 73.539886 0.190195 0.118418 9289 
1174873426 10717 31275 5.836521 69 2425 1622 73.728282 0.190475 0.118698 9330 
1174973426 10761 31452 5.845553 69 2429 1636 74.012267 0.191373 0.118839 9405 
1175073426 10788 31598 5.857990 69 2432 1638 74.417686 0.190421 0.118863 9466 
1175173426 10817 31740 5.868540 69 2435 1638 74.745493 0.190148 0.118825 9519 
1175273426 10847 31876 5.877385 69 2446 1637 75.075505 0.190970 0.119000 9589 
1175373426 10870 32001 5.887948 69 2451 1643 75.435879 0.191558 0.118957 9635 
1175473426 10881 32083 5.897068 69 2441 1654 75.645988 0.191648 0.119030 9666 
1175573426 10910 32256 5.913107 69 2445 1645 76.096609 0.191202 0.118853 9732 
1175673426 10931 32393 5.926814 69 2449 1647 76.539749 0.190859 0.119147 9789 
1175773426 10949 32519 5.940086 69 2447 1647 76.872043 0.190648 0.119055 9834 
1175873426 10982 32628 5.942087 69 2463 1645 77.032599 0.190530 0.118907 9877 
1175973426 11005 32749 5.951658 69 2461 1648 77.250341 0.190741 0.118914 9914 
1176073426 11031 32860 5.957755 69 2465 1654 77.487626 0.190716 0.119349 9964 
1176173426 11060 33037 5.974141 70 2475 1645 77.973056 0.190553 0.119514 10041 
1176273426 11108 33286 5.993158 70 2479 1648 78.638639 0.189730 0.119411 10135 
1176373426 11128 33409 6.004493 70 2484 1644 78.971963 0.188984 0.119460 10186 
1176473426 11152 33535 6.014168 70 2481 1657 79.289993 0.188334 0.119931 10243 
1176573426 11170 33647 6.024530 70 2482 1664 79.624351 0.188863 0.120073 10305 
1176673426 11190 33758 6.033601 70 2487 1659 79.922073 0.188540 0.119854 10352 
1176773426 11219 33956 6.053302 70 2479 1666 80.472948 0.189356 0.120505 10442 
1176873426 11255 34181 6.073923 70 2477 1669 81.148112 0.188606 0.120007 10541 
1176973426 11282 34332 6.086155 70 2486 1671 81.535012 0.188365 0.119901 10600 
1177073426 11321 34506 6.095928 71 2500 1673 81.912375 0.187888 0.119504 10667 
1177173426 11346 34619 6.102415 71 2508 1677 82.127093 0.187737 0.119296 10701 
1177273426 11364 34721 6.110700 71 2507 1685 82.381380 0.187685 0.119461 10740 
1177373426 11393 34887 6.124287 71 2507 1684 82.787326 0.187108 0.119598 10814 
1177473426 11419 35081 6.144321 71 2495 1703 83.373325 0.186186 0.120861 10901 
1177573426 11454 35261 6.156976 72 2511 1697 83.845120 0.186617 0.120494 10977 
1177673426 11491 35419 6.164651 72 2525 1698 84.154208 0.186086 0.120972 11061 
1177773426 11516 35534 6.171240 72 2534 1694 84.405349 0.185606 0.120967 11113 
1177873426 11536 35645 6.179785 73 2537 1688 84.695215 0.185900 0.121511 11162 
1177973426 11576 35835 6.191258 74 2548 1696 85.157222 0.185756 0.121597 11237 
1178073426 11609 36023 6.206047 74 2549 1704 85.683005 0.185618 0.121807 11321 
1178173426 11641 36207 6.220600 76 2551 1713 86.181428 0.185357 0.121921 11394 
1178273426 11661 36331 6.231198 76 2562 1706 86.590344 0.185046 0.122024 11457 
1178373426 11685 36484 6.244587 76 2555 1719 87.041335 0.185351 0.122553 11523 
1178473426 11711 36599 6.250363 76 2562 1722 87.260354 0.185442 0.122423 11564 
1178573426 11733 36780 6.269496 76 2563 1719 87.837211 0.184545 0.121780 11642 
1178673426 11765 36974 6.285423 76 2573 1705 88.335572 0.183879 0.121442 11715 
1178773426 11804 37157 6.295662 76 2585 1707 88.698068 0.183424 0.121208 11771 
1178873426 11834 37320 6.307250 76 2592 1716 89.069799 0.183209 0.120870 11834 
1178973426 11849 37398 6.312431 76 2594 1717 89.271500 0.183004 0.121117 11858 
1179073426 11876 37522 6.318963 76 2601 1720 89.502863 0.183238 0.121167 11912 
1179173426 11910 37704 6.331486 76 2604 1728 89.915869 0.183291 0.120761 11976 
1179273426 11941 37893 6.346705 76 2606 1729 90.418223 0.183254 0.120306 12054 
1179373426 11980 38066 6.354925 76 2610 1744 90.711519 0.183016 0.120099 12115 
1179473426 12010 38240 6.368027 77 2615 1748 91.145212 0.183075 0.119926 12183 
1179573426 12027 38366 6.379978 77 2617 1746 91.504781 0.183011 0.119686 12230 
1179673426 12044 38462 6.386915 77 2620 1748 91.769014 0.182941 0.119839 12271 
1179773426 12066 38619 6.401293 77 2622 1746 92.211835 0.182413 0.119889 12334 
1179873426 12091 38770 6.413034 77 2625 1746 92.618146 0.182179 0.120043 12402 
1179973426 12135 39001 6.427853 77 2631 1758 93.196539 0.182255 0.119634 12479 
1180073426 12170 39212 6.444043 78 2643 1748 93.763517 0.182414 0.119485 12575 
1180173426 12189 39325 6.452539 78 2646 1750 94.047748 0.181825 0.119692 12627 
1180273426 12206 39428 6.460429 78 2648 1752 94.364575 0.181799 0.119540 12669 
1180373426 12241 39578 6.466465 79 2656 1755 94.626256 0.181788 0.119615 12729 
1180473426 12265 39759 6.483327 79 2648 1762 95.138035 0.181881 0.119696 12809 
1180573426 12300 39995 6.503252 79 2635 1784 95.839837 0.181689 0.119958 12904 
1180673426 12330 40181 6.517599 79 2639 1786 96.341444 0.182083 0.120251 12986 
1180773426 12352 40321 6.528659 79 2633 1802 96.701749 0.182376 0.120175 13035 
1180873426 12370 40415 6.534357 79 2638 1801 96.895392 0.182243 0.120409 13076 
1180973426 12392 40528 6.540994 79 2643 1799 97.145255 0.182496 0.120579 13135 
1181073426 12441 40702 6.543204 79 2668 1804 97.290089 0.182934 0.119922 13190 
1181173426 12477 40864 6.550293 79 2677 1807 97.564158 0.183191 0.119965 13241 
1181273426 12519 41038 6.556115 80 2696 1805 97.910696 0.183178 0.119190 13290 
1181373426 12547 41162 6.561250 80 2707 1807 98.146967 0.183145 0.119280 13339 
1181473426 12573 41272 6.565179 80 2715 1813 98.366022 0.182419 0.119005 13369 
1181573426 12596 41410 6.575103 81 2717 1812 98.723881 0.182232 0.118990 13430 
1181673426 12635 41617 6.587574 81 2734 1812 99.216304 0.181986 0.118910 13521 
1181773426 12685 41824 6.594245 81 2756 1815 99.610248 0.181770 0.118849 13612 
1181873426 12720 42032 6.608805 81 2758 1820 100.128616 0.182584 0.118828 13701 
1181973426 12746 42191 6.620273 81 2754 1828 100.504001 0.182600 0.119050 13767 
1182073426 12774 42333 6.627994 81 2763 1830 100.847972 0.182032 0.119272 13846 
1182173426 12799 42472 6.636768 81 2768 1831 101.177905 0.182074 0.118787 13901 
1182273426 12829 42655 6.649778 81 2771 1835 101.595760 0.182244 0.118786 13977 
1182373426 12859 42827 6.661016 82 2767 1849 102.061280 0.181938 0.118652 14048 
1182473426 12900 43038 6.672558 82 2766 1857 102.512248 0.181638 0.119188 14146 
1182573426 12934 43220 6.683161 82 2767 1868 102.890057 0.181296 0.119415 14213 
1182673426 12958 43355 6.691619 82 2774 1875 103.189998 0.181480 0.119185 14263 
1182773426 12996 43496 6.693752 82 2796 1884 103.384272 0.181781 0.118930 14327 
1182873426 13040 43697 6.701994 83 2809 1895 103.808742 0.180933 0.118898 14405 
1182973426 13075 43858 6.708681 83 2824 1899 104.136750 0.180940 0.118703 14468 
1183073426 13122 44047 6.713458 84 2838 1915 104.444140 0.181184 0.118532 14537 
1183173426 13153 44210 6.722421 84 2839 1917 104.805140 0.180823 0.118588 14600 
1183273426 13173 44329 6.730282 85 2842 1916 105.137934 0.180299 0.118477 14663 
1183373426 13199 44472 6.738692 86 2844 1928 105.545572 0.179863 0.118321 14721 
1183473426 13237 44679 6.750623 86 2855 1922 105.998791 0.179601 0.118146 14786 
1183573426 13285 44855 6.752729 86 2873 1929 106.177343 0.179828 0.118550 14843 
1183673426 13314 45017 6.762355 86 2878 1926 106.538681 0.180341 0.118272 14915 
1183773426 13343 45231 6.779735 86 2872 1936 107.140823 0.180686 0.118257 15005 
1183873426 13377 45391 6.786424 86 2883 1942 107.478209 0.181307 0.118301 15080 
1183973426 13409 45543 6.792900 86 2889 1951 107.823850 0.180477 0.118129 15143 
1184073426 13452 45718 6.797205 86 2903 1959 108.128011 0.180913 0.118823 15211 
1184173426 13486 45911 6.808690 87 2914 1954 108.601661 0.179729 0.118693 15284 
1184273426 13521 46120 6.821981 87 2919 1954 109.092819 0.179613 0.118534 15377 
1184373426 13556 46314 6.832989 87 2922 1962 109.534376 0.179482 0.118628 15454 
1184473426 13569 46448 6.846194 88 2912 1960 109.939863 0.178895 0.118911 15506 
1184573426 13598 46651 6.861450 88 2909 1964 110.491543 0.178479 0.119081 15590 
1184673426 13636 46844 6.870637 88 2919 1966 110.895424 0.178122 0.119503 15664 
1184773426 13683 47033 6.874662 88 2941 1964 111.198860 0.178060 0.119592 15732 
1184873426 13726 47263 6.886638 88 2953 1966 111.690660 0.177297 0.119643 15827 
1184973426 13772 47466 6.893116 88 2972 1967 112.024833 0.177916 0.119214 15905 
1185073426 13811 47618 6.895663 89 2982 1986 112.241112 0.178055 0.119180 15967 
1185173426 13840 47764 6.902312 89 2988 1993 112.594798 0.178101 0.119021 16030 
1185273426 13867 47906 6.909353 89 2987 2003 112.880796 0.177797 0.119043 16072 
1185373426 13906 48076 6.914425 90 2992 2019 113.190278 0.178049 0.118760 16149 
1185473426 13942 48266 6.923827 90 2995 2025 113.553292 0.177955 0.119041 16235 
1185573426 13986 48454 6.928929 90 3016 2028 113.952667 0.177616 0.119285 16326 
1185673426 14010 48580 6.935046 90 3019 2040 114.244968 0.176942 0.119234 16384 
1185773426 14051 48764 6.941001 90 3035 2047 114.604085 0.176762 0.118613 16438 
1185873426 14090 48960 6.949610 90 3042 2051 115.014762 0.176666 0.118700 16517 
1185973426 14118 49132 6.960193 90 3047 2040 115.412098 0.176614 0.118601 16583 
1186073426 14159 49333 6.968430 90 3056 2054 115.869341 0.176593 0.118523 16661 
1186173426 14208 49547 6.974521 90 3083 2050 116.284628 0.176412 0.117961 16743 
1186273426 14234 49698 6.982998 90 3088 2062 116.702262 0.176295 0.117930 16809 
1186373426 14272 49879 6.989770 90 3091 2076 117.043021 0.176218 0.117906 16874 
1186473426 14315 50120 7.002445 90 3101 2077 117.622773 0.175751 0.117567 16964 
1186573426 14348 50334 7.016170 91 3096 2087 118.186786 0.175626 0.117699 17047 
1186673426 14387 50583 7.031765 91 3101 2091 118.856746 0.175039 0.117643 17149 
1186773426 14425 50777 7.040139 91 3107 2091 119.194038 0.175168 0.117604 17235 
1186873426 14455 50919 7.045175 91 3113 2099 119.490557 0.174797 0.117164 17282 
1186973426 14478 51059 7.053322 91 3111 2104 119.813510 0.174946 0.116805 17351 
1187073426 14511 51236 7.061677 91 3121 2104 120.245607 0.174447 0.116557 17432 
1187173426 14547 51436 7.071699 91 3126 2105 120.673678 0.174198 0.116555 17513 
1187273426 14584 51600 7.076248 92 3136 2108 120.981349 0.174116 0.116571 17574 
1187373426 14615 51802 7.088881 92 3128 2122 121.459186 0.173749 0.116527 17651 
1187473426 14643 51981 7.099775 93 3131 2128 121.947415 0.173486 0.116507 17726 
1187573426 14669 52136 7.108324 94 3135 2128 122.380803 0.173096 0.116272 17791 
1187673426 14702 52373 7.124609 95 3139 2133 123.020269 0.172979 0.115762 17895 
1187773426 14744 52537 7.126560 95 3155 2133 123.241183 0.173106 0.115641 17966 
1187873426 14778 52694 7.131412 95 3169 2134 123.556232 0.173036 0.115493 18029 
1187973426 14824 52879 7.134242 95 3190 2134 123.829331 0.172779 0.115295 18106 
1188073426 14851 53058 7.145377 95 3187 2138 124.252643 0.172968 0.115697 18190 
1188173426 14876 53233 7.156897 95 3196 2129 124.735951 0.172751 0.115637 18264 
1188273426 14916 53463 7.168544 96 3199 2140 125.283052 0.172074 0.116124 18350 
1188373426 14953 53667 7.178091 96 3205 2140 125.724203 0.172390 0.116154 18436 
1188473426 14981 53846 7.188572 96 3207 2149 126.211201 0.172197 0.116263 18519 
1188573426 15010 54020 7.197868 96 3206 2160 126.664890 0.172392 0.116442 18592 
1188673426 15039 54173 7.204335 97 3205 2170 126.988231 0.172250 0.116219 18647 
1188773426 15070 54326 7.209821 97 3209 2174 127.265163 0.172538 0.116405 18711 
1188873426 15096 54462 7.215421 97 3211 2182 127.527160 0.171916 0.116463 18761 
1188973426 15135 54687 7.226561 97 3215 2190 127.996036 0.171916 0.116168 18838 
1189073426 15174 54898 7.235798 97 3225 2188 128.513246 0.171585 0.116048 18952 
1189173426 15207 55073 7.243112 97 3243 2180 128.867627 0.171267 0.115806 19020 
1189273426 15246 55233 7.245573 97 3261 2186 129.158599 0.171380 0.115358 19088 
1189373426 15273 55399 7.254501 98 3268 2184 129.531199 0.171758 0.114991 19160 
1189473426 15333 55628 7.255984 98 3289 2193 129.778517 0.172261 0.114811 19239 
1189573426 15376 55846 7.264048 98 3297 2200 130.155437 0.172795 0.114424 19324 
1189673426 15418 56013 7.265923 98 3308 2208 130.379946 0.172849 0.114033 19378 
1189773426 15441 56152 7.273104 99 3313 2216 130.663947 0.172847 0.113956 19431 
1189873426 15480 56321 7.276615 99 3323 2224 130.922481 0.172456 0.114180 19497 
1189973426 15510 56483 7.283430 99 3329 2224 131.250032 0.171993 0.113908 19563 
1190073426 15563 56697 7.286127 100 3354 2222 131.521943 0.171875 0.113299 19643 
1190173426 15612 56943 7.294773 100 3372 2226 132.070331 0.171894 0.113229 19757 
1190273426 15667 57184 7.299930 100 3394 2235 132.462884 0.172074 0.112946 19851 
1190373426 15714 57405 7.306224 101 3411 2237 132.858852 0.172586 0.113312 19957 
1190473426 15750 57574 7.310984 101 3417 2251 133.192254 0.172220 0.113380 20030 
1190573426 15795 57726 7.309402 101 3443 2245 133.321684 0.172401 0.113268 20085 
1190673426 15846 57909 7.308974 101 3472 2247 133.557238 0.172587 0.112982 20153 
1190773426 15914 58135 7.306146 101 3504 2256 133.740229 0.172299 0.112894 20232 
1190873426 15965 58393 7.315127 102 3514 2276 134.314187 0.171466 0.113177 20338 
1190973426 16013 58601 7.319178 102 3533 2276 134.651720 0.171342 0.113067 20422 
1191073426 16050 58731 7.318505 102 3551 2279 134.785919 0.171230 0.112697 20478 
1191173426 16092 58872 7.316928 102 3571 2292 134.885036 0.171231 0.112503 20517 
1191273426 16160 59099 7.314233 102 3606 2299 135.088861 0.171306 0.112483 20594 
1191373426 16211 59360 7.323422 103 3625 2305 135.673432 0.171066 0.111975 20687 
1191473426 16270 59588 7.324892 103 3648 2316 136.006146 0.170664 0.111739 20782 
1191573426 16322 59794 7.326798 104 3676 2314 136.272271 0.170563 0.111576 20859 
1191673426 16367 59948 7.325472 105 3692 2326 136.413148 0.170817 0.111789 20921 
1191773426 16400 60066 7.325122 105 3710 2321 136.546829 0.171320 0.111578 20972 
1191873426 16443 60279 7.331874 107 3717 2330 136.940339 0.171348 0.111859 21053 
1191973426 16499 60514 7.335475 107 3739 2331 137.325656 0.171739 0.112037 21152 
1192073426 16556 60719 7.334984 107 3763 2350 137.526093 0.172182 0.111991 21237 
1192173426 16607 60919 7.336545 107 3777 2363 137.715662 0.172417 0.111974 21304 
1192273426 16641 61047 7.336939 107 3788 2371 137.886425 0.172533 0.111801 21346 
1192373426 16670 61168 7.338692 107 3794 2378 138.063587 0.172452 0.112021 21394 
1192473426 16707 61348 7.343988 107 3805 2380 138.322619 0.172454 0.112258 21458 
1192573426 16758 61601 7.351832 107 3810 2397 138.728607 0.172522 0.112238 21569 
1192673426 16810 61836 7.357049 107 3819 2400 139.040571 0.172447 0.112005 21661 
1192773426 16874 62062 7.355932 107 3846 2412 139.159772 0.172887 0.111958 21747 
1192873426 16902 62194 7.359366 107 3860 2414 139.451899 0.172816 0.111823 21802 
1192973426 16920 62277 7.361348 109 3860 2419 139.627187 0.172900 0.111826 21835 
1193073426 16949 62425 7.366216 109 3872 2418 139.876925 0.172983 0.111582 21888 
1193173426 16990 62665 7.376692 109 3875 2429 140.378693 0.173004 0.111707 21986 
1193273426 17044 62892 7.379958 109 3901 2431 140.687397 0.173018 0.111534 22082 
1193373426 17101 63101 7.379802 109 3925 2442 140.868370 0.173587 0.111200 22149 
1193473426 17124 63240 7.386125 109 3923 2452 141.188975 0.173361 0.111293 22218 
1193573426 17146 63325 7.386562 109 3936 2454 141.311443 0.173095 0.111030 22248 
1193673426 17174 63434 7.387213 109 3942 2465 141.395482 0.173207 0.110931 22283 
1193773426 17221 63647 7.391789 109 3958 2465 141.713025 0.173216 0.110940 22367 
1193873426 17264 63829 7.394462 111 3966 2484 141.999189 0.173001 0.111508 22449 
1193973426 17302 64026 7.400994 111 3971 2499 142.408392 0.172350 0.111636 22522 
1194073426 17340 64183 7.402884 111 3989 2499 142.650519 0.171944 0.111689 22588 
1194173426 17360 64308 7.408756 111 3988 2499 142.949424 0.172138 0.111547 22640 
1194273426 17394 64444 7.409911 111 3998 2504 143.073359 0.172019 0.111650 22694 
1194373426 17446 64652 7.411670 111 4015 2523 143.353090 0.171879 0.111722 22778 
1194473426 17482 64854 7.419517 111 4014 2533 143.734584 0.171549 0.111808 22853 
1194573426 17528 65086 7.426518 111 4016 2545 144.179142 0.171323 0.111689 22952 
1194673426 17576 65273 7.427515 111 4030 2556 144.380746 0.171334 0.111866 23034 
1194773426 17604 65401 7.430243 111 4035 2560 144.568848 0.171447 0.111687 23091 
1194873426 17636 65535 7.431957 111 4044 2567 144.776367 0.171410 0.111651 23141 
1194973426 17687 65767 7.436761 111 4060 2579 145.112342 0.171486 0.112121 23237 
1195073426 17734 65976 7.440623 112 4074 2592 145.462389 0.171690 0.112003 23325 
1195173426 17779 66179 7.444626 112 4085 2603 145.795827 0.171701 0.111989 23403 
1195273426 17826 66348 7.443958 115 4112 2605 146.006171 0.171361 0.111778 23468 
1195373426 17848 66480 7.449574 115 4114 2608 146.290117 0.171352 0.111577 23512 
1195473426 17879 66617 7.451983 115 4114 2617 146.480004 0.171332 0.111478 23574 
1195573426 17919 66825 7.458564 115 4116 2623 146.841788 0.171853 0.111268 23662 
1195673426 17955 66996 7.462657 115 4130 2620 147.147536 0.172221 0.110989 23744 
1195773426 17980 67120 7.466073 115 4142 2619 147.444939 0.172097 0.110812 23805 
1195873426 18006 67225 7.466955 115 4151 2621 147.568699 0.172041 0.110409 23835 
1195973426 18030 67358 7.471769 115 4153 2625 147.812978 0.172124 0.110426 23891 
1196073426 18050 67512 7.480554 115 4149 2630 148.196343 0.171932 0.110252 23954 
1196173426 18096 67706 7.482980 115 4162 2638 148.381079 0.172034 0.110510 24034 
1196273426 18139 67902 7.486852 115 4178 2640 148.647555 0.172179 0.110184 24111 
1196373426 18181 68092 7.490457 115 4195 2638 149.024036 0.172038 0.110019 24202 
1196473426 18214 68274 7.496871 115 4202 2643 149.452838 0.172120 0.109998 24264 
1196573426 18239 68399 7.500302 115 4208 2649 149.683097 0.172240 0.109903 24313 
1196673426 18272 68529 7.500985 115 4210 2658 149.774409 0.172579 0.109818 24372 
1196773426 18295 68702 7.510467 116 4210 2658 150.216015 0.172743 0.109632 24460 
1196873426 18325 68891 7.518799 116 4211 2668 150.623956 0.172928 0.109618 24533 
1196973426 18363 69059 7.521538 116 4218 2671 150.834613 0.172923 0.109364 24587 
1197073426 18402 69267 7.528203 116 4218 2687 151.239974 0.172417 0.109497 24665 
1197173426 18427 69409 7.533402 116 4225 2696 151.531991 0.172117 0.109240 24719 
1197273426 18464 69542 7.532712 118 4247 2697 151.716096 0.171818 0.109132 24767 
1197373426 18499 69682 7.533596 118 4257 2711 151.885291 0.171567 0.109442 24829 
1197473426 18536 69863 7.538088 118 4260 2726 152.136923 0.171457 0.109343 24890 
1197573426 18574 70032 7.540864 118 4276 2733 152.426510 0.171821 0.109209 24946 
1197673426 18614 70192 7.541850 118 4294 2728 152.628452 0.171557 0.109087 24998 
1197773426 18640 70302 7.543133 118 4302 2737 152.808691 0.171409 0.109004 25035 
1197873426 18673 70447 7.545333 118 4315 2737 152.988058 0.171754 0.108927 25104 
1197973426 18697 70556 7.547307 119 4321 2740 153.139006 0.171527 0.109020 25152 
1198073426 18741 70705 7.545489 119 4350 2741 153.265888 0.171548 0.108784 25205 
1198173426 18790 70865 7.542842 119 4379 2735 153.334114 0.171509 0.108306 25258 
1198273426 18825 71022 7.545498 119 4393 2736 153.550810 0.171536 0.108074 25315 
1198373426 18852 71141 7.547316 119 4402 2737 153.710482 0.171503 0.107968 25362 
1198473426 18873 71235 7.548879 119 4407 2740 153.879404 0.171309 0.108026 25399 
1198573426 18892 71349 7.553356 120 4411 2740 154.154986 0.171289 0.108127 25460 
1198673426 18899 71412 7.557225 120 4407 2740 154.311233 0.171379 0.108335 25492 
1198773426 18923 71513 7.558315 120 4415 2744 154.447603 0.171477 0.108220 25536 
1198873426 18948 71666 7.564492 120 4411 2757 154.766730 0.171779 0.108286 25591 
1198973426 18971 71822 7.571767 120 4412 2756 155.136788 0.171681 0.108215 25657 
1199073426 19008 71956 7.571128 120 4424 2762 155.262521 0.171843 0.108210 25723 
1199173426 19033 72083 7.574528 120 4429 2764 155.451059 0.171805 0.108259 25771 
1199273426 19060 72219 7.578069 120 4429 2769 155.619203 0.172138 0.108422 25831 
1199373426 19093 72336 7.577227 120 4447 2773 155.739905 0.171690 0.108177 25867 
1199473426 19121 72471 7.580252 120 4460 2774 155.930652 0.171457 0.108194 25922 
1199573426 19150 72585 7.580679 120 4466 2783 156.043133 0.171587 0.108304 25971 
1199673426 19188 72694 7.577027 120 4486 2794 156.076298 0.171663 0.108344 26007 
1199773426 19215 72832 7.580744 120 4494 2797 156.326828 0.171683 0.108087 26068 
1199873426 19238 72950 7.583948 120 4495 2808 156.531240 0.171899 0.108178 26120 
1199973426 19263 73074 7.586980 120 4499 2819 156.775269 0.171636 0.108354 26167 
1200073426 19305 73210 7.584564 120 4513 2826 156.830251 0.171814 0.108366 26211 
1200173426 19337 73348 7.586285 120 4526 2826 157.029943 0.171788 0.108337 26262 
1200273426 19364 73456 7.586862 120 4534 2830 157.153687 0.171641 0.108293 26302 
1200373426 19401 73619 7.589196 121 4548 2830 157.412092 0.171564 0.108129 26359 
1200473426 19441 73776 7.589733 121 4569 2825 157.561957 0.171432 0.108085 26428 
1200573426 19478 73920 7.590102 122 4577 2834 157.648424 0.171475 0.108037 26483 
1200673426 19513 74075 7.592374 122 4589 2842 157.861733 0.171108 0.107882 26541 
1200773426 19539 74185 7.593531 122 4598 2845 157.994677 0.170953 0.107746 26572 
1200873426 19557 74300 7.598302 122 4594 2855 158.267117 0.170827 0.107822 26615 
1200973426 19593 74457 7.600367 122 4606 2857 158.506201 0.170572 0.107871 26673 
1201073426 19642 74630 7.599023 122 4626 2867 158.655534 0.170679 0.107680 26735 
1201173426 19682 74780 7.598821 122 4650 2865 158.830505 0.170697 0.107509 26799 
1201273426 19721 74942 7.600223 123 4662 2873 159.032706 0.170659 0.107310 26863 
1201373426 19777 75192 7.603984 123 4684 2876 159.415584 0.170089 0.107373 26970 
1201473426 19809 75346 7.607249 124 4689 2889 159.712353 0.169469 0.107369 27038 
1201573426 19863 75564 7.608518 124 4712 2895 159.930021 0.169308 0.107174 27127 
1201673426 19911 75797 7.613580 124 4728 2899 160.289689 0.169356 0.107332 27231 
1201773426 19955 75949 7.612027 124 4745 2904 160.438687 0.169174 0.107175 27295 
1201873426 19989 76087 7.612887 124 4752 2917 160.597829 0.169335 0.107291 27350 
1201973426 20017 76208 7.614328 124 4756 2932 160.738173 0.169631 0.106985 27391 
1202073426 20044 76301 7.613351 125 4773 2933 160.875574 0.170005 0.106725 27432 
1202173426 20074 76427 7.614526 125 4784 2940 161.021022 0.169966 0.106598 27487 
1202273426 20090 76507 7.616426 125 4786 2944 161.125635 0.169858 0.106844 27517 
1202373426 20130 76662 7.616692 126 4798 2951 161.284650 0.169632 0.106673 27578 
1202473426 20180 76825 7.613974 126 4812 2964 161.328147 0.169554 0.106474 27626 
1202573426 20216 77030 7.620696 126 4816 2965 161.643748 0.169525 0.106328 27701 
1202673426 20247 77156 7.621475 126 4834 2963 161.830098 0.169270 0.106432 27760 
1202773426 20287 77364 7.626953 126 4835 2978 162.146399 0.169472 0.106537 27847 
1202873426 20331 77588 7.632482 126 4837 2997 162.537406 0.169407 0.106421 27934 
1202973426 20377 77815 7.637533 126 4843 3005 162.871571 0.169354 0.106595 28029 
1203073426 20411 77984 7.641370 126 4852 3006 163.146441 0.169117 0.106707 28090 
1203173426 20448 78106 7.639476 126 4868 3006 163.208040 0.169160 0.106502 28121 
1203273426 20473 78236 7.642847 126 4875 3008 163.454892 0.169374 0.106716 28187 
1203373426 20509 78435 7.648837 127 4865 3032 163.746843 0.169485 0.107057 28261 
1203473426 20554 78648 7.652817 127 4878 3038 164.085336 0.169779 0.106938 28348 
1203573426 20598 78843 7.655403 127 4887 3046 164.301097 0.169769 0.106718 28417 
1203673426 20625 78987 7.659345 127 4884 3060 164.527224 0.169780 0.107215 28479 
1203773426 20660 79128 7.660019 127 4888 3071 164.693224 0.169484 0.107512 28538 
1203873426 20679 79233 7.663137 127 4895 3072 164.940955 0.169274 0.107382 28578 
1203973426 20729 79405 7.661248 127 4926 3076 165.086787 0.169357 0.106933 28639 
1204073426 20775 79615 7.664501 127 4935 3088 165.365872 0.169457 0.106713 28723 
1204173426 20833 79844 7.665147 127 4949 3113 165.647386 0.169188 0.106982 28825 
1204273426 20886 80036 7.664081 128 4968 3127 165.810495 0.169159 0.107062 28903 
1204373426 20915 80157 7.665025 128 4981 3128 165.920727 0.169276 0.106817 28942 
1204473426 20945 80324 7.669993 128 4992 3129 166.198424 0.169309 0.106856 29006 
1204573426 20975 80483 7.674184 128 4990 3140 166.417163 0.169701 0.106910 29060 
1204673426 21044 80760 7.675347 128 5017 3156 166.731895 0.169448 0.106733 29160 
1204773426 21098 80977 7.676273 128 5038 3151 166.983221 0.169822 0.106668 29240 
1204873426 21150 81185 7.677069 128 5065 3155 167.231678 0.169818 0.106887 29327 
1204973426 21189 81355 7.678984 128 5081 3152 167.480768 0.169699 0.106819 29399 
1205073426 21230 81490 7.676872 128 5103 3157 167.576543 0.169892 0.106769 29454 
1205173426 21276 81671 7.677289 129 5121 3159 167.824591 0.169438 0.106522 29517 
1205273426 21331 81881 7.677183 129 5149 3166 168.022315 0.169559 0.106255 29595 
1205373426 21381 82087 7.678500 129 5165 3171 168.213928 0.169699 0.106231 29669 
1205473426 21420 82269 7.681513 129 5168 3184 168.447152 0.170061 0.106281 29746 
1205573426 21454 82392 7.680805 129 5179 3190 168.518784 0.170230 0.106328 29799 
1205673426 21470 82470 7.682347 129 5185 3188 168.643875 0.170078 0.106175 29831 
1205773426 21510 82627 7.682659 129 5202 3194 168.787169 0.170091 0.106050 29878 
1205873426 21582 82862 7.678806 130 5233 3200 168.868965 0.170392 0.106149 29958 
1205973426 21613 83043 7.684542 130 5233 3205 169.235275 0.170030 0.106100 30018 
1206073426 21655 83230 7.686908 130 5243 3220 169.442715 0.170035 0.105850 30089 
1206173426 21685 83378 7.689924 130 5251 3227 169.690662 0.169821 0.106002 30156 
1206273426 21712 83505 7.692060 130 5260 3225 169.854643 0.169582 0.105895 30200 
1206373426 21737 83626 7.694346 130 5263 3232 170.001748 0.169512 0.105889 30247 
1206473426 21794 83837 7.693585 130 5290 3243 170.193907 0.169301 0.105793 30332 
1206573426 21833 84027 7.697247 130 5299 3255 170.472129 0.169247 0.105856 30409 
1206673426 21881 84293 7.704675 130 5312 3259 170.970614 0.168806 0.105943 30516 
1206773426 21925 84501 7.708187 130 5329 3263 171.348962 0.168531 0.105919 30599 
1206873426 21969 84660 7.707224 130 5341 3279 171.447221 0.168457 0.105950 30645 
1206973426 22008 84868 7.712468 130 5350 3284 171.820611 0.168368 0.105904 30739 
1207073426 22058 85097 7.715749 130 5369 3278 172.133920 0.168410 0.105564 30825 
1207173426 22132 85375 7.715073 131 5400 3296 172.394632 0.168167 0.104981 30924 
1207273426 22187 85649 7.720647 132 5402 3318 172.775409 0.168376 0.105025 31045 
1207373426 22242 85877 7.722057 132 5419 3331 173.072925 0.168514 0.104832 31158 
1207473426 22288 86024 7.719311 133 5440 3335 173.123923 0.168564 0.104781 31213 
1207573426 22328 86226 7.723576 134 5445 3341 173.454765 0.168298 0.104644 31283 
1207673426 22371 86450 7.728756 134 5449 3343 173.791516 0.168494 0.104688 31381 
1207773426 22425 86683 7.730925 134 5456 3360 174.052798 0.168231 0.104741 31471 
1207873426 22482 86930 7.733298 134 5462 3389 174.327195 0.168470 0.104961 31581 
1207973426 22533 87146 7.734966 134 5474 3399 174.506102 0.168752 0.104763 31662 
1208073426 22555 87260 7.737530 134 5471 3413 174.695012 0.168917 0.104771 31711 
1208173426 22590 87411 7.738911 134 5491 3416 174.911819 0.168924 0.104608 31773 
1208273426 22650 87639 7.738543 134 5516 3420 175.083267 0.169079 0.104612 31869 
1208373426 22693 87896 7.746530 134 5523 3432 175.624025 0.169121 0.104721 31984 
1208473426 22745 88167 7.752649 135 5538 3431 176.111673 0.168505 0.104628 32088 
1208573426 22802 88421 7.755548 135 5542 3461 176.400842 0.168640 0.104974 32211 
1208673426 22828 88538 7.756965 136 5541 3482 176.557824 0.168635 0.105036 32253 
1208773426 22858 88699 7.760871 136 5549 3489 176.861143 0.168389 0.105043 32318 
1208873426 22903 88917 7.764660 136 5556 3502 177.188665 0.167903 0.105336 32411 
1208973426 22956 89152 7.767207 136 5566 3514 177.412093 0.168121 0.105369 32495 
1209073426 23014 89406 7.769705 137 5593 3515 177.734336 0.168321 0.105145 32595 
1209173426 23061 89570 7.768093 137 5606 3523 177.851524 0.168082 0.105068 32660 
1209273426 23090 89711 7.770550 138 5605 3538 178.067908 0.167911 0.105315 32718 
1209373426 23134 89866 7.769171 138 5620 3550 178.174635 0.167717 0.105360 32773 
1209473426 23192 90081 7.768282 138 5640 3565 178.315971 0.167754 0.104946 32841 
1209573426 23255 90309 7.766846 138 5678 3562 178.480671 0.167753 0.104604 32946 
1209673426 23310 90565 7.770485 138 5704 3555 178.842814 0.167729 0.104320 33055 
1209773426 23358 90808 7.775323 138 5708 3559 179.195736 0.167364 0.104218 33156 
1209873426 23383 90990 7.782577 138 5700 3575 179.610657 0.167196 0.104367 33243 
1209973426 23427 91184 7.784522 138 5715 3575 179.794767 0.167225 0.104266 33323 
1210073426 23476 91411 7.787613 138 5716 3586 180.112200 0.166899 0.104340 33417 
1210173426 23532 91623 7.787098 138 5739 3593 180.277579 0.166687 0.104586 33497 
1210273426 23579 91853 7.791085 138 5751 3601 180.617838 0.166378 0.104400 33594 
1210373426 23627 92054 7.792272 139 5774 3607 180.848944 0.166339 0.104112 33668 
1210473426 23672 92229 7.792244 139 5788 3612 180.981075 0.166484 0.104011 33735 
1210573426 23716 92417 7.793641 139 5799 3622 181.188143 0.166649 0.103819 33804 
1210673426 23759 92600 7.794941 139 5808 3629 181.359316 0.167003 0.103883 33871 
1210773426 23812 92817 7.795817 141 5819 3642 181.582395 0.166553 0.104214 33973 
1210873426 23865 93067 7.799455 142 5830 3657 181.930693 0.166412 0.104163 34070 
1210973426 23911 93271 7.801514 143 5848 3664 182.198570 0.166130 0.103928 34148 
1211073426 23960 93431 7.798915 143 5874 3669 182.292988 0.165966 0.103860 34213 
1211173426 23999 93605 7.800742 143 5883 3680 182.564357 0.166099 0.103823 34289 
1211273426 24057 93825 7.800224 143 5911 3677 182.709232 0.166261 0.103891 34377 
1211373426 24104 94039 7.802771 144 5924 3685 183.022652 0.165948 0.103952 34470 
1211473426 24153 94259 7.805159 144 5936 3684 183.279179 0.165776 0.104118 34556 
1211573426 24210 94488 7.805700 144 5961 3691 183.501280 0.165925 0.104287 34647 
1211673426 24241 94663 7.810156 144 5971 3695 183.837053 0.165958 0.104203 34720 
1211773426 24274 94807 7.811403 144 5980 3691 183.991514 0.166016 0.103994 34772 
1211873426 24315 94980 7.812461 144 5993 3698 184.177504 0.166124 0.103974 34836 
1211973426 24366 95172 7.811869 144 6016 3698 184.294016 0.166227 0.104183 34904 
1212073426 24415 95397 7.814622 144 6027 3711 184.579234 0.166384 0.104269 34989 
1212173426 24468 95660 7.819192 144 6041 3713 185.011362 0.166379 0.104007 35098 
1212273426 24520 95823 7.815905 144 6063 3719 185.053181 0.166251 0.103868 35144 
1212373426 24557 95969 7.816020 144 6084 3722 185.221159 0.166289 0.103775 35208 
1212473426 24615 96216 7.817672 144 6107 3727 185.454804 0.166282 0.103878 35303 
1212573426 24668 96438 7.818875 144 6128 3733 185.777282 0.166128 0.103862 35402 
1212673426 24726 96634 7.816388 144 6153 3742 185.888538 0.166099 0.103387 35474 
1212773426 24792 96875 7.815021 144 6166 3766 186.015086 0.166474 0.103447 35564 
1212873426 24844 97083 7.815408 144 6181 3776 186.211077 0.165987 0.103262 35637 
1212973426 24899 97257 7.812121 144 6205 3787 186.245070 0.165819 0.103188 35693 
1213073426 24964 97472 7.809005 144 6236 3797 186.344656 0.165875 0.102979 35768 
1213173426 25020 97684 7.808473 145 6266 3802 186.552198 0.165615 0.102874 35851 
1213273426 25073 97900 7.809197 145 6281 3820 186.779643 0.165829 0.102916 35933 
1213373426 25127 98115 7.809528 145 6301 3822 186.987464 0.165650 0.102878 36024 
1213473426 25165 98274 7.810372 145 6307 3834 187.142778 0.165284 0.102734 36081 
1213573426 25211 98446 7.809766 145 6320 3845 187.284598 0.165208 0.102551 36151 
1213673426 25280 98707 7.809098 145 6352 3845 187.468671 0.165013 0.102419 36255 
1213773426 25330 98961 7.813739 145 6367 3856 187.839479 0.164805 0.102424 36358 
1213873426 25368 99154 7.817250 146 6377 3858 188.117313 0.164703 0.102388 36427 
1213973426 25434 99381 7.814815 146 6406 3867 188.262011 0.164823 0.102270 36516 
1214073426 25486 99565 7.813309 147 6414 3891 188.330848 0.164856 0.102447 36576 
1214173426 25529 99747 7.814407 147 6428 3899 188.542520 0.164810 0.102491 36654 
1214273426 25607 100027 7.812473 147 6466 3906 188.760417 0.164759 0.102203 36762 
1214373426 25679 100301 7.811909 147 6493 3914 188.971377 0.164891 0.102385 36875 
1214473426 25736 100535 7.812791 148 6521 3916 189.187753 0.164842 0.102409 36973 
1214573426 25816 100779 7.807484 148 6562 3920 189.191664 0.164942 0.102000 37059 
1214673426 25890 101002 7.802395 148 6603 3914 189.175821 0.165036 0.101828 37123 
1214773426 25939 101214 7.804002 148 6613 3917 189.384402 0.165058 0.101930 37214 
1214873426 26015 101489 7.802345 148 6643 3926 189.597463 0.165192 0.101885 37334 
1214973426 26087 101778 7.802967 148 6671 3925 189.830720 0.164985 0.101783 37454 
1215073426 26141 102061 7.808500 150 6685 3929 190.287671 0.164900 0.101515 37566 
1215173426 26203 102250 7.804450 150 6726 3926 190.349731 0.164779 0.101172 37629 
1215273426 26235 102383 7.805070 150 6725 3943 190.452449 0.164918 0.101204 37683 
1215373426 26276 102563 7.806592 150 6739 3947 190.625133 0.164950 0.101123 37754 
1215473426 26349 102821 7.804547 150 6764 3963 190.756234 0.165055 0.100731 37827 
1215573426 26439 103129 7.801278 150 6804 3972 190.903589 0.165249 0.100357 37957 
1215673426 26525 103420 7.797926 151 6839 3989 191.045806 0.164947 0.100032 38055 
1215773426 26589 103654 7.796758 151 6860 4008 191.213810 0.164845 0.099832 38142 
1215873426 26630 103845 7.799099 151 6874 4015 191.477056 0.164441 0.099699 38208 
1215973426 26674 104048 7.801455 151 6875 4032 191.638674 0.164466 0.099633 38264 
1216073426 26736 104298 7.802065 151 6891 4049 191.852708 0.164596 0.099654 38362 
1216173426 26823 104647 7.802781 151 6915 4064 192.193192 0.164263 0.100022 38501 
1216273426 26898 104929 7.801993 151 6948 4067 192.308276 0.164579 0.099754 38604 
1216373426 26969 105169 7.799251 151 6981 4078 192.452520 0.164605 0.099576 38683 
1216473426 27008 105369 7.802799 151 6983 4087 192.699126 0.164642 0.099741 38766 
1216573426 27057 105571 7.803600 152 7000 4094 192.933659 0.164494 0.099900 38855 
1216673426 27151 105873 7.798829 152 7039 4115 192.964974 0.164565 0.099726 38946 
1216773426 27253 106211 7.794445 152 7078 4134 193.084358 0.164871 0.099454 39077 
1216873426 27368 106553 7.786685 152 7120 4165 193.125840 0.165011 0.099546 39207 
1216973426 27456 106837 7.782416 152 7162 4183 193.278846 0.164951 0.099431 39304 
1217073426 27521 107068 7.780822 152 7179 4200 193.387668 0.165148 0.099417 39395 
1217173426 27590 107292 7.777601 153 7212 4201 193.454223 0.165371 0.099290 39482 
1217273426 27673 107586 7.775521 154 7252 4205 193.625267 0.165412 0.099083 39576 
1217373426 27772 107929 7.772505 154 7288 4226 193.774449 0.165435 0.099244 39717 
1217473426 27872 108280 7.769805 154 7325 4254 193.973020 0.165462 0.099324 39852 
1217573426 27950 108619 7.772379 154 7351 4267 194.400215 0.165523 0.099345 40001 
1217673426 28030 108891 7.769604 155 7391 4283 194.609847 0.165429 0.099102 40110 
1217773426 28093 109121 7.768554 155 7409 4300 194.802477 0.165548 0.099118 40209 
1217873426 28185 109454 7.766826 155 7444 4312 194.959730 0.165951 0.099037 40332 
1217973426 28303 109845 7.762075 157 7495 4340 195.201569 0.165762 0.098916 40484 
1218073426 28426 110249 7.756913 157 7543 4358 195.309505 0.165979 0.098882 40626 
1218173426 28539 110627 7.752689 157 7570 4385 195.379516 0.165934 0.099519 40749 
1218273426 28592 110888 7.756575 158 7568 4404 195.727616 0.165934 0.099778 40876 
1218373426 28655 111080 7.752923 158 7593 4423 195.737707 0.165987 0.099729 40931 
1218473426 28738 111365 7.750365 158 7636 4426 195.882247 0.165984 0.099626 41043 
1218573426 28852 111725 7.744697 158 7682 4440 195.913767 0.166188 0.099455 41170 
1218673426 28951 112090 7.743429 158 7719 4465 196.127042 0.166320 0.099481 41316 
1218773426 29046 112466 7.743992 158 7747 4482 196.399504 0.166406 0.099367 41457 
1218873426 29138 112765 7.740065 158 7774 4511 196.487817 0.166714 0.099014 41557 
1218973426 29228 113023 7.733885 158 7823 4535 196.526550 0.166875 0.098878 41660 
1219073426 29306 113378 7.737528 158 7823 4573 196.898041 0.167256 0.099029 41801 
1219173426 29435 113821 7.733718 158 7880 4590 197.065127 0.167475 0.099074 41976 
1219273426 29546 114218 7.731537 158 7916 4616 197.230623 0.167637 0.099145 42110 
1219373426 29657 114617 7.729507 158 7965 4631 197.484034 0.167577 0.099029 42253 
1219473426 29758 114972 7.727132 158 7999 4657 197.663821 0.167758 0.099128 42396 
1219573426 29836 115245 7.725231 158 8031 4675 197.813849 0.167755 0.098882 42495 
1219673426 29934 115579 7.722256 158 8062 4690 197.936861 0.167857 0.098864 42610 
1219773426 30072 116020 7.716148 158 8139 4693 198.076749 0.167927 0.098506 42762 
1219873426 30180 116467 7.718158 158 8168 4716 198.516766 0.167777 0.098413 42926 
1219973426 30277 116863 7.719589 158 8194 4736 198.852925 0.167802 0.098167 43064 
1220073426 30383 117180 7.713524 158 8237 4758 198.836323 0.168228 0.098002 43160 
1220173426 30432 117406 7.715957 158 8249 4767 199.120005 0.168239 0.098149 43253 
1220273426 30480 117645 7.719488 159 8256 4780 199.424016 0.168035 0.098557 43352 
1220373426 30532 117889 7.722324 160 8272 4775 199.698284 0.168019 0.098526 43464 
1220473426 30579 118136 7.726610 162 8285 4774 200.078616 0.167634 0.098662 43578 
1220573426 30616 118394 7.734126 162 8274 4778 200.485367 0.167453 0.098751 43688 
1220673426 30692 118667 7.732764 162 8299 4791 200.668252 0.167363 0.098847 43794 
1220773426 30762 118983 7.735713 162 8309 4804 200.957285 0.167348 0.099023 43922 
1220873426 30833 119240 7.734570 163 8338 4814 201.136769 0.167262 0.098895 44014 
1220973426 30928 119702 7.740688 163 8351 4824 201.659984 0.167035 0.098835 44185 
1221073426 31051 120077 7.734179 163 8398 4851 201.745773 0.166869 0.098863 44322 
1221173426 31159 120462 7.732084 163 8440 4871 202.014956 0.166976 0.099073 44468 
1221273426 31277 120846 7.727467 164 8501 4869 202.131534 0.166828 0.098945 44614 
1221373426 31363 121193 7.728406 165 8509 4913 202.437586 0.166751 0.099185 44752 
1221473426 31433 121494 7.730347 165 8528 4922 202.741577 0.166882 0.099325 44877 
1221573426 31528 121869 7.730842 166 8544 4955 203.063245 0.166761 0.099563 45026 
1221673426 31695 122438 7.726014 167 8618 4974 203.317621 0.166876 0.099126 45229 
1221773426 31814 122915 7.727101 167 8656 4985 203.706230 0.166756 0.098868 45397 
1221873426 31929 123320 7.724639 167 8719 4993 203.957280 0.166903 0.098570 45556 
1221973426 32034 123677 7.721608 168 8757 5008 204.088843 0.166808 0.098411 45687 
1222073426 32119 124018 7.722407 168 8774 5031 204.393412 0.166606 0.098751 45826 
1222173426 32225 124431 7.722638 168 8802 5048 204.722420 0.166698 0.098845 45992 
1222273426 32352 124846 7.717977 168 8860 5069 204.875680 0.166581 0.098782 46155 
1222373426 32467 125284 7.717621 168 8887 5100 205.173684 0.166631 0.098741 46318 
1222473426 32579 125678 7.715277 168 8925 5130 205.413180 0.166684 0.098703 46483 
1222573426 32659 125946 7.712790 169 8964 5136 205.518663 0.166604 0.098601 46574 
1222673426 32765 126305 7.709751 170 9009 5138 205.651640 0.166615 0.098419 46694 
1222773426 32857 126749 7.715190 170 9027 5172 206.240618 0.166483 0.098503 46890 
1222873426 32979 127182 7.712908 171 9072 5203 206.472968 0.166568 0.098454 47070 
1222973426 33085 127693 7.719087 171 9068 5263 207.021490 0.166703 0.098748 47259 
1223073426 33205 128194 7.721367 172 9085 5298 207.457612 0.166646 0.098627 47441 
1223173426 33282 128554 7.725137 173 9093 5314 207.886485 0.166695 0.098651 47592 
1223273426 33367 128887 7.725417 173 9115 5346 208.165133 0.166582 0.098652 47720 
1223373426 33470 129303 7.726501 173 9134 5384 208.514252 0.166707 0.098905 47886 
1223473426 33600 129803 7.726369 173 9177 5397 208.893512 0.166868 0.098987 48072 
1223573426 33747 130243 7.718790 174 9229 5441 208.895843 0.166841 0.099263 48202 
1223673426 33870 130766 7.721642 177 9261 5458 209.379392 0.166692 0.099301 48410 
1223773426 33966 131107 7.719896 177 9287 5486 209.531826 0.166706 0.099258 48533 
1223873426 34055 131529 7.724504 177 9301 5502 209.948613 0.166760 0.099305 48690 
1223973426 34185 132101 7.728594 177 9323 5540 210.486178 0.166502 0.099231 48895 
1224073426 34292 132512 7.728450 177 9337 5573 210.712353 0.166647 0.099496 49058 
1224173426 34417 133017 7.729727 178 9380 5576 211.221373 0.166151 0.099371 49244 
1224273426 34569 133614 7.730279 179 9415 5617 211.650843 0.166272 0.099349 49479 
1224373426 34660 133921 7.727698 180 9454 5637 211.788575 0.166273 0.099223 49595 
1224473426 34754 134299 7.728549 180 9468 5664 212.057490 0.166234 0.099249 49735 
1224573426 34906 134893 7.728929 180 9486 5721 212.426402 0.166515 0.099854 49968 
1224673426 35031 135360 7.728012 180 9519 5754 212.757044 0.166413 0.099959 50166 
1224773426 35171 135926 7.729436 180 9568 5775 213.236189 0.166278 0.099882 50390 
1224873426 35306 136479 7.731207 181 9592 5815 213.708265 0.166220 0.099894 50609 
1224973426 35389 136837 7.733307 182 9608 5842 213.975981 0.166351 0.099742 50734 
1225073426 35476 137159 7.732495 183 9635 5856 214.130567 0.166522 0.099907 50855 
1225173426 35618 137713 7.732776 184 9685 5883 214.590039 0.166456 0.100010 51073 
1225273426 35741 138142 7.730170 186 9742 5894 214.878151 0.166323 0.100237 51249 
1225373426 35845 138580 7.732180 186 9767 5909 215.196429 0.166396 0.100219 51421 
1225473426 35996 139109 7.729137 187 9830 5902 215.419658 0.166404 0.100091 51600 
1225573426 36076 139458 7.731345 187 9850 5905 215.673245 0.166472 0.100406 51738 
1225673426 36153 139785 7.732968 187 9858 5926 215.962327 0.166410 0.100381 51861 
1225773426 36307 140380 7.732944 187 9916 5937 216.392762 0.166314 0.100285 52111 
1225873426 36427 140826 7.731957 187 9958 5955 216.652044 0.166304 0.100374 52289 
1225973426 36549 141290 7.731538 188 9989 5981 216.881666 0.166314 0.100499 52452 
1226073426 36701 141850 7.730035 190 10038 5994 217.235988 0.166194 0.100553 52666 
1226173426 36814 142327 7.732221 191 10053 6021 217.577443 0.166345 0.100654 52853 
1226273426 36907 142783 7.737448 191 10068 6041 218.116997 0.166092 0.100759 53051 
1226373426 37058 143514 7.745372 191 10080 6076 218.842949 0.166295 0.100925 53361 
1226473426 37242 144206 7.744267 191 10152 6096 219.280221 0.166198 0.100918 53652 
1226573426 37404 144774 7.741097 192 10215 6118 219.553791 0.166043 0.100957 53870 
1226673426 37596 145431 7.736515 193 10280 6168 219.737312 0.166165 0.100962 54102 
1226773426 37719 146002 7.741563 193 10289 6217 220.287229 0.165809 0.100854 54316 
1226873426 37825 146482 7.745248 193 10309 6237 220.680238 0.165669 0.100980 54521 
1226973426 37987 147161 7.747966 193 10356 6265 221.184247 0.165573 0.101008 54798 
1227073426 38170 147827 7.745717 193 10421 6317 221.609589 0.165526 0.101099 55048 
1227173426 38309 148401 7.747579 195 10461 6333 222.077841 0.165492 0.101607 55299 
1227273426 38465 148986 7.746575 196 10514 6366 222.460107 0.165380 0.101571 55530 
1227373426 38603 149468 7.743854 197 10565 6376 222.713934 0.165334 0.101547 55710 
1227473426 38708 149923 7.746357 198 10586 6398 223.071871 0.165422 0.101466 55895 
1227573426 38868 150538 7.746115 198 10636 6422 223.398786 0.165651 0.101451 56153 
1227673426 39046 151229 7.746197 198 10700 6429 223.763510 0.165884 0.101450 56421 
1227773426 39167 151741 7.748411 198 10740 6438 224.137463 0.166041 0.101502 56625 
1227873426 39273 152139 7.747766 198 10777 6461 224.355868 0.166063 0.101527 56785 
1227973426 39382 152553 7.747347 201 10823 6479 224.636230 0.166033 0.101482 56963 
1228073426 39521 153047 7.745098 202 10866 6518 224.836922 0.166243 0.101381 57146 
1228173426 39662 153673 7.749130 202 10889 6555 225.339116 0.166207 0.101095 57390 
1228273426 39851 154410 7.749366 205 10924 6613 225.781335 0.166120 0.101282 57672 
1228373426 40002 155157 7.757462 206 10930 6674 226.628069 0.165664 0.101828 57970 
1228473426 40175 155812 7.756665 206 10984 6705 227.073802 0.165715 0.102187 58240 
1228573426 40291 156362 7.761634 207 10989 6753 227.590876 0.165701 0.102267 58487 
1228673426 40406 156891 7.765728 209 11005 6786 228.122903 0.165515 0.102418 58711 
1228773426 40562 157583 7.769982 209 11031 6826 228.693950 0.165371 0.102478 58995 
1228873426 40753 158325 7.769980 209 11070 6880 229.192943 0.165316 0.102613 59292 
1228973426 40918 159032 7.773205 210 11096 6919 229.659465 0.165507 0.102864 59581 
1229073426 41075 159700 7.776019 210 11130 6953 230.272428 0.165855 0.102940 59854 
1229173426 41194 160172 7.776472 211 11167 6978 230.571345 0.165862 0.102938 60042 
1229273426 41329 160642 7.773815 211 11215 7020 230.817489 0.165801 0.102969 60210 
1229373426 41482 161292 7.776481 211 11256 7045 231.347042 0.165896 0.102828 60462 
1229473426 41686 162102 7.777287 211 11314 7077 231.827712 0.165787 0.102826 60773 
1229573426 41874 162887 7.779863 211 11374 7098 232.524335 0.165504 0.102798 61092 
1229673426 42060 163577 7.778269 212 11432 7142 232.889824 0.165364 0.102795 61361 
1229773426 42191 164154 7.781470 214 11456 7163 233.355882 0.165400 0.102725 61597 
1229873426 42297 164669 7.786321 214 11482 7177 233.938483 0.165314 0.102844 61819 
1229973426 42457 165441 7.793344 214 11496 7219 234.701039 0.165209 0.102984 62159 
1230073426 42626 166225 7.799231 214 11546 7217 235.447051 0.165107 0.102922 62473 
1230173426 42765 166837 7.802502 215 11567 7253 235.934760 0.165194 0.103181 62720 
1230273426 42887 167345 7.803997 216 11586 7282 236.286101 0.165089 0.103450 62932 
1230373426 43006 167810 7.804027 217 11620 7289 236.562061 0.164965 0.103278 63087 
1230473426 43126 168323 7.806103 217 11655 7303 236.995084 0.164662 0.103390 63292 
1230573426 43313 169052 7.806063 217 11703 7338 237.447556 0.164566 0.103263 63578 
1230673426 43538 169862 7.802931 217 11771 7382 237.762598 0.165021 0.103004 63889 
1230773426 43759 170683 7.801047 219 11833 7430 238.086382 0.164994 0.103126 64189 
1230873426 43928 171303 7.799262 219 11880 7470 238.351302 0.165164 0.103323 64412 
1230973426 44100 171970 7.799093 219 11932 7489 238.743764 0.165190 0.103376 64681 
1231073426 44197 172531 7.807362 219 11903 7520 239.332127 0.165311 0.103567 64911 
1231173426 44341 173202 7.812273 219 11925 7558 239.939244 0.165130 0.103570 65197 
1231273426 44489 174122 7.827643 220 11908 7571 241.061386 0.164897 0.103883 65589 
1231373426 44625 175014 7.843765 220 11860 7630 242.210824 0.164892 0.104357 65961 
1231473426 44748 175872 7.860552 220 11831 7675 243.483999 0.164313 0.104681 66349 
1231573426 44847 176602 7.875755 221 11817 7689 244.651950 0.163683 0.104839 66673 
1231673426 44930 177143 7.885288 221 11802 7696 245.356777 0.163300 0.104637 66878 
1231773426 45024 177769 7.896633 222 11790 7709 246.229433 0.163083 0.104832 67172 
1231873426 45149 178600 7.911582 223 11788 7725 247.391039 0.162760 0.104906 67559 
1231973426 45266 179424 7.927539 223 11773 7734 248.541245 0.162801 0.104924 67952 
1232073426 45375 180181 7.941862 226 11775 7727 249.683262 0.162026 0.104823 68285 
1232173426 45486 180930 7.955415 228 11764 7736 250.747175 0.161706 0.105090 68618 
1232273426 45569 181512 7.966468 229 11748 7747 251.593847 0.161417 0.105603 68881 
1232373426 45625 182035 7.979616 229 11738 7742 252.460888 0.161393 0.105887 69114 
1232473426 45717 182766 7.995538 229 11703 7760 253.585012 0.161232 0.105976 69442 
1232573426 45806 183368 8.006287 230 11691 7763 254.378597 0.161050 0.106125 69725 
1232673426 45813 183412 8.006985 230 11686 7771 254.432235 0.161062 0.106179 69740 
