Timestamp NoNodes NoLinks AverageDegree MaxDeg Singletons Doubletons MeanSquaredDeg Assortativity AverageClustering TriCount 
1165073426 0 0 0.000000 0 0 0 0.000000 0.000000 0.000000 0 
1165173426 8001 18422 4.604924 47 2066 1305 42.258468 0.205317 0.091455 4172 
1165273426 8038 18564 4.619059 47 2065 1314 42.583230 0.204032 0.092739 4236 
1165373426 8076 18711 4.633730 49 2078 1309 42.981922 0.203054 0.092522 4287 
1165473426 8111 18879 4.655160 49 2080 1315 43.457773 0.203085 0.093556 4362 
1165573426 8137 18988 4.667076 49 2080 1325 43.706526 0.203078 0.094470 4403 
1165673426 8160 19095 4.680147 49 2084 1322 43.949510 0.202902 0.094761 4441 
1165773426 8181 19173 4.687202 49 2089 1324 44.132013 0.202974 0.094734 4469 
1165873426 8215 19299 4.698478 50 2099 1321 44.445283 0.202709 0.095542 4517 
1165973426 8257 19435 4.707521 50 2103 1339 44.734165 0.202151 0.096043 4562 
1166073426 8298 19602 4.724512 50 2120 1324 45.107255 0.200670 0.095857 4612 
1166173426 8328 19726 4.737272 50 2121 1336 45.384966 0.200249 0.096551 4670 
1166273426 8346 19822 4.750060 50 2117 1343 45.656842 0.199738 0.097448 4712 
1166373426 8359 19918 4.765642 51 2116 1343 45.984926 0.199235 0.097895 4762 
1166473426 8389 20042 4.778162 51 2118 1355 46.306354 0.199163 0.098067 4803 
1166573426 8415 20171 4.794058 51 2122 1356 46.653595 0.198989 0.098919 4876 
1166673426 8447 20313 4.809518 52 2122 1374 47.021428 0.199045 0.098874 4919 
1166773426 8476 20461 4.827985 52 2130 1371 47.411751 0.199529 0.098943 4985 
1166873426 8504 20566 4.836783 52 2142 1371 47.641816 0.200317 0.099603 5028 
1166973426 8516 20633 4.845702 52 2143 1371 47.862612 0.200319 0.099987 5061 
1167073426 8538 20763 4.863668 52 2143 1374 48.260717 0.200357 0.100489 5122 
1167173426 8558 20871 4.877541 52 2146 1367 48.519280 0.199654 0.100824 5167 
1167273426 8582 20982 4.889769 52 2145 1380 48.762060 0.199333 0.100842 5205 
1167373426 8612 21105 4.901301 52 2147 1390 48.999768 0.198528 0.100934 5248 
1167473426 8635 21213 4.913260 53 2155 1387 49.292646 0.197949 0.101040 5283 
1167573426 8648 21284 4.922294 53 2153 1392 49.492368 0.198693 0.101638 5320 
1167673426 8671 21385 4.932534 53 2154 1393 49.703379 0.199414 0.101717 5358 
1167773426 8697 21503 4.944924 53 2162 1381 49.997700 0.199813 0.102494 5408 
1167873426 8735 21623 4.950887 53 2174 1390 50.188666 0.200123 0.102994 5461 
1167973426 8765 21750 4.962921 53 2179 1395 50.486937 0.200384 0.103466 5514 
1168073426 8787 21837 4.970297 53 2187 1397 50.657562 0.200261 0.103296 5542 
1168173426 8813 21931 4.976966 53 2194 1402 50.869624 0.199889 0.103849 5586 
1168273426 8844 22043 4.984848 54 2199 1406 51.063094 0.199425 0.104141 5618 
1168373426 8874 22175 4.997746 54 2204 1410 51.334686 0.199605 0.104696 5668 
1168473426 8905 22305 5.009545 54 2215 1404 51.637507 0.199392 0.104645 5720 
1168573426 8934 22435 5.022386 54 2218 1403 51.927916 0.199135 0.105261 5764 
1168673426 8958 22532 5.030587 54 2225 1399 52.100915 0.198791 0.105060 5790 
1168773426 8980 22623 5.038530 54 2227 1406 52.311359 0.198488 0.105349 5823 
1168873426 9004 22704 5.043092 54 2234 1412 52.439360 0.198528 0.105156 5847 
1168973426 9035 22847 5.057443 54 2237 1415 52.795351 0.198185 0.105544 5908 
1169073426 9073 22983 5.066240 54 2253 1411 53.065138 0.197473 0.105664 5953 
1169173426 9104 23131 5.081503 55 2250 1428 53.450132 0.197493 0.105599 6009 
1169273426 9133 23254 5.092303 55 2244 1440 53.677871 0.198004 0.105830 6051 
1169373426 9152 23362 5.105332 55 2243 1438 53.933348 0.198329 0.105976 6090 
1169473426 9178 23459 5.112007 55 2251 1445 54.108520 0.199015 0.106334 6137 
1169573426 9209 23582 5.121512 55 2265 1442 54.352916 0.199183 0.106250 6177 
1169673426 9239 23733 5.137569 55 2256 1456 54.680810 0.198820 0.106937 6228 
1169773426 9280 23891 5.148922 55 2259 1474 54.952802 0.198150 0.107568 6276 
1169873426 9310 24009 5.157680 55 2274 1466 55.213963 0.197322 0.107432 6323 
1169973426 9330 24116 5.169561 55 2270 1478 55.470954 0.197152 0.107644 6368 
1170073426 9351 24229 5.182120 55 2276 1472 55.733291 0.197150 0.107316 6403 
1170173426 9380 24375 5.197228 55 2282 1468 56.084435 0.197987 0.106855 6468 
1170273426 9420 24550 5.212314 56 2292 1465 56.474735 0.197333 0.106555 6528 
1170373426 9448 24733 5.235605 56 2290 1469 57.017358 0.197854 0.107055 6610 
1170473426 9479 24909 5.255618 56 2292 1470 57.510919 0.197284 0.107213 6676 
1170573426 9508 25041 5.267354 56 2296 1477 57.810265 0.197385 0.107893 6736 
1170673426 9532 25164 5.279899 56 2295 1481 58.152329 0.196447 0.108064 6786 
1170773426 9559 25282 5.289675 56 2294 1490 58.441469 0.195736 0.108070 6820 
1170873426 9601 25431 5.297573 56 2309 1499 58.740131 0.195644 0.108633 6887 
1170973426 9630 25603 5.317342 56 2304 1504 59.211838 0.195157 0.109404 6971 
1171073426 9666 25752 5.328367 56 2313 1514 59.560108 0.195327 0.109370 7021 
1171173426 9697 25886 5.338971 56 2317 1522 59.882438 0.194997 0.110037 7070 
1171273426 9724 26026 5.352941 57 2318 1530 60.260592 0.195300 0.109691 7116 
1171373426 9748 26181 5.371563 57 2316 1534 60.720763 0.195311 0.109795 7187 
1171473426 9793 26339 5.379148 57 2328 1545 61.054427 0.195341 0.109725 7249 
1171573426 9834 26536 5.396787 57 2331 1542 61.479764 0.195674 0.110338 7321 
1171673426 9865 26659 5.404764 58 2342 1540 61.734415 0.195702 0.110720 7369 
1171773426 9879 26732 5.411884 58 2351 1530 61.931774 0.195464 0.110504 7395 
1171873426 9892 26800 5.418520 58 2354 1535 62.117266 0.194879 0.110526 7425 
1171973426 9907 26878 5.426062 58 2359 1533 62.302614 0.194611 0.110575 7451 
1172073426 9924 26973 5.435913 58 2360 1535 62.580008 0.194238 0.110725 7495 
1172173426 9956 27135 5.450984 58 2361 1543 63.031137 0.194160 0.110222 7552 
1172273426 9982 27314 5.472651 59 2354 1544 63.529152 0.192858 0.110443 7626 
1172373426 10006 27430 5.482710 59 2350 1557 63.790526 0.193389 0.111268 7675 
1172473426 10038 27571 5.493325 59 2358 1554 64.076310 0.193526 0.111628 7731 
1172573426 10072 27771 5.514496 59 2359 1549 64.619936 0.193350 0.111382 7814 
1172673426 10105 27937 5.529342 59 2369 1540 65.039090 0.192948 0.111494 7883 
1172773426 10132 28128 5.552310 59 2368 1539 65.614686 0.193237 0.111365 7957 
1172873426 10164 28290 5.566706 59 2373 1546 66.064738 0.192671 0.111500 8014 
1172973426 10186 28381 5.572551 59 2384 1545 66.275280 0.192896 0.111282 8043 
1173073426 10221 28541 5.584776 59 2397 1540 66.668819 0.193111 0.111400 8112 
1173173426 10252 28736 5.605931 59 2396 1550 67.266680 0.192369 0.110861 8183 
1173273426 10283 28917 5.624234 59 2403 1551 67.749489 0.191888 0.110654 8247 
1173373426 10310 29095 5.644035 60 2403 1555 68.260524 0.191370 0.110689 8315 
1173473426 10344 29265 5.658353 60 2409 1556 68.699923 0.191281 0.110175 8382 
1173573426 10365 29382 5.669465 60 2407 1560 69.012060 0.191444 0.110041 8439 
1173673426 10383 29486 5.679669 60 2408 1561 69.315612 0.191219 0.110030 8485 
1173773426 10415 29650 5.693711 60 2412 1569 69.792031 0.192138 0.110273 8556 
1173873426 10451 29809 5.704526 60 2413 1580 70.141805 0.190660 0.110562 8613 
1173973426 10473 29988 5.726726 60 2417 1579 70.755085 0.190244 0.110769 8695 
1174073426 10507 30141 5.737318 60 2425 1582 71.036642 0.190823 0.110315 8739 
1174173426 10529 30275 5.750784 61 2428 1587 71.464147 0.190189 0.110448 8791 
1174273426 10548 30401 5.764316 61 2432 1586 71.825939 0.189789 0.110774 8848 
1174373426 10585 30585 5.778932 62 2451 1580 72.349929 0.188320 0.110428 8911 
1174473426 10616 30730 5.789375 63 2458 1580 72.704032 0.186729 0.110660 8974 
1174573426 10641 30891 5.806033 63 2450 1595 73.126962 0.186566 0.110489 9036 
1174673426 10673 31063 5.820856 63 2457 1601 73.581186 0.186522 0.110857 9113 
1174773426 10693 31168 5.829608 63 2457 1601 73.840082 0.186260 0.110981 9160 
1174873426 10717 31275 5.836521 63 2467 1596 74.096855 0.187008 0.110473 9199 
1174973426 10761 31452 5.845553 63 2484 1593 74.404795 0.187349 0.110632 9266 
1175073426 10788 31598 5.857990 63 2482 1606 74.858176 0.187667 0.110646 9334 
1175173426 10817 31740 5.868540 63 2484 1617 75.197744 0.187450 0.110912 9386 
1175273426 10847 31876 5.877385 63 2491 1619 75.478012 0.186979 0.111015 9426 
1175373426 10870 32001 5.887948 63 2487 1621 75.782889 0.187307 0.111286 9477 
1175473426 10881 32083 5.897068 63 2485 1621 76.002941 0.187319 0.111398 9506 
1175573426 10910 32256 5.913107 63 2485 1628 76.474060 0.187478 0.111572 9573 
1175673426 10931 32393 5.926814 63 2485 1627 76.899826 0.186448 0.111061 9625 
1175773426 10949 32519 5.940086 63 2479 1633 77.270436 0.186212 0.111354 9683 
1175873426 10982 32628 5.942087 63 2494 1642 77.407212 0.186157 0.111230 9722 
1175973426 11005 32749 5.951658 64 2493 1651 77.684325 0.185802 0.111309 9760 
1176073426 11031 32860 5.957755 64 2499 1650 77.889040 0.186316 0.111026 9804 
1176173426 11060 33037 5.974141 64 2498 1659 78.332369 0.186696 0.111142 9869 
1176273426 11108 33286 5.993158 64 2503 1671 78.945805 0.185979 0.110785 9961 
1176373426 11128 33409 6.004493 64 2503 1678 79.248922 0.186875 0.110624 10018 
1176473426 11152 33535 6.014168 64 2500 1691 79.542324 0.186542 0.110527 10066 
1176573426 11170 33647 6.024530 64 2497 1695 79.863384 0.186886 0.110672 10118 
1176673426 11190 33758 6.033601 64 2508 1688 80.157998 0.187284 0.110650 10177 
1176773426 11219 33956 6.053302 64 2512 1692 80.743917 0.187941 0.110581 10256 
1176873426 11255 34181 6.073923 64 2524 1685 81.432785 0.188307 0.110719 10353 
1176973426 11282 34332 6.086155 64 2522 1695 81.815458 0.188303 0.110758 10422 
1177073426 11321 34506 6.095928 65 2532 1702 82.187793 0.188014 0.110511 10490 
1177173426 11346 34619 6.102415 65 2544 1700 82.452318 0.188144 0.110522 10541 
1177273426 11364 34721 6.110700 65 2549 1701 82.725449 0.187750 0.110380 10577 
1177373426 11393 34887 6.124287 65 2554 1712 83.155797 0.188039 0.110275 10641 
1177473426 11419 35081 6.144321 65 2547 1713 83.770733 0.187355 0.110238 10739 
1177573426 11454 35261 6.156976 65 2555 1713 84.227693 0.186432 0.110178 10803 
1177673426 11491 35419 6.164651 65 2571 1705 84.515882 0.185808 0.109745 10858 
1177773426 11516 35534 6.171240 65 2581 1707 84.796457 0.185280 0.109760 10904 
1177873426 11536 35645 6.179785 65 2583 1707 85.052011 0.185353 0.110106 10961 
1177973426 11576 35835 6.191258 66 2593 1702 85.443504 0.185379 0.110252 11030 
1178073426 11609 36023 6.206047 68 2596 1710 85.922302 0.185640 0.110480 11113 
1178173426 11641 36207 6.220600 68 2593 1723 86.421098 0.185380 0.110656 11188 
1178273426 11661 36331 6.231198 68 2595 1727 86.791699 0.186191 0.110624 11250 
1178373426 11685 36484 6.244587 69 2588 1739 87.216774 0.184913 0.110687 11304 
1178473426 11711 36599 6.250363 69 2593 1750 87.452651 0.184776 0.110831 11350 
1178573426 11733 36780 6.269496 69 2585 1751 87.967101 0.184632 0.111582 11439 
1178673426 11765 36974 6.285423 70 2587 1761 88.483298 0.184565 0.111043 11510 
1178773426 11804 37157 6.295662 71 2598 1776 88.914266 0.184291 0.111212 11599 
1178873426 11834 37320 6.307250 71 2601 1781 89.302011 0.183656 0.111368 11660 
1178973426 11849 37398 6.312431 71 2595 1793 89.430500 0.184083 0.111694 11688 
1179073426 11876 37522 6.318963 71 2605 1790 89.700404 0.183836 0.111302 11733 
1179173426 11910 37704 6.331486 71 2612 1792 90.141730 0.183725 0.111824 11813 
1179273426 11941 37893 6.346705 71 2610 1803 90.647182 0.184138 0.112057 11902 
1179373426 11980 38066 6.354925 72 2622 1801 90.948247 0.184153 0.111694 11966 
1179473426 12010 38240 6.368027 72 2631 1794 91.421482 0.183646 0.112004 12043 
1179573426 12027 38366 6.379978 72 2625 1798 91.780826 0.183773 0.111920 12089 
1179673426 12044 38462 6.386915 72 2627 1800 92.032381 0.183620 0.112373 12129 
1179773426 12066 38619 6.401293 72 2629 1799 92.508039 0.183751 0.112824 12208 
1179873426 12091 38770 6.413034 72 2627 1796 92.849227 0.183803 0.112545 12256 
1179973426 12135 39001 6.427853 73 2640 1796 93.356572 0.183966 0.112380 12352 
1180073426 12170 39212 6.444043 74 2652 1797 93.994577 0.183541 0.112628 12444 
1180173426 12189 39325 6.452539 74 2658 1794 94.307654 0.182986 0.112856 12494 
1180273426 12206 39428 6.460429 75 2660 1795 94.569884 0.182663 0.112395 12535 
1180373426 12241 39578 6.466465 75 2666 1807 94.926232 0.182390 0.112092 12588 
1180473426 12265 39759 6.483327 75 2665 1804 95.483245 0.182051 0.112135 12672 
1180573426 12300 39995 6.503252 75 2663 1800 96.159187 0.182341 0.112150 12768 
1180673426 12330 40181 6.517599 75 2673 1791 96.606164 0.181849 0.112238 12855 
1180773426 12352 40321 6.528659 75 2675 1787 96.968102 0.181879 0.111948 12910 
1180873426 12370 40415 6.534357 75 2680 1783 97.214875 0.181973 0.111904 12954 
1180973426 12392 40528 6.540994 75 2690 1782 97.467076 0.182736 0.111442 12997 
1181073426 12441 40702 6.543204 75 2715 1781 97.728800 0.183533 0.110997 13061 
1181173426 12477 40864 6.550293 75 2717 1796 98.043600 0.183349 0.111374 13122 
1181273426 12519 41038 6.556115 75 2726 1814 98.347791 0.183413 0.111329 13186 
1181373426 12547 41162 6.561250 76 2735 1818 98.584522 0.183445 0.110943 13236 
1181473426 12573 41272 6.565179 76 2736 1828 98.774199 0.183633 0.111014 13279 
1181573426 12596 41410 6.575103 76 2743 1822 99.151000 0.183215 0.110799 13335 
1181673426 12635 41617 6.587574 76 2752 1827 99.711120 0.182678 0.111141 13421 
1181773426 12685 41824 6.594245 76 2773 1833 100.113205 0.182482 0.111120 13509 
1181873426 12720 42032 6.608805 76 2772 1847 100.628459 0.182580 0.111324 13587 
1181973426 12746 42191 6.620273 76 2770 1855 101.040169 0.182887 0.111690 13655 
1182073426 12774 42333 6.627994 76 2773 1868 101.372162 0.182990 0.112058 13709 
1182173426 12799 42472 6.636768 77 2769 1879 101.704196 0.183216 0.112089 13774 
1182273426 12829 42655 6.649778 77 2770 1882 102.115987 0.183397 0.112142 13843 
1182373426 12859 42827 6.661016 77 2775 1886 102.555098 0.183715 0.112186 13908 
1182473426 12900 43038 6.672558 77 2795 1881 103.078140 0.183830 0.111778 13994 
1182573426 12934 43220 6.683161 77 2801 1881 103.497758 0.183123 0.111506 14065 
1182673426 12958 43355 6.691619 77 2805 1891 103.800123 0.183398 0.111543 14135 
1182773426 12996 43496 6.693752 77 2820 1904 104.033087 0.183200 0.111439 14193 
1182873426 13040 43697 6.701994 77 2843 1896 104.442945 0.183173 0.111204 14280 
1182973426 13075 43858 6.708681 77 2855 1900 104.784398 0.183085 0.110898 14345 
1183073426 13122 44047 6.713458 77 2875 1898 105.106234 0.183135 0.110803 14438 
1183173426 13153 44210 6.722421 77 2877 1906 105.445450 0.183366 0.110677 14495 
1183273426 13173 44329 6.730282 78 2880 1908 105.771350 0.182939 0.110803 14546 
1183373426 13199 44472 6.738692 78 2888 1913 106.112887 0.182593 0.110681 14608 
1183473426 13237 44679 6.750623 78 2902 1919 106.629146 0.182411 0.110371 14694 
1183573426 13285 44855 6.752729 78 2922 1922 106.840798 0.182387 0.110158 14753 
1183673426 13314 45017 6.762355 78 2918 1940 107.248761 0.181566 0.110354 14819 
1183773426 13343 45231 6.779735 78 2911 1949 107.868695 0.181262 0.110294 14910 
1183873426 13377 45391 6.786424 78 2922 1951 108.199746 0.181133 0.110082 14976 
1183973426 13409 45543 6.792900 78 2933 1955 108.516220 0.181327 0.109860 15032 
1184073426 13452 45718 6.797205 78 2945 1957 108.759441 0.181630 0.109730 15098 
1184173426 13486 45911 6.808690 78 2953 1958 109.282515 0.181825 0.109217 15187 
1184273426 13521 46120 6.821981 79 2961 1961 109.775608 0.181769 0.108957 15276 
1184373426 13556 46314 6.832989 79 2971 1960 110.196666 0.181753 0.109051 15362 
1184473426 13569 46448 6.846194 79 2959 1967 110.672415 0.180926 0.109281 15417 
1184573426 13598 46651 6.861450 79 2959 1964 111.212384 0.180908 0.109720 15502 
1184673426 13636 46844 6.870637 80 2970 1971 111.657378 0.180540 0.109728 15585 
1184773426 13683 47033 6.874662 80 2986 1971 111.940656 0.179793 0.109626 15640 
1184873426 13726 47263 6.886638 80 3000 1966 112.493079 0.179341 0.109759 15735 
1184973426 13772 47466 6.893116 80 3012 1971 112.841853 0.179345 0.109834 15806 
1185073426 13811 47618 6.895663 82 3028 1974 113.104482 0.179197 0.109902 15862 
1185173426 13840 47764 6.902312 82 3033 1978 113.412428 0.179198 0.110072 15921 
1185273426 13867 47906 6.909353 82 3040 1981 113.721209 0.179786 0.109704 15979 
1185373426 13906 48076 6.914425 82 3063 1981 113.998130 0.180091 0.109635 16048 
1185473426 13942 48266 6.923827 82 3068 1984 114.427916 0.180474 0.109896 16133 
1185573426 13986 48454 6.928929 82 3085 1995 114.757901 0.180187 0.109997 16211 
1185673426 14010 48580 6.935046 82 3087 2007 115.042684 0.179428 0.110138 16254 
1185773426 14051 48764 6.941001 82 3102 2009 115.399473 0.179292 0.110098 16322 
1185873426 14090 48960 6.949610 83 3120 2004 115.937402 0.178647 0.109903 16412 
1185973426 14118 49132 6.960193 83 3123 2007 116.315200 0.178610 0.110002 16476 
1186073426 14159 49333 6.968430 83 3128 2019 116.735363 0.179080 0.110142 16558 
1186173426 14208 49547 6.974521 83 3147 2026 117.138936 0.178779 0.109651 16639 
1186273426 14234 49698 6.982998 83 3149 2026 117.499930 0.178876 0.109662 16718 
1186373426 14272 49879 6.989770 83 3157 2040 117.887052 0.178719 0.109438 16786 
1186473426 14315 50120 7.002445 84 3162 2047 118.436605 0.178734 0.109886 16902 
1186573426 14348 50334 7.016170 85 3161 2059 118.990103 0.178041 0.110396 16998 
1186673426 14387 50583 7.031765 85 3159 2069 119.623966 0.178287 0.110971 17109 
1186773426 14425 50777 7.040139 85 3169 2061 119.988076 0.178501 0.110753 17179 
1186873426 14455 50919 7.045175 85 3176 2072 120.228710 0.178494 0.111050 17227 
1186973426 14478 51059 7.053322 85 3175 2079 120.585854 0.177810 0.111154 17287 
1187073426 14511 51236 7.061677 87 3184 2086 121.006271 0.177223 0.111694 17366 
1187173426 14547 51436 7.071699 87 3194 2088 121.464769 0.177086 0.111733 17452 
1187273426 14584 51600 7.076248 87 3204 2098 121.792101 0.176694 0.111895 17521 
1187373426 14615 51802 7.088881 87 3201 2101 122.305713 0.176904 0.112365 17616 
1187473426 14643 51981 7.099775 89 3201 2109 122.731544 0.176988 0.112879 17701 
1187573426 14669 52136 7.108324 89 3207 2108 123.112687 0.176749 0.112858 17756 
1187673426 14702 52373 7.124609 89 3192 2129 123.711332 0.176248 0.113147 17858 
1187773426 14744 52537 7.126560 89 3200 2142 123.959305 0.176833 0.113167 17923 
1187873426 14778 52694 7.131412 89 3216 2137 124.267695 0.177123 0.112612 17972 
1187973426 14824 52879 7.134242 90 3231 2142 124.487588 0.177022 0.112887 18040 
1188073426 14851 53058 7.145377 90 3231 2146 124.912800 0.177087 0.112614 18107 
1188173426 14876 53233 7.156897 90 3235 2142 125.380613 0.177035 0.112790 18182 
1188273426 14916 53463 7.168544 90 3233 2158 125.881067 0.177146 0.112718 18275 
1188373426 14953 53667 7.178091 90 3251 2147 126.420651 0.176753 0.112049 18369 
1188473426 14981 53846 7.188572 91 3264 2147 126.964956 0.176038 0.111872 18445 
1188573426 15010 54020 7.197868 91 3265 2153 127.384410 0.176101 0.111737 18514 
1188673426 15039 54173 7.204335 91 3277 2150 127.735355 0.175918 0.111845 18584 
1188773426 15070 54326 7.209821 91 3291 2154 128.054811 0.175880 0.111535 18638 
1188873426 15096 54462 7.215421 91 3299 2156 128.359698 0.175560 0.111445 18712 
1188973426 15135 54687 7.226561 91 3311 2155 128.916551 0.175421 0.111338 18808 
1189073426 15174 54898 7.235798 91 3320 2156 129.382892 0.175205 0.111134 18887 
1189173426 15207 55073 7.243112 91 3325 2172 129.822582 0.175059 0.111200 18956 
1189273426 15246 55233 7.245573 91 3336 2182 130.051555 0.175138 0.111405 19017 
1189373426 15273 55399 7.254501 91 3333 2194 130.475742 0.174954 0.111618 19101 
1189473426 15333 55628 7.255984 93 3354 2201 130.829192 0.173810 0.111440 19191 
1189573426 15376 55846 7.264048 93 3361 2203 131.265219 0.173525 0.111048 19280 
1189673426 15418 56013 7.265923 93 3378 2213 131.527954 0.173727 0.110845 19344 
1189773426 15441 56152 7.273104 93 3381 2219 131.857652 0.173869 0.110832 19396 
1189873426 15480 56321 7.276615 94 3394 2226 132.198708 0.173479 0.110976 19469 
1189973426 15510 56483 7.283430 94 3402 2228 132.511283 0.173532 0.111136 19541 
1190073426 15563 56697 7.286127 94 3422 2233 132.842640 0.173526 0.111029 19618 
1190173426 15612 56943 7.294773 95 3437 2242 133.314630 0.173556 0.110872 19718 
1190273426 15667 57184 7.299930 95 3445 2264 133.638731 0.173987 0.111122 19806 
1190373426 15714 57405 7.306224 95 3472 2254 134.120657 0.173997 0.110777 19908 
1190473426 15750 57574 7.310984 95 3481 2264 134.384508 0.174175 0.110679 19969 
1190573426 15795 57726 7.309402 95 3502 2277 134.534473 0.174026 0.110493 20028 
1190673426 15846 57909 7.308974 95 3526 2285 134.743153 0.174031 0.110349 20098 
1190773426 15914 58135 7.306146 96 3563 2280 134.927360 0.173956 0.110101 20173 
1190873426 15965 58393 7.315127 96 3570 2290 135.428500 0.173652 0.110350 20273 
1190973426 16013 58601 7.319178 96 3582 2294 135.676513 0.173846 0.110086 20349 
1191073426 16050 58731 7.318505 96 3599 2292 135.765857 0.174025 0.110217 20408 
1191173426 16092 58872 7.316928 96 3619 2296 135.872980 0.174490 0.110150 20457 
1191273426 16160 59099 7.314233 97 3653 2301 135.972525 0.174858 0.109689 20542 
1191373426 16211 59360 7.323422 97 3669 2302 136.534822 0.174506 0.109505 20649 
1191473426 16270 59588 7.324892 97 3690 2317 136.790412 0.174530 0.109249 20732 
1191573426 16322 59794 7.326798 97 3710 2324 137.069844 0.174853 0.108968 20806 
1191673426 16367 59948 7.325472 98 3729 2338 137.207674 0.174956 0.108974 20876 
1191773426 16400 60066 7.325122 98 3747 2342 137.284878 0.175168 0.108861 20920 
1191873426 16443 60279 7.331874 98 3760 2353 137.726206 0.174924 0.108670 21005 
1191973426 16499 60514 7.335475 98 3778 2369 138.058549 0.175105 0.108773 21101 
1192073426 16556 60719 7.334984 98 3799 2378 138.302730 0.174876 0.108790 21183 
1192173426 16607 60919 7.336545 99 3805 2407 138.555910 0.174271 0.109054 21262 
1192273426 16641 61047 7.336939 99 3823 2412 138.704285 0.174344 0.109143 21312 
1192373426 16670 61168 7.338692 99 3833 2420 138.880504 0.174006 0.108967 21361 
1192473426 16707 61348 7.343988 99 3836 2426 139.210151 0.174171 0.109039 21439 
1192573426 16758 61601 7.351832 100 3846 2435 139.734336 0.173611 0.109081 21552 
1192673426 16810 61836 7.357049 100 3858 2447 140.120048 0.173042 0.108937 21649 
1192773426 16874 62062 7.355932 100 3885 2460 140.360436 0.173059 0.109101 21748 
1192873426 16902 62194 7.359366 100 3897 2457 140.603952 0.172858 0.109121 21806 
1192973426 16920 62277 7.361348 100 3900 2467 140.760638 0.172730 0.109161 21845 
1193073426 16949 62425 7.366216 100 3909 2472 141.072394 0.172524 0.109126 21887 
1193173426 16990 62665 7.376692 100 3906 2488 141.546910 0.172546 0.109781 21982 
1193273426 17044 62892 7.379958 100 3920 2494 141.802042 0.172564 0.109880 22076 
1193373426 17101 63101 7.379802 101 3952 2496 142.046430 0.172684 0.109624 22165 
1193473426 17124 63240 7.386125 101 3963 2484 142.348400 0.172720 0.109648 22227 
1193573426 17146 63325 7.386562 101 3964 2494 142.442552 0.172767 0.109648 22254 
1193673426 17174 63434 7.387213 101 3978 2496 142.605683 0.172454 0.109493 22292 
1193773426 17221 63647 7.391789 101 3986 2506 142.920736 0.172439 0.109050 22365 
1193873426 17264 63829 7.394462 103 4008 2500 143.256256 0.171775 0.109077 22440 
1193973426 17302 64026 7.400994 103 4015 2505 143.643047 0.172000 0.108796 22513 
1194073426 17340 64183 7.402884 103 4026 2507 143.761938 0.172467 0.108605 22568 
1194173426 17360 64308 7.408756 103 4031 2504 144.044816 0.172340 0.108522 22628 
1194273426 17394 64444 7.409911 103 4040 2515 144.232839 0.172347 0.108702 22673 
1194373426 17446 64652 7.411670 103 4062 2520 144.554855 0.171587 0.108713 22752 
1194473426 17482 64854 7.419517 103 4068 2523 144.969569 0.171929 0.108957 22852 
1194573426 17528 65086 7.426518 104 4076 2527 145.437471 0.172233 0.108698 22945 
1194673426 17576 65273 7.427515 104 4099 2536 145.662494 0.172183 0.108672 23027 
1194773426 17604 65401 7.430243 104 4114 2529 145.892979 0.171607 0.108436 23073 
1194873426 17636 65535 7.431957 104 4130 2532 146.100023 0.171782 0.108282 23131 
1194973426 17687 65767 7.436761 105 4150 2540 146.500481 0.171489 0.108027 23236 
1195073426 17734 65976 7.440623 106 4171 2535 146.817751 0.170945 0.107715 23302 
1195173426 17779 66179 7.444626 108 4185 2536 147.118286 0.170597 0.107581 23377 
1195273426 17826 66348 7.443958 108 4201 2542 147.256928 0.170625 0.107557 23440 
1195373426 17848 66480 7.449574 108 4203 2540 147.515912 0.170792 0.107746 23507 
1195473426 17879 66617 7.451983 108 4212 2547 147.714525 0.170559 0.107620 23556 
1195573426 17919 66825 7.458564 108 4225 2549 148.129248 0.170100 0.107603 23648 
1195673426 17955 66996 7.462657 108 4236 2556 148.392091 0.170301 0.107421 23723 
1195773426 17980 67120 7.466073 108 4247 2553 148.706785 0.170069 0.107212 23774 
1195873426 18006 67225 7.466955 108 4259 2557 148.866045 0.170188 0.107005 23822 
1195973426 18030 67358 7.471769 108 4261 2563 149.164282 0.170077 0.107005 23882 
1196073426 18050 67512 7.480554 110 4253 2578 149.576066 0.169891 0.107158 23951 
1196173426 18096 67706 7.482980 110 4271 2585 149.916556 0.169717 0.107124 24026 
1196273426 18139 67902 7.486852 110 4278 2594 150.252495 0.169544 0.106899 24103 
1196373426 18181 68092 7.490457 111 4287 2608 150.619218 0.169248 0.106813 24172 
1196473426 18214 68274 7.496871 111 4289 2619 150.987263 0.169265 0.106846 24254 
1196573426 18239 68399 7.500302 111 4290 2625 151.194144 0.169237 0.106898 24300 
1196673426 18272 68529 7.500985 111 4294 2640 151.343695 0.169348 0.107183 24344 
1196773426 18295 68702 7.510467 111 4298 2641 151.776660 0.169242 0.107268 24427 
1196873426 18325 68891 7.518799 111 4288 2662 152.229413 0.168652 0.107708 24505 
1196973426 18363 69059 7.521538 111 4298 2670 152.528018 0.168698 0.107853 24571 
1197073426 18402 69267 7.528203 112 4296 2693 152.935659 0.168712 0.107953 24655 
1197173426 18427 69409 7.533402 112 4300 2694 153.200521 0.168663 0.108029 24714 
1197273426 18464 69542 7.532712 112 4325 2693 153.370992 0.168584 0.107815 24770 
1197373426 18499 69682 7.533596 112 4334 2701 153.534786 0.168326 0.107870 24820 
1197473426 18536 69863 7.538088 112 4337 2719 153.876565 0.168345 0.107880 24894 
1197573426 18574 70032 7.540864 112 4356 2715 154.103370 0.168275 0.107894 24966 
1197673426 18614 70192 7.541850 112 4364 2726 154.264640 0.168430 0.108030 25026 
1197773426 18640 70302 7.543133 112 4374 2735 154.406652 0.168506 0.108239 25085 
1197873426 18673 70447 7.545333 112 4385 2745 154.617790 0.168536 0.107967 25135 
1197973426 18697 70556 7.547307 112 4392 2745 154.797989 0.168528 0.107838 25175 
1198073426 18741 70705 7.545489 112 4409 2757 154.889067 0.168918 0.108037 25228 
1198173426 18790 70865 7.542842 112 4443 2750 155.031293 0.168693 0.107591 25288 
1198273426 18825 71022 7.545498 112 4448 2761 155.221461 0.168913 0.108055 25354 
1198373426 18852 71141 7.547316 112 4458 2761 155.391258 0.169080 0.108212 25406 
1198473426 18873 71235 7.548879 112 4464 2767 155.539236 0.169079 0.108290 25451 
1198573426 18892 71349 7.553356 113 4470 2770 155.809761 0.168936 0.108188 25500 
1198673426 18899 71412 7.557225 113 4464 2776 155.975660 0.168948 0.108272 25531 
1198773426 18923 71513 7.558315 113 4471 2784 156.110976 0.169264 0.108271 25565 
1198873426 18948 71666 7.564492 113 4467 2784 156.368799 0.169236 0.108401 25622 
1198973426 18971 71822 7.571767 113 4465 2788 156.715829 0.168791 0.108100 25679 
1199073426 19008 71956 7.571128 113 4478 2795 156.836279 0.168816 0.108054 25731 
1199173426 19033 72083 7.574528 113 4481 2810 157.104082 0.168715 0.108136 25780 
1199273426 19060 72219 7.578069 113 4483 2821 157.310913 0.168669 0.107930 25817 
1199373426 19093 72336 7.577227 113 4493 2823 157.419054 0.168908 0.107727 25868 
1199473426 19121 72471 7.580252 113 4506 2827 157.632969 0.168710 0.107735 25923 
1199573426 19150 72585 7.580679 113 4518 2837 157.800000 0.168919 0.107702 25986 
1199673426 19188 72694 7.577027 113 4538 2841 157.867313 0.168839 0.107543 26025 
1199773426 19215 72832 7.580744 113 4543 2847 158.099506 0.168627 0.107469 26083 
1199873426 19238 72950 7.583948 113 4552 2849 158.316353 0.168451 0.107409 26124 
1199973426 19263 73074 7.586980 114 4560 2854 158.504283 0.168196 0.107493 26174 
1200073426 19305 73210 7.584564 114 4581 2863 158.613105 0.168196 0.107204 26219 
1200173426 19337 73348 7.586285 114 4594 2861 158.828877 0.167675 0.107109 26272 
1200273426 19364 73456 7.586862 114 4602 2862 158.935447 0.167590 0.107278 26318 
1200373426 19401 73619 7.589196 114 4611 2869 159.198804 0.167460 0.107319 26387 
1200473426 19441 73776 7.589733 115 4628 2861 159.414536 0.167736 0.107478 26449 
1200573426 19478 73920 7.590102 115 4643 2867 159.577369 0.168050 0.107640 26511 
1200673426 19513 74075 7.592374 115 4653 2874 159.836109 0.167748 0.107724 26580 
1200773426 19539 74185 7.593531 116 4663 2872 159.997646 0.167371 0.107825 26617 
1200873426 19557 74300 7.598302 116 4664 2875 160.216904 0.167402 0.107787 26670 
1200973426 19593 74457 7.600367 116 4682 2869 160.412188 0.167332 0.107761 26724 
1201073426 19642 74630 7.599023 116 4703 2877 160.545566 0.167237 0.107604 26785 
1201173426 19682 74780 7.598821 117 4718 2891 160.751753 0.166850 0.107739 26842 
1201273426 19721 74942 7.600223 117 4743 2887 160.986765 0.166872 0.107664 26911 
1201373426 19777 75192 7.603984 117 4751 2899 161.342064 0.167005 0.107689 27018 
1201473426 19809 75346 7.607249 117 4747 2916 161.576556 0.167201 0.107578 27085 
1201573426 19863 75564 7.608518 117 4772 2913 161.782712 0.167408 0.107179 27166 
1201673426 19911 75797 7.613580 118 4771 2934 162.166441 0.167826 0.107293 27265 
1201773426 19955 75949 7.612027 118 4790 2942 162.281934 0.167764 0.107321 27336 
1201873426 19989 76087 7.612887 118 4800 2950 162.401321 0.167867 0.107295 27380 
1201973426 20017 76208 7.614328 118 4802 2960 162.538742 0.167885 0.107265 27425 
1202073426 20044 76301 7.613351 118 4816 2961 162.608561 0.168003 0.107163 27471 
1202173426 20074 76427 7.614526 118 4826 2964 162.796055 0.168074 0.106967 27518 
1202273426 20090 76507 7.616426 118 4827 2966 162.948034 0.168080 0.106914 27555 
1202373426 20130 76662 7.616692 118 4835 2984 163.126776 0.168113 0.106819 27624 
1202473426 20180 76825 7.613974 118 4859 2991 163.212389 0.168133 0.106688 27674 
1202573426 20216 77030 7.620696 118 4863 2997 163.565987 0.168067 0.106574 27750 
1202673426 20247 77156 7.621475 118 4880 2995 163.735566 0.167959 0.106518 27801 
1202773426 20287 77364 7.626953 119 4895 2995 164.064278 0.168013 0.106341 27894 
1202873426 20331 77588 7.632482 119 4914 2987 164.457134 0.168047 0.106348 27993 
1202973426 20377 77815 7.637533 120 4919 2997 164.789027 0.167833 0.106336 28070 
1203073426 20411 77984 7.641370 120 4920 3006 165.015923 0.167884 0.106192 28137 
1203173426 20448 78106 7.639476 120 4940 3015 165.072966 0.167809 0.106104 28180 
1203273426 20473 78236 7.642847 121 4947 3019 165.301421 0.167720 0.106166 28231 
1203373426 20509 78435 7.648837 121 4944 3041 165.644254 0.167759 0.106270 28306 
1203473426 20554 78648 7.652817 121 4958 3053 166.030554 0.167929 0.106428 28400 
1203573426 20598 78843 7.655403 121 4965 3066 166.283134 0.167854 0.106300 28492 
1203673426 20625 78987 7.659345 122 4965 3076 166.597333 0.167536 0.106500 28553 
1203773426 20660 79128 7.660019 122 4976 3083 166.808809 0.167045 0.106411 28607 
1203873426 20679 79233 7.663137 122 4979 3083 166.988926 0.166863 0.106320 28657 
1203973426 20729 79405 7.661248 122 4992 3099 167.080708 0.167016 0.106502 28730 
1204073426 20775 79615 7.664501 122 4997 3117 167.415644 0.167017 0.106359 28815 
1204173426 20833 79844 7.665147 122 5012 3131 167.653722 0.166658 0.106485 28902 
1204273426 20886 80036 7.664081 122 5032 3141 167.828785 0.166558 0.106784 28973 
1204373426 20915 80157 7.665025 122 5043 3135 167.950562 0.166752 0.106461 29006 
1204473426 20945 80324 7.669993 122 5038 3156 168.244736 0.166938 0.106438 29074 
1204573426 20975 80483 7.674184 122 5040 3170 168.538451 0.167478 0.106715 29142 
1204673426 21044 80760 7.675347 122 5066 3174 168.786923 0.167300 0.106506 29240 
1204773426 21098 80977 7.676273 122 5078 3197 168.953645 0.167607 0.106769 29308 
1204873426 21150 81185 7.677069 122 5105 3200 169.198014 0.167687 0.106717 29388 
1204973426 21189 81355 7.678984 122 5110 3218 169.427344 0.167575 0.106778 29455 
1205073426 21230 81490 7.676872 122 5121 3234 169.491003 0.167556 0.106743 29509 
1205173426 21276 81671 7.677289 122 5136 3247 169.691953 0.167507 0.106812 29583 
1205273426 21331 81881 7.677183 122 5155 3255 169.848015 0.167508 0.106993 29664 
1205373426 21381 82087 7.678500 122 5167 3270 170.051541 0.167614 0.107214 29744 
1205473426 21420 82269 7.681513 122 5179 3272 170.310644 0.167699 0.107175 29821 
1205573426 21454 82392 7.680805 122 5185 3288 170.397688 0.167693 0.107331 29870 
1205673426 21470 82470 7.682347 122 5193 3285 170.523055 0.167710 0.107471 29902 
1205773426 21510 82627 7.682659 123 5203 3303 170.684705 0.167486 0.107322 29961 
1205873426 21582 82862 7.678806 124 5233 3312 170.782133 0.167596 0.107120 30042 
1205973426 21613 83043 7.684542 125 5233 3326 171.189377 0.167008 0.106939 30121 
1206073426 21655 83230 7.686908 125 5243 3331 171.389887 0.167284 0.106943 30192 
1206173426 21685 83378 7.689924 125 5248 3338 171.635508 0.167349 0.106938 30258 
1206273426 21712 83505 7.692060 125 5255 3348 171.858327 0.167262 0.106783 30310 
1206373426 21737 83626 7.694346 125 5256 3352 172.039656 0.167011 0.107093 30351 
1206473426 21794 83837 7.693585 125 5276 3371 172.236946 0.166955 0.106991 30441 
1206573426 21833 84027 7.697247 126 5283 3373 172.534787 0.166893 0.107200 30523 
1206673426 21881 84293 7.704675 127 5287 3384 173.033865 0.167001 0.107392 30637 
1206773426 21925 84501 7.708187 129 5292 3399 173.309647 0.166885 0.107441 30735 
1206873426 21969 84660 7.707224 129 5308 3409 173.462151 0.166971 0.107508 30800 
1206973426 22008 84868 7.712468 129 5311 3423 173.857325 0.166818 0.107685 30887 
1207073426 22058 85097 7.715749 129 5309 3450 174.146160 0.167039 0.107577 30979 
1207173426 22132 85375 7.715073 130 5334 3466 174.372221 0.167099 0.107469 31081 
1207273426 22187 85649 7.720647 130 5351 3465 174.812908 0.167111 0.107250 31203 
1207373426 22242 85877 7.722057 130 5371 3472 175.070587 0.167004 0.106830 31284 
1207473426 22288 86024 7.719311 130 5390 3478 175.087581 0.167170 0.106606 31334 
1207573426 22328 86226 7.723576 130 5403 3479 175.412755 0.167472 0.106659 31424 
1207673426 22371 86450 7.728756 130 5417 3469 175.790085 0.167623 0.106546 31520 
1207773426 22425 86683 7.730925 130 5429 3480 176.049855 0.168060 0.106424 31615 
1207873426 22482 86930 7.733298 130 5449 3478 176.386620 0.167760 0.106340 31710 
1207973426 22533 87146 7.734966 130 5472 3486 176.636222 0.167965 0.106323 31804 
1208073426 22555 87260 7.737530 130 5474 3488 176.807094 0.167921 0.106186 31845 
1208173426 22590 87411 7.738911 130 5485 3490 176.981319 0.168060 0.106161 31900 
1208273426 22650 87639 7.738543 130 5507 3486 177.165210 0.168105 0.106021 31974 
1208373426 22693 87896 7.746530 130 5507 3494 177.644472 0.168464 0.105961 32087 
1208473426 22745 88167 7.752649 131 5511 3518 178.076676 0.168613 0.105778 32190 
1208573426 22802 88421 7.755548 131 5535 3526 178.418647 0.168450 0.105687 32288 
1208673426 22828 88538 7.756965 131 5539 3534 178.551603 0.168624 0.105682 32337 
1208773426 22858 88699 7.760871 131 5546 3544 178.839006 0.168749 0.105772 32402 
1208873426 22903 88917 7.764660 131 5554 3552 179.117146 0.168647 0.105682 32477 
1208973426 22956 89152 7.767207 132 5564 3563 179.420979 0.168501 0.105587 32556 
1209073426 23014 89406 7.769705 132 5586 3569 179.787955 0.168643 0.105547 32667 
1209173426 23061 89570 7.768093 132 5603 3576 179.888123 0.168476 0.105597 32724 
1209273426 23090 89711 7.770550 132 5606 3584 180.034041 0.168588 0.105478 32779 
1209373426 23134 89866 7.769171 132 5629 3588 180.119305 0.168595 0.105502 32840 
1209473426 23192 90081 7.768282 132 5661 3581 180.272249 0.168652 0.105462 32931 
1209573426 23255 90309 7.766846 132 5687 3590 180.468974 0.168833 0.105570 33019 
1209673426 23310 90565 7.770485 132 5702 3596 180.832604 0.168946 0.105196 33130 
1209773426 23358 90808 7.775323 132 5703 3612 181.152068 0.168997 0.105393 33214 
1209873426 23383 90990 7.782577 132 5694 3619 181.502031 0.168995 0.105688 33291 
1209973426 23427 91184 7.784522 132 5702 3638 181.744312 0.169005 0.105633 33366 
1210073426 23476 91411 7.787613 132 5703 3659 182.038252 0.169298 0.105753 33467 
1210173426 23532 91623 7.787098 132 5722 3673 182.213412 0.169266 0.105834 33548 
1210273426 23579 91853 7.791085 132 5730 3684 182.562450 0.169276 0.105660 33621 
1210373426 23627 92054 7.792272 132 5752 3681 182.798663 0.169391 0.105428 33704 
1210473426 23672 92229 7.792244 132 5767 3687 182.910781 0.169474 0.105299 33761 
1210573426 23716 92417 7.793641 134 5780 3697 183.206190 0.169101 0.105613 33849 
1210673426 23759 92600 7.794941 134 5787 3697 183.414790 0.169265 0.105429 33925 
1210773426 23812 92817 7.795817 134 5811 3694 183.624307 0.169455 0.105220 34010 
1210873426 23865 93067 7.799455 134 5815 3710 183.925665 0.169292 0.105132 34115 
1210973426 23911 93271 7.801514 134 5831 3714 184.205679 0.169245 0.105083 34186 
1211073426 23960 93431 7.798915 134 5860 3709 184.285225 0.169160 0.104908 34243 
1211173426 23999 93605 7.800742 134 5875 3712 184.522522 0.169116 0.104789 34313 
1211273426 24057 93825 7.800224 134 5903 3711 184.652201 0.169297 0.104889 34386 
1211373426 24104 94039 7.802771 134 5914 3721 184.953452 0.168949 0.105062 34473 
1211473426 24153 94259 7.805159 135 5931 3733 185.240591 0.168813 0.105010 34577 
1211573426 24210 94488 7.805700 135 5951 3739 185.457745 0.168670 0.105030 34665 
1211673426 24241 94663 7.810156 135 5948 3754 185.773277 0.168527 0.105130 34742 
1211773426 24274 94807 7.811403 135 5960 3760 185.958804 0.168496 0.105012 34801 
1211873426 24315 94980 7.812461 135 5971 3762 186.150936 0.168286 0.104971 34863 
1211973426 24366 95172 7.811869 135 5984 3774 186.283099 0.168287 0.104965 34927 
1212073426 24415 95397 7.814622 135 5987 3792 186.483309 0.168207 0.104877 35018 
1212173426 24468 95660 7.819192 135 5992 3815 186.850662 0.168206 0.104855 35138 
1212273426 24520 95823 7.815905 135 6016 3822 186.907015 0.168484 0.105093 35210 
1212373426 24557 95969 7.816020 135 6030 3829 187.050780 0.168629 0.104984 35265 
1212473426 24615 96216 7.817672 135 6048 3832 187.356977 0.168438 0.104869 35370 
1212573426 24668 96438 7.818875 135 6063 3841 187.602319 0.168265 0.104702 35455 
1212673426 24726 96634 7.816388 135 6094 3839 187.700235 0.168291 0.104688 35533 
1212773426 24792 96875 7.815021 136 6114 3850 187.888270 0.168359 0.104706 35630 
1212873426 24844 97083 7.815408 136 6135 3850 188.099662 0.168252 0.104432 35701 
1212973426 24899 97257 7.812121 136 6159 3859 188.135748 0.168196 0.104348 35763 
1213073426 24964 97472 7.809005 136 6185 3872 188.275357 0.168133 0.104220 35843 
1213173426 25020 97684 7.808473 136 6202 3888 188.500080 0.167893 0.104215 35920 
1213273426 25073 97900 7.809197 136 6225 3896 188.732900 0.167787 0.104121 36013 
1213373426 25127 98115 7.809528 136 6239 3913 188.870936 0.168018 0.104144 36092 
1213473426 25165 98274 7.810372 136 6251 3922 189.020465 0.168143 0.104076 36161 
1213573426 25211 98446 7.809766 136 6271 3922 189.141883 0.168038 0.103857 36214 
1213673426 25280 98707 7.809098 136 6299 3922 189.300316 0.167995 0.104114 36303 
1213773426 25330 98961 7.813739 136 6306 3921 189.675957 0.167760 0.103903 36407 
1213873426 25368 99154 7.817250 136 6313 3926 189.966572 0.167810 0.103852 36493 
1213973426 25434 99381 7.814815 137 6341 3937 190.092160 0.167773 0.103841 36565 
1214073426 25486 99565 7.813309 137 6361 3936 190.173429 0.167932 0.103602 36631 
1214173426 25529 99747 7.814407 137 6379 3929 190.357084 0.168082 0.103580 36708 
1214273426 25607 100027 7.812473 137 6422 3927 190.583981 0.168168 0.103302 36819 
1214373426 25679 100301 7.811909 138 6445 3947 190.825811 0.168341 0.103307 36932 
1214473426 25736 100535 7.812791 138 6467 3951 191.054399 0.168620 0.103239 37033 
1214573426 25816 100779 7.807484 139 6494 3970 191.065851 0.168553 0.103431 37123 
1214673426 25890 101002 7.802395 139 6526 3995 191.103283 0.168598 0.103502 37197 
1214773426 25939 101214 7.804002 140 6546 3997 191.308300 0.168748 0.103352 37273 
1214873426 26015 101489 7.802345 140 6576 4008 191.411493 0.168916 0.103272 37367 
1214973426 26087 101778 7.802967 140 6596 4017 191.673937 0.169279 0.103479 37497 
1215073426 26141 102061 7.808500 140 6608 4027 192.057611 0.169189 0.103518 37615 
1215173426 26203 102250 7.804450 140 6641 4020 192.089303 0.169181 0.103701 37694 
1215273426 26235 102383 7.805070 140 6647 4031 192.193406 0.169275 0.103733 37747 
1215373426 26276 102563 7.806592 140 6666 4031 192.394657 0.169108 0.103695 37818 
1215473426 26349 102821 7.804547 142 6698 4046 192.603590 0.169289 0.103357 37909 
1215573426 26439 103129 7.801278 143 6739 4058 192.767049 0.169097 0.103168 38015 
1215673426 26525 103420 7.797926 143 6772 4076 192.945674 0.169019 0.103193 38137 
1215773426 26589 103654 7.796758 143 6795 4087 193.133251 0.168849 0.103279 38231 
1215873426 26630 103845 7.799099 143 6811 4092 193.355989 0.168825 0.103322 38318 
1215973426 26674 104048 7.801455 143 6817 4106 193.589638 0.168859 0.103539 38409 
1216073426 26736 104298 7.802065 143 6833 4127 193.791293 0.168913 0.103513 38504 
1216173426 26823 104647 7.802781 143 6854 4161 194.076054 0.169080 0.103359 38632 
1216273426 26898 104929 7.801993 143 6883 4169 194.306863 0.169023 0.102942 38756 
1216373426 26969 105169 7.799251 143 6912 4179 194.444955 0.168820 0.103031 38838 
1216473426 27008 105369 7.802799 143 6923 4185 194.739040 0.168750 0.102937 38919 
1216573426 27057 105571 7.803600 143 6935 4200 194.922423 0.168754 0.103154 38991 
1216673426 27151 105873 7.798829 143 6978 4223 194.994733 0.169016 0.103353 39105 
1216773426 27253 106211 7.794445 143 7016 4245 195.110557 0.169168 0.103090 39219 
1216873426 27368 106553 7.786685 143 7058 4274 195.158287 0.169365 0.103329 39350 
1216973426 27456 106837 7.782416 144 7100 4276 195.311553 0.169333 0.103289 39477 
1217073426 27521 107068 7.780822 144 7119 4288 195.454671 0.169162 0.103171 39552 
1217173426 27590 107292 7.777601 145 7149 4295 195.551287 0.168953 0.103010 39628 
1217273426 27673 107586 7.775521 145 7177 4313 195.750009 0.169019 0.102685 39731 
1217373426 27772 107929 7.772505 145 7217 4327 195.911134 0.169086 0.102324 39833 
1217473426 27872 108280 7.769805 145 7266 4327 196.107850 0.169201 0.102010 39957 
1217573426 27950 108619 7.772379 146 7284 4350 196.494669 0.169240 0.102243 40102 
1217673426 28030 108891 7.769604 146 7312 4368 196.633250 0.169387 0.102483 40200 
1217773426 28093 109121 7.768554 146 7345 4365 196.775496 0.169319 0.102277 40277 
1217873426 28185 109454 7.766826 147 7387 4365 197.025155 0.169652 0.101755 40416 
1217973426 28303 109845 7.762075 147 7444 4373 197.178674 0.169798 0.101637 40570 
1218073426 28426 110249 7.756913 147 7502 4385 197.310631 0.169630 0.101613 40708 
1218173426 28539 110627 7.752689 147 7563 4383 197.499212 0.169569 0.101097 40833 
1218273426 28592 110888 7.756575 147 7566 4400 197.866536 0.169378 0.101411 40957 
1218373426 28655 111080 7.752923 147 7591 4406 197.901658 0.169299 0.101277 41035 
1218473426 28738 111365 7.750365 149 7634 4407 198.064444 0.169463 0.101013 41139 
1218573426 28852 111725 7.744697 149 7673 4422 198.067032 0.169875 0.100894 41253 
1218673426 28951 112090 7.743429 150 7706 4443 198.226866 0.170199 0.100972 41382 
1218773426 29046 112466 7.743992 150 7735 4462 198.506920 0.170169 0.100951 41527 
1218873426 29138 112765 7.740065 150 7760 4494 198.539776 0.170153 0.100851 41648 
1218973426 29228 113023 7.733885 150 7790 4521 198.487957 0.170238 0.100725 41732 
1219073426 29306 113378 7.737528 151 7817 4520 198.891217 0.170248 0.100683 41887 
1219173426 29435 113821 7.733718 151 7872 4541 199.132393 0.169959 0.100440 42043 
1219273426 29546 114218 7.731537 151 7907 4560 199.320314 0.170341 0.100383 42200 
1219373426 29657 114617 7.729507 152 7959 4569 199.548370 0.170764 0.100380 42360 
1219473426 29758 114972 7.727132 154 7996 4586 199.758653 0.170726 0.100094 42496 
1219573426 29836 115245 7.725231 154 8016 4601 199.843746 0.171061 0.100277 42601 
1219673426 29934 115579 7.722256 154 8049 4626 199.984432 0.171161 0.100209 42718 
1219773426 30072 116020 7.716148 154 8109 4649 200.131085 0.171230 0.100020 42871 
1219873426 30180 116467 7.718158 155 8142 4662 200.464016 0.171209 0.100004 43046 
1219973426 30277 116863 7.719589 155 8152 4695 200.747432 0.171108 0.100286 43178 
1220073426 30383 117180 7.713524 155 8198 4715 200.790113 0.171197 0.100180 43302 
1220173426 30432 117406 7.715957 156 8215 4713 201.037461 0.171196 0.100238 43399 
1220273426 30480 117645 7.719488 156 8210 4738 201.326444 0.171108 0.100410 43502 
1220373426 30532 117889 7.722324 156 8223 4747 201.554762 0.171307 0.100401 43594 
1220473426 30579 118136 7.726610 156 8244 4740 201.914255 0.171303 0.100308 43684 
1220573426 30616 118394 7.734126 156 8236 4750 202.348315 0.171238 0.100345 43799 
1220673426 30692 118667 7.732764 157 8271 4756 202.536883 0.171089 0.100105 43910 
1220773426 30762 118983 7.735713 158 8283 4773 202.895065 0.171001 0.100295 44050 
1220873426 30833 119240 7.734570 158 8313 4772 203.057568 0.170856 0.100136 44139 
1220973426 30928 119702 7.740688 158 8323 4794 203.694452 0.170906 0.100293 44349 
1221073426 31051 120077 7.734179 158 8379 4816 203.771086 0.170832 0.099768 44473 
1221173426 31159 120462 7.732084 159 8407 4835 203.995186 0.170832 0.100268 44623 
1221273426 31277 120846 7.727467 160 8456 4858 204.173098 0.170694 0.100055 44764 
1221373426 31363 121193 7.728406 160 8479 4882 204.494851 0.170696 0.100160 44892 
1221473426 31433 121494 7.730347 160 8495 4909 204.776127 0.170966 0.100205 45042 
1221573426 31528 121869 7.730842 160 8528 4926 205.082086 0.170876 0.100113 45189 
1221673426 31695 122438 7.726014 161 8577 4976 205.293769 0.170759 0.099954 45402 
1221773426 31814 122915 7.727101 161 8594 5012 205.552901 0.170963 0.100266 45580 
1221873426 31929 123320 7.724639 161 8638 5029 205.765981 0.170971 0.100546 45732 
1221973426 32034 123677 7.721608 161 8677 5050 205.901043 0.171385 0.100404 45834 
1222073426 32119 124018 7.722407 162 8695 5068 206.176656 0.171371 0.100755 45971 
1222173426 32225 124431 7.722638 162 8721 5096 206.458029 0.171561 0.100977 46145 
1222273426 32352 124846 7.717977 162 8783 5097 206.622774 0.171526 0.100714 46301 
1222373426 32467 125284 7.717621 163 8831 5111 206.981119 0.171481 0.100480 46471 
1222473426 32579 125678 7.715277 164 8871 5144 207.163572 0.171545 0.100809 46615 
1222573426 32659 125946 7.712790 164 8902 5156 207.305980 0.171324 0.100907 46727 
1222673426 32765 126305 7.709751 165 8956 5171 207.484755 0.171005 0.100776 46871 
1222773426 32857 126749 7.715190 166 8955 5223 208.065800 0.170784 0.100798 47064 
1222873426 32979 127182 7.712908 166 8997 5247 208.303345 0.171009 0.100860 47227 
1222973426 33085 127693 7.719087 167 9011 5265 208.821883 0.170952 0.100804 47447 
1223073426 33205 128194 7.721367 168 9049 5287 209.202590 0.171244 0.100542 47648 
1223173426 33282 128554 7.725137 168 9067 5309 209.630671 0.171233 0.100560 47810 
1223273426 33367 128887 7.725417 168 9084 5330 209.909551 0.171251 0.100427 47949 
1223373426 33470 129303 7.726501 168 9103 5364 210.193726 0.171526 0.100559 48092 
1223473426 33600 129803 7.726369 169 9137 5408 210.509286 0.171573 0.100503 48288 
1223573426 33747 130243 7.718790 169 9198 5431 210.484488 0.171924 0.100356 48441 
1223673426 33870 130766 7.721642 169 9216 5459 210.923944 0.172134 0.100652 48656 
1223773426 33966 131107 7.719896 170 9251 5474 211.136136 0.172109 0.100572 48785 
1223873426 34055 131529 7.724504 170 9259 5499 211.585788 0.172073 0.100609 48951 
1223973426 34185 132101 7.728594 170 9280 5533 212.115021 0.171963 0.100694 49169 
1224073426 34292 132512 7.728450 171 9288 5577 212.361484 0.171697 0.100780 49313 
1224173426 34417 133017 7.729727 171 9312 5610 212.787518 0.171704 0.100934 49517 
1224273426 34569 133614 7.730279 171 9377 5606 213.153288 0.171893 0.100389 49742 
1224373426 34660 133921 7.727698 172 9425 5613 213.330698 0.171691 0.100439 49851 
1224473426 34754 134299 7.728549 172 9456 5629 213.627841 0.171799 0.100501 50000 
1224573426 34906 134893 7.728929 172 9480 5674 214.016960 0.172125 0.100924 50236 
1224673426 35031 135360 7.728012 172 9512 5703 214.227170 0.172526 0.100972 50408 
1224773426 35171 135926 7.729436 173 9549 5728 214.623411 0.172872 0.101128 50648 
1224873426 35306 136479 7.731207 173 9592 5757 215.010027 0.172993 0.100750 50850 
1224973426 35389 136837 7.733307 174 9615 5775 215.308373 0.173101 0.100686 51000 
1225073426 35476 137159 7.732495 174 9639 5790 215.443286 0.173255 0.100604 51113 
1225173426 35618 137713 7.732776 178 9674 5828 215.854624 0.172964 0.100635 51310 
1225273426 35741 138142 7.730170 178 9731 5831 216.055510 0.172945 0.100413 51464 
1225373426 35845 138580 7.732180 178 9759 5859 216.506012 0.172838 0.100546 51638 
1225473426 35996 139109 7.729137 179 9813 5911 216.755917 0.172850 0.100234 51832 
1225573426 36076 139458 7.731345 179 9819 5931 217.051724 0.172817 0.100208 51951 
1225673426 36153 139785 7.732968 179 9832 5950 217.384062 0.172712 0.100147 52078 
1225773426 36307 140380 7.732944 179 9882 5974 217.852260 0.172780 0.100206 52342 
1225873426 36427 140826 7.731957 179 9928 5991 218.118044 0.172696 0.100109 52495 
1225973426 36549 141290 7.731538 179 9959 6020 218.358642 0.172932 0.100210 52678 
1226073426 36701 141850 7.730035 181 10002 6048 218.647939 0.172618 0.099964 52885 
1226173426 36814 142327 7.732221 182 10032 6069 219.008964 0.172369 0.100110 53065 
1226273426 36907 142783 7.737448 183 10054 6082 219.482862 0.172138 0.099855 53241 
1226373426 37058 143514 7.745372 183 10077 6086 220.104323 0.172374 0.100006 53527 
1226473426 37242 144206 7.744267 183 10133 6122 220.492723 0.172094 0.100154 53785 
1226573426 37404 144774 7.741097 183 10195 6155 220.766014 0.172144 0.100142 54009 
1226673426 37596 145431 7.736515 183 10246 6216 220.996383 0.172075 0.100064 54254 
1226773426 37719 146002 7.741563 184 10272 6246 221.615737 0.171993 0.100078 54505 
1226873426 37825 146482 7.745248 184 10279 6283 222.035426 0.172225 0.100526 54699 
1226973426 37987 147161 7.747966 184 10302 6319 222.507753 0.172263 0.100739 54934 
1227073426 38170 147827 7.745717 184 10381 6342 222.907729 0.172315 0.100525 55193 
1227173426 38309 148401 7.747579 184 10421 6363 223.354773 0.172041 0.100580 55417 
1227273426 38465 148986 7.746575 184 10469 6394 223.698531 0.171959 0.100231 55637 
1227373426 38603 149468 7.743854 184 10530 6408 223.944046 0.171921 0.100099 55813 
1227473426 38708 149923 7.746357 185 10545 6423 224.321122 0.171942 0.099861 55975 
1227573426 38868 150538 7.746115 185 10602 6438 224.706391 0.171917 0.099687 56213 
1227673426 39046 151229 7.746197 186 10648 6477 225.117041 0.171746 0.099634 56470 
1227773426 39167 151741 7.748411 186 10666 6509 225.508311 0.171760 0.099617 56676 
1227873426 39273 152139 7.747766 186 10690 6537 225.684822 0.171935 0.099535 56823 
1227973426 39382 152553 7.747347 187 10721 6552 225.975166 0.171781 0.099728 56990 
1228073426 39521 153047 7.745098 188 10760 6584 226.171099 0.171940 0.099846 57188 
1228173426 39662 153673 7.749130 188 10783 6601 226.618980 0.172099 0.100044 57445 
1228273426 39851 154410 7.749366 189 10807 6667 227.033951 0.172338 0.100288 57739 
1228373426 40002 155157 7.757462 189 10831 6701 227.795410 0.172235 0.100199 58026 
1228473426 40175 155812 7.756665 189 10887 6721 228.209135 0.172065 0.100374 58295 
1228573426 40291 156362 7.761634 191 10910 6738 228.757489 0.172046 0.100486 58556 
1228673426 40406 156891 7.765728 191 10921 6760 229.143741 0.172188 0.100526 58752 
1228773426 40562 157583 7.769982 191 10951 6778 229.787732 0.171935 0.100746 59053 
1228873426 40753 158325 7.769980 192 11003 6820 230.284985 0.171826 0.100618 59343 
1228973426 40918 159032 7.773205 193 11054 6848 230.845545 0.171827 0.100658 59639 
1229073426 41075 159700 7.776019 194 11085 6876 231.410250 0.171986 0.100649 59901 
1229173426 41194 160172 7.776472 194 11117 6908 231.682818 0.172102 0.100725 60075 
1229273426 41329 160642 7.773815 194 11167 6939 231.868180 0.172576 0.100805 60270 
1229373426 41482 161292 7.776481 194 11198 6977 232.321826 0.172487 0.100764 60503 
1229473426 41686 162102 7.777287 194 11260 7005 232.885333 0.172385 0.100860 60817 
1229573426 41874 162887 7.779863 197 11305 7044 233.486650 0.172399 0.101406 61145 
1229673426 42060 163577 7.778269 198 11358 7075 233.813885 0.172351 0.101643 61407 
1229773426 42191 164154 7.781470 199 11381 7104 234.340641 0.172264 0.101768 61647 
1229873426 42297 164669 7.786321 199 11383 7142 234.812445 0.172079 0.101883 61854 
1229973426 42457 165441 7.793344 200 11415 7156 235.556728 0.172139 0.102102 62215 
1230073426 42626 166225 7.799231 200 11455 7154 236.273495 0.171894 0.102267 62542 
1230173426 42765 166837 7.802502 201 11495 7167 236.799579 0.171563 0.102272 62782 
1230273426 42887 167345 7.803997 201 11505 7204 237.216919 0.171587 0.102213 62994 
1230373426 43006 167810 7.804027 201 11543 7222 237.460308 0.171712 0.102019 63157 
1230473426 43126 168323 7.806103 201 11579 7231 237.802949 0.171561 0.101876 63344 
1230573426 43313 169052 7.806063 201 11631 7252 238.191074 0.171654 0.101985 63640 
1230673426 43538 169862 7.802931 201 11712 7296 238.612614 0.171462 0.102276 63975 
1230773426 43759 170683 7.801047 201 11768 7345 239.008752 0.171464 0.102185 64295 
1230873426 43928 171303 7.799262 201 11806 7391 239.204516 0.171739 0.102262 64528 
1230973426 44100 171970 7.799093 202 11851 7428 239.596508 0.171657 0.102224 64795 
1231073426 44197 172531 7.807362 203 11860 7432 240.189108 0.171726 0.102352 65024 
1231173426 44341 173202 7.812273 204 11888 7444 240.814370 0.171377 0.102295 65324 
1231273426 44489 174122 7.827643 206 11869 7473 241.965205 0.171229 0.102685 65729 
1231373426 44625 175014 7.843765 206 11854 7507 243.180101 0.171149 0.102614 66133 
1231473426 44748 175872 7.860552 206 11815 7547 244.304416 0.170937 0.103027 66491 
1231573426 44847 176602 7.875755 206 11781 7578 245.387651 0.170748 0.103550 66826 
1231673426 44930 177143 7.885288 207 11751 7628 246.116225 0.170381 0.103964 67079 
1231773426 45024 177769 7.896633 208 11738 7617 246.867004 0.170336 0.104071 67324 
1231873426 45149 178600 7.911582 209 11734 7629 248.014042 0.169866 0.104086 67689 
1231973426 45266 179424 7.927539 209 11704 7660 249.164715 0.169627 0.104013 68030 
1232073426 45375 180181 7.941862 210 11705 7662 250.241631 0.169137 0.104062 68343 
1232173426 45486 180930 7.955415 210 11675 7704 251.311041 0.168961 0.104401 68657 
1232273426 45569 181512 7.966468 210 11667 7711 252.115122 0.168781 0.104466 68921 
1232373426 45625 182035 7.979616 210 11647 7709 252.992877 0.168550 0.104601 69169 
1232473426 45717 182766 7.995538 210 11625 7708 253.982851 0.168538 0.104648 69489 
1232573426 45806 183368 8.006287 211 11615 7737 254.827403 0.168064 0.104731 69764 
1232673426 45813 183412 8.006985 212 11619 7729 254.883592 0.168012 0.104713 69785 
