Timestamp NoNodes NoLinks AverageDegree MaxDeg Singletons Doubletons MeanSquaredDeg Assortativity AverageClustering TriCount 
1165073426 0 0 0.000000 0 0 0 0.000000 0.000000 0.000000 0 
1165173426 8001 18422 4.604924 46 2054 1325 42.234221 0.207596 0.090699 4145 
1165273426 8038 18564 4.619059 46 2045 1350 42.563075 0.206622 0.089589 4147 
1165373426 8076 18711 4.633730 46 2036 1375 42.877167 0.207260 0.088679 4155 
1165473426 8111 18879 4.655160 48 2031 1378 43.275059 0.207754 0.087404 4163 
1165573426 8137 18988 4.667076 48 2028 1381 43.486297 0.207761 0.086520 4166 
1165673426 8160 19095 4.680147 48 2017 1396 43.740441 0.206710 0.085848 4171 
1165773426 8181 19173 4.687202 48 2018 1401 43.901968 0.206164 0.085437 4174 
1165873426 8215 19299 4.698478 48 2016 1411 44.115155 0.207411 0.084934 4181 
1165973426 8257 19435 4.707521 48 2018 1412 44.306649 0.206283 0.084077 4188 
1166073426 8298 19602 4.724512 48 2015 1428 44.736563 0.206513 0.083186 4197 
1166173426 8328 19726 4.737272 48 2003 1438 44.943324 0.206652 0.082439 4205 
1166273426 8346 19822 4.750060 48 1998 1433 45.210161 0.207108 0.081649 4208 
1166373426 8359 19918 4.765642 48 1988 1435 45.514535 0.206711 0.081098 4212 
1166473426 8389 20042 4.778162 48 1985 1441 45.758255 0.206872 0.080176 4213 
1166573426 8415 20171 4.794058 48 1981 1447 46.063696 0.206329 0.079420 4218 
1166673426 8447 20313 4.809518 48 1968 1466 46.402036 0.204823 0.078409 4224 
1166773426 8476 20461 4.827985 48 1954 1477 46.782681 0.204155 0.077853 4234 
1166873426 8504 20566 4.836783 48 1951 1481 46.958608 0.204797 0.077008 4237 
1166973426 8516 20633 4.845702 48 1948 1483 47.129638 0.204372 0.076537 4239 
1167073426 8538 20763 4.863668 49 1937 1487 47.468962 0.204675 0.075458 4245 
1167173426 8558 20871 4.877541 49 1932 1481 47.728909 0.204720 0.074929 4248 
1167273426 8582 20982 4.889769 49 1917 1491 47.960149 0.205520 0.074340 4256 
1167373426 8612 21105 4.901301 49 1920 1490 48.183000 0.206647 0.073617 4262 
1167473426 8635 21213 4.913260 49 1917 1494 48.423625 0.206596 0.072925 4264 
1167573426 8648 21284 4.922294 50 1907 1507 48.588113 0.206562 0.072502 4265 
1167673426 8671 21385 4.932534 50 1894 1523 48.812594 0.206628 0.071895 4268 
1167773426 8697 21503 4.944924 50 1889 1530 49.031620 0.205596 0.071291 4270 
1167873426 8735 21623 4.950887 51 1896 1535 49.212135 0.204770 0.070601 4272 
1167973426 8765 21750 4.962921 51 1893 1538 49.495037 0.204496 0.070001 4274 
1168073426 8787 21837 4.970297 51 1891 1544 49.657904 0.203728 0.069634 4275 
1168173426 8813 21931 4.976966 51 1886 1561 49.819585 0.203867 0.069109 4278 
1168273426 8844 22043 4.984848 51 1882 1576 50.004297 0.204358 0.068484 4281 
1168373426 8874 22175 4.997746 51 1876 1577 50.208249 0.204512 0.067597 4282 
1168473426 8905 22305 5.009545 52 1872 1578 50.461538 0.204165 0.066909 4286 
1168573426 8934 22435 5.022386 52 1860 1591 50.703828 0.204213 0.066337 4287 
1168673426 8958 22532 5.030587 52 1858 1597 50.897968 0.203752 0.065831 4289 
1168773426 8980 22623 5.038530 52 1856 1602 51.091091 0.203694 0.065299 4292 
1168873426 9004 22704 5.043092 52 1860 1602 51.224345 0.203497 0.064827 4292 
1168973426 9035 22847 5.057443 52 1855 1607 51.544660 0.202789 0.064298 4296 
1169073426 9073 22983 5.066240 52 1859 1612 51.792351 0.202183 0.063599 4299 
1169173426 9104 23131 5.081503 52 1851 1623 52.098199 0.202409 0.063018 4300 
1169273426 9133 23254 5.092303 52 1854 1630 52.414103 0.202095 0.062514 4304 
1169373426 9152 23362 5.105332 54 1849 1632 52.706075 0.201647 0.061987 4308 
1169473426 9178 23459 5.112007 54 1848 1640 52.840052 0.202362 0.061455 4314 
1169573426 9209 23582 5.121512 54 1841 1658 53.095016 0.202058 0.060789 4318 
1169673426 9239 23733 5.137569 54 1834 1660 53.456868 0.201293 0.060094 4322 
1169773426 9280 23891 5.148922 54 1830 1669 53.701293 0.200777 0.059477 4325 
1169873426 9310 24009 5.157680 55 1826 1676 53.902685 0.200187 0.058905 4331 
1169973426 9330 24116 5.169561 56 1822 1688 54.183494 0.200087 0.058466 4333 
1170073426 9351 24229 5.182120 56 1815 1697 54.478024 0.199064 0.058038 4336 
1170173426 9380 24375 5.197228 56 1804 1709 54.805544 0.200244 0.057516 4337 
1170273426 9420 24550 5.212314 56 1802 1717 55.123142 0.199880 0.056858 4345 
1170373426 9448 24733 5.235605 57 1791 1717 55.584251 0.198856 0.056332 4350 
1170473426 9479 24909 5.255618 57 1780 1726 56.080177 0.197715 0.055804 4355 
1170573426 9508 25041 5.267354 57 1777 1734 56.353807 0.197534 0.055315 4356 
1170673426 9532 25164 5.279899 57 1778 1733 56.660512 0.197177 0.054914 4359 
1170773426 9559 25282 5.289675 57 1768 1745 56.890470 0.197214 0.054616 4363 
1170873426 9601 25431 5.297573 58 1770 1756 57.123425 0.197038 0.053786 4366 
1170973426 9630 25603 5.317342 58 1763 1747 57.540187 0.196418 0.052939 4367 
1171073426 9666 25752 5.328367 58 1763 1749 57.829505 0.196849 0.052453 4373 
1171173426 9697 25886 5.338971 58 1757 1755 58.080850 0.197106 0.052111 4381 
1171273426 9724 26026 5.352941 58 1752 1753 58.426779 0.195883 0.051511 4383 
1171373426 9748 26181 5.371563 58 1739 1752 58.812885 0.195999 0.051115 4389 
1171473426 9793 26339 5.379148 59 1738 1770 59.090371 0.195505 0.050420 4391 
1171573426 9834 26536 5.396787 59 1733 1776 59.527151 0.195245 0.049457 4395 
1171673426 9865 26659 5.404764 59 1733 1782 59.733604 0.194921 0.049063 4398 
1171773426 9879 26732 5.411884 59 1732 1779 59.913149 0.195047 0.048824 4402 
1171873426 9892 26800 5.418520 59 1730 1780 60.055600 0.194603 0.048521 4404 
1171973426 9907 26878 5.426062 60 1720 1788 60.225699 0.194528 0.048315 4406 
1172073426 9924 26973 5.435913 60 1709 1798 60.433293 0.194971 0.048126 4411 
1172173426 9956 27135 5.450984 61 1697 1814 60.792688 0.194745 0.047687 4418 
1172273426 9982 27314 5.472651 62 1688 1818 61.326588 0.193217 0.047190 4422 
1172373426 10006 27430 5.482710 62 1690 1814 61.626024 0.191397 0.046720 4422 
1172473426 10038 27571 5.493325 62 1684 1814 61.864714 0.191769 0.046380 4424 
1172573426 10072 27771 5.514496 63 1670 1823 62.395751 0.190294 0.045772 4429 
1172673426 10105 27937 5.529342 65 1668 1821 62.803958 0.188703 0.045375 4430 
1172773426 10132 28128 5.552310 67 1652 1826 63.391038 0.186954 0.044672 4433 
1172873426 10164 28290 5.566706 68 1645 1840 63.730815 0.186122 0.044250 4437 
1172973426 10186 28381 5.572551 68 1644 1844 63.905949 0.185768 0.043899 4441 
1173073426 10221 28541 5.584776 68 1647 1843 64.260249 0.186641 0.043460 4442 
1173173426 10252 28736 5.605931 68 1638 1846 64.787749 0.186167 0.042973 4445 
1173273426 10283 28917 5.624234 68 1626 1861 65.250997 0.185697 0.042537 4446 
1173373426 10310 29095 5.644035 68 1608 1878 65.668671 0.186200 0.042453 4452 
1173473426 10344 29265 5.658353 68 1607 1881 66.083720 0.185576 0.042169 4459 
1173573426 10365 29382 5.669465 69 1603 1879 66.360830 0.184690 0.041864 4461 
1173673426 10383 29486 5.679669 69 1599 1880 66.649909 0.184593 0.041534 4464 
1173773426 10415 29650 5.693711 69 1588 1878 67.026212 0.184071 0.041051 4469 
1173873426 10451 29809 5.704526 70 1588 1881 67.356234 0.183531 0.040597 4469 
1173973426 10473 29988 5.726726 70 1574 1887 67.862886 0.183720 0.040385 4474 
1174073426 10507 30141 5.737318 70 1568 1897 68.151137 0.183328 0.040076 4477 
1174173426 10529 30275 5.750784 70 1558 1906 68.486086 0.182688 0.039832 4479 
1174273426 10548 30401 5.764316 71 1549 1907 68.800721 0.181391 0.039593 4482 
1174373426 10585 30585 5.778932 71 1548 1914 69.140482 0.181490 0.039277 4488 
1174473426 10616 30730 5.789375 71 1542 1926 69.408252 0.181404 0.038951 4490 
1174573426 10641 30891 5.806033 71 1536 1927 69.770886 0.180439 0.038501 4494 
1174673426 10673 31063 5.820856 71 1538 1922 70.163965 0.179855 0.038073 4497 
1174773426 10693 31168 5.829608 71 1529 1931 70.376882 0.180001 0.037891 4498 
1174873426 10717 31275 5.836521 72 1531 1937 70.590277 0.179570 0.037629 4499 
1174973426 10761 31452 5.845553 72 1528 1950 70.853638 0.179477 0.037154 4501 
1175073426 10788 31598 5.857990 72 1522 1946 71.169262 0.179231 0.036833 4501 
1175173426 10817 31740 5.868540 73 1516 1957 71.511325 0.178144 0.036521 4505 
1175273426 10847 31876 5.877385 73 1516 1957 71.775791 0.177805 0.036197 4507 
1175373426 10870 32001 5.887948 73 1516 1952 72.057222 0.177608 0.035929 4509 
1175473426 10881 32083 5.897068 73 1514 1948 72.317802 0.176689 0.035772 4511 
1175573426 10910 32256 5.913107 73 1508 1946 72.673694 0.176184 0.035538 4515 
1175673426 10931 32393 5.926814 73 1506 1944 72.971732 0.176742 0.035287 4518 
1175773426 10949 32519 5.940086 74 1499 1941 73.344963 0.176873 0.035146 4520 
1175873426 10982 32628 5.942087 74 1491 1961 73.448006 0.177074 0.034884 4522 
1175973426 11005 32749 5.951658 74 1492 1957 73.711586 0.177369 0.034681 4529 
1176073426 11031 32860 5.957755 75 1495 1960 73.921857 0.176641 0.034512 4530 
1176173426 11060 33037 5.974141 76 1486 1955 74.326221 0.175626 0.034061 4532 
1176273426 11108 33286 5.993158 76 1483 1958 74.848037 0.175322 0.033656 4541 
1176373426 11128 33409 6.004493 76 1484 1956 75.148814 0.175846 0.033495 4551 
1176473426 11152 33535 6.014168 77 1485 1960 75.443687 0.174266 0.033202 4555 
1176573426 11170 33647 6.024530 77 1479 1966 75.709400 0.173531 0.033215 4559 
1176673426 11190 33758 6.033601 77 1474 1977 75.977480 0.173380 0.033162 4562 
1176773426 11219 33956 6.053302 77 1467 1976 76.472948 0.173449 0.032809 4572 
1176873426 11255 34181 6.073923 78 1460 1984 77.047534 0.173127 0.032762 4581 
1176973426 11282 34332 6.086155 78 1459 1983 77.385393 0.172510 0.032576 4583 
1177073426 11321 34506 6.095928 78 1464 1988 77.727409 0.171505 0.032357 4586 
1177173426 11346 34619 6.102415 78 1466 1992 77.923850 0.171893 0.032155 4590 
1177273426 11364 34721 6.110700 78 1467 1990 78.192186 0.171122 0.031915 4594 
1177373426 11393 34887 6.124287 78 1464 1989 78.573686 0.170356 0.031660 4600 
1177473426 11419 35081 6.144321 78 1456 1990 79.108854 0.169404 0.031388 4603 
1177573426 11454 35261 6.156976 78 1445 1996 79.514755 0.169309 0.031116 4606 
1177673426 11491 35419 6.164651 78 1450 1992 79.755461 0.169350 0.030812 4607 
1177773426 11516 35534 6.171240 78 1450 1999 79.955193 0.169285 0.030526 4607 
1177873426 11536 35645 6.179785 78 1450 1995 80.209431 0.169027 0.030354 4610 
1177973426 11576 35835 6.191258 78 1450 1996 80.579129 0.168652 0.030196 4612 
1178073426 11609 36023 6.206047 79 1455 1990 80.967697 0.167845 0.029918 4617 
1178173426 11641 36207 6.220600 79 1450 2000 81.377888 0.167805 0.029645 4625 
1178273426 11661 36331 6.231198 79 1448 1993 81.696595 0.167853 0.029461 4628 
1178373426 11685 36484 6.244587 80 1444 1978 82.034917 0.167727 0.029362 4632 
1178473426 11711 36599 6.250363 80 1438 1995 82.262830 0.166805 0.029229 4634 
1178573426 11733 36780 6.269496 80 1426 2005 82.741328 0.166883 0.028969 4639 
1178673426 11765 36974 6.285423 81 1421 2008 83.207650 0.165668 0.028606 4641 
1178773426 11804 37157 6.295662 81 1422 2009 83.548797 0.165828 0.028296 4648 
1178873426 11834 37320 6.307250 81 1425 2006 83.926821 0.165788 0.028093 4654 
1178973426 11849 37398 6.312431 81 1426 2013 84.119504 0.165461 0.028004 4655 
1179073426 11876 37522 6.318963 82 1431 2014 84.352139 0.165497 0.027790 4660 
1179173426 11910 37704 6.331486 82 1432 2020 84.746264 0.165028 0.027777 4666 
1179273426 11941 37893 6.346705 82 1424 2032 85.236412 0.165423 0.027646 4678 
1179373426 11980 38066 6.354925 82 1427 2042 85.533723 0.165810 0.027411 4680 
1179473426 12010 38240 6.368027 83 1429 2039 85.949709 0.165527 0.027165 4681 
1179573426 12027 38366 6.379978 83 1428 2032 86.296167 0.164473 0.027034 4685 
1179673426 12044 38462 6.386915 83 1425 2038 86.490867 0.164713 0.026943 4688 
1179773426 12066 38619 6.401293 83 1419 2032 86.876513 0.164218 0.026803 4692 
1179873426 12091 38770 6.413034 83 1417 2031 87.225540 0.163893 0.026826 4695 
1179973426 12135 39001 6.427853 84 1413 2034 87.714215 0.163105 0.026456 4702 
1180073426 12170 39212 6.444043 85 1401 2036 88.121446 0.162765 0.026241 4709 
1180173426 12189 39325 6.452539 85 1397 2042 88.384117 0.163040 0.026182 4712 
1180273426 12206 39428 6.460429 86 1394 2046 88.614124 0.162834 0.026065 4713 
1180373426 12241 39578 6.466465 88 1405 2042 88.883915 0.162931 0.025937 4719 
1180473426 12265 39759 6.483327 88 1397 2043 89.370077 0.162307 0.025846 4726 
1180573426 12300 39995 6.503252 88 1392 2042 89.955285 0.161943 0.025464 4733 
1180673426 12330 40181 6.517599 88 1388 2047 90.393512 0.161303 0.025302 4735 
1180773426 12352 40321 6.528659 89 1385 2040 90.764734 0.160525 0.025111 4737 
1180873426 12370 40415 6.534357 89 1383 2044 90.973484 0.160499 0.025021 4741 
1180973426 12392 40528 6.540994 89 1387 2037 91.186088 0.160234 0.024921 4744 
1181073426 12441 40702 6.543204 90 1400 2049 91.365967 0.160428 0.024711 4744 
1181173426 12477 40864 6.550293 91 1401 2045 91.676365 0.159619 0.024524 4745 
1181273426 12519 41038 6.556115 91 1403 2051 91.915009 0.159357 0.024303 4750 
1181373426 12547 41162 6.561250 92 1408 2055 92.126564 0.159261 0.024115 4752 
1181473426 12573 41272 6.565179 93 1413 2057 92.338503 0.158740 0.023977 4755 
1181573426 12596 41410 6.575103 93 1414 2056 92.635757 0.158746 0.023878 4757 
1181673426 12635 41617 6.587574 93 1408 2067 93.076375 0.158718 0.023697 4762 
1181773426 12685 41824 6.594245 95 1415 2082 93.428301 0.158744 0.023490 4763 
1181873426 12720 42032 6.608805 96 1419 2085 93.986635 0.157718 0.023331 4769 
1181973426 12746 42191 6.620273 96 1416 2088 94.328887 0.158253 0.023217 4773 
1182073426 12774 42333 6.627994 98 1414 2092 94.662283 0.157355 0.023072 4779 
1182173426 12799 42472 6.636768 98 1412 2087 94.921166 0.156843 0.022913 4779 
1182273426 12829 42655 6.649778 98 1408 2092 95.368774 0.156553 0.022931 4788 
1182373426 12859 42827 6.661016 98 1405 2092 95.784120 0.156603 0.022732 4793 
1182473426 12900 43038 6.672558 98 1405 2097 96.168217 0.156811 0.022590 4801 
1182573426 12934 43220 6.683161 98 1410 2097 96.545230 0.156502 0.022426 4805 
1182673426 12958 43355 6.691619 98 1410 2101 96.837475 0.156188 0.022321 4807 
1182773426 12996 43496 6.693752 98 1418 2110 96.982610 0.156438 0.022382 4810 
1182873426 13040 43697 6.701994 99 1426 2110 97.258436 0.156723 0.022169 4817 
1182973426 13075 43858 6.708681 100 1425 2116 97.530249 0.156146 0.021974 4820 
1183073426 13122 44047 6.713458 100 1437 2115 97.810395 0.155615 0.021792 4825 
1183173426 13153 44210 6.722421 100 1433 2118 98.088649 0.155622 0.021589 4828 
1183273426 13173 44329 6.730282 100 1434 2120 98.353906 0.155617 0.021522 4832 
1183373426 13199 44472 6.738692 102 1433 2122 98.645958 0.155141 0.021416 4836 
1183473426 13237 44679 6.750623 103 1436 2125 99.009594 0.154720 0.021257 4839 
1183573426 13285 44855 6.752729 103 1445 2135 99.205119 0.154937 0.021111 4844 
1183673426 13314 45017 6.762355 103 1446 2134 99.523659 0.154778 0.020915 4848 
1183773426 13343 45231 6.779735 103 1445 2126 100.077194 0.153923 0.020752 4856 
1183873426 13377 45391 6.786424 103 1452 2130 100.342229 0.153898 0.020532 4858 
1183973426 13409 45543 6.792900 103 1450 2136 100.601685 0.153960 0.020432 4861 
1184073426 13452 45718 6.797205 104 1461 2137 100.877936 0.153845 0.020507 4866 
1184173426 13486 45911 6.808690 105 1461 2140 101.271541 0.153944 0.020282 4869 
1184273426 13521 46120 6.821981 106 1459 2135 101.727831 0.153296 0.020139 4874 
1184373426 13556 46314 6.832989 106 1459 2150 102.177781 0.152511 0.019972 4877 
1184473426 13569 46448 6.846194 106 1457 2143 102.615521 0.152136 0.019943 4880 
1184573426 13598 46651 6.861450 107 1454 2142 103.060156 0.151988 0.019900 4884 
1184673426 13636 46844 6.870637 107 1459 2142 103.408624 0.152283 0.019808 4892 
1184773426 13683 47033 6.874662 107 1467 2160 103.657677 0.152572 0.019677 4897 
1184873426 13726 47263 6.886638 108 1477 2156 104.132595 0.152203 0.019521 4899 
1184973426 13772 47466 6.893116 108 1475 2168 104.433779 0.152317 0.019546 4904 
1185073426 13811 47618 6.895663 109 1480 2178 104.639201 0.152289 0.019399 4907 
1185173426 13840 47764 6.902312 109 1484 2179 104.886850 0.152411 0.019275 4908 
1185273426 13867 47906 6.909353 109 1480 2184 105.175020 0.152558 0.019173 4913 
1185373426 13906 48076 6.914425 109 1485 2187 105.417949 0.152592 0.019026 4914 
1185473426 13942 48266 6.923827 109 1478 2198 105.736910 0.152513 0.018888 4918 
1185573426 13986 48454 6.928929 110 1485 2199 105.963535 0.152858 0.018811 4920 
1185673426 14010 48580 6.935046 110 1489 2197 106.193719 0.152292 0.018658 4922 
1185773426 14051 48764 6.941001 111 1503 2198 106.550281 0.151813 0.018517 4929 
1185873426 14090 48960 6.949610 111 1498 2207 106.888999 0.151621 0.018331 4937 
1185973426 14118 49132 6.960193 112 1495 2205 107.255844 0.151534 0.018352 4943 
1186073426 14159 49333 6.968430 113 1500 2215 107.717070 0.150514 0.018251 4951 
1186173426 14208 49547 6.974521 113 1508 2222 108.025197 0.150351 0.018143 4958 
1186273426 14234 49698 6.982998 113 1510 2216 108.356049 0.149942 0.018042 4958 
1186373426 14272 49879 6.989770 114 1511 2222 108.642096 0.149817 0.017997 4963 
1186473426 14315 50120 7.002445 114 1517 2224 109.121900 0.149638 0.017819 4968 
1186573426 14348 50334 7.016170 114 1511 2228 109.572763 0.149404 0.017657 4973 
1186673426 14387 50583 7.031765 116 1509 2224 110.087440 0.149425 0.017444 4975 
1186773426 14425 50777 7.040139 116 1511 2231 110.404714 0.149662 0.017323 4976 
1186873426 14455 50919 7.045175 116 1520 2224 110.641162 0.149483 0.017250 4977 
1186973426 14478 51059 7.053322 116 1521 2229 110.942119 0.149164 0.017159 4982 
1187073426 14511 51236 7.061677 116 1519 2242 111.284267 0.149361 0.017071 4988 
1187173426 14547 51436 7.071699 116 1518 2241 111.648312 0.149285 0.017334 5000 
1187273426 14584 51600 7.076248 116 1522 2251 111.854772 0.149099 0.017244 5003 
1187373426 14615 51802 7.088881 116 1523 2252 112.327335 0.149163 0.017148 5012 
1187473426 14643 51981 7.099775 117 1522 2253 112.769651 0.148600 0.016998 5014 
1187573426 14669 52136 7.108324 117 1517 2265 113.105870 0.148351 0.016896 5016 
1187673426 14702 52373 7.124609 117 1520 2257 113.733370 0.147730 0.016793 5022 
1187773426 14744 52537 7.126560 117 1532 2259 113.892024 0.147634 0.016739 5029 
1187873426 14778 52694 7.131412 117 1538 2262 114.185817 0.147221 0.016661 5036 
1187973426 14824 52879 7.134242 117 1548 2278 114.421883 0.147633 0.016576 5046 
1188073426 14851 53058 7.145377 117 1546 2277 114.742172 0.147588 0.016434 5050 
1188173426 14876 53233 7.156897 119 1538 2290 115.140495 0.147239 0.016424 5058 
1188273426 14916 53463 7.168544 119 1529 2293 115.598552 0.146722 0.016366 5065 
1188373426 14953 53667 7.178091 120 1532 2293 115.985688 0.146474 0.016259 5073 
1188473426 14981 53846 7.188572 120 1530 2293 116.359255 0.146364 0.016171 5078 
1188573426 15010 54020 7.197868 120 1530 2292 116.709127 0.146629 0.016057 5086 
1188673426 15039 54173 7.204335 120 1530 2294 116.975464 0.146636 0.016027 5090 
1188773426 15070 54326 7.209821 120 1526 2301 117.228401 0.146971 0.015898 5100 
1188873426 15096 54462 7.215421 120 1527 2301 117.530737 0.147017 0.015841 5106 
1188973426 15135 54687 7.226561 120 1529 2306 117.999604 0.147169 0.015732 5109 
1189073426 15174 54898 7.235798 120 1532 2305 118.333729 0.147404 0.015567 5114 
1189173426 15207 55073 7.243112 120 1537 2309 118.623660 0.147286 0.015466 5120 
1189273426 15246 55233 7.245573 120 1546 2316 118.828545 0.147363 0.015381 5126 
1189373426 15273 55399 7.254501 120 1546 2319 119.180777 0.146760 0.015513 5135 
1189473426 15333 55628 7.255984 120 1549 2339 119.309985 0.146980 0.015539 5139 
1189573426 15376 55846 7.264048 120 1554 2348 119.743626 0.146299 0.015410 5149 
1189673426 15418 56013 7.265923 120 1563 2355 119.890128 0.146579 0.015341 5151 
1189773426 15441 56152 7.273104 120 1568 2351 120.232109 0.146911 0.015268 5166 
1189873426 15480 56321 7.276615 121 1577 2356 120.484367 0.146392 0.015381 5173 
1189973426 15510 56483 7.283430 121 1585 2357 120.794713 0.146471 0.015308 5182 
1190073426 15563 56697 7.286127 122 1594 2368 121.018698 0.146046 0.015310 5188 
1190173426 15612 56943 7.294773 122 1604 2374 121.458622 0.145774 0.015196 5194 
1190273426 15667 57184 7.299930 123 1609 2384 121.812472 0.145441 0.015305 5201 
1190373426 15714 57405 7.306224 123 1618 2397 122.240677 0.145183 0.015178 5208 
1190473426 15750 57574 7.310984 125 1627 2392 122.507048 0.145033 0.015121 5220 
1190573426 15795 57726 7.309402 125 1640 2399 122.603862 0.144891 0.015045 5222 
1190673426 15846 57909 7.308974 125 1653 2411 122.772182 0.144768 0.014971 5227 
1190773426 15914 58135 7.306146 125 1674 2429 122.922710 0.144462 0.014861 5233 
1190873426 15965 58393 7.315127 125 1682 2428 123.393674 0.144300 0.014703 5245 
1190973426 16013 58601 7.319178 126 1693 2435 123.729220 0.144102 0.014633 5253 
1191073426 16050 58731 7.318505 126 1698 2444 123.803988 0.144391 0.014867 5255 
1191173426 16092 58872 7.316928 127 1710 2450 123.877330 0.144190 0.014900 5259 
1191273426 16160 59099 7.314233 127 1725 2464 123.945916 0.144456 0.014821 5265 
1191373426 16211 59360 7.323422 128 1731 2464 124.404664 0.144072 0.014882 5276 
1191473426 16270 59588 7.324892 128 1737 2481 124.610817 0.144406 0.014940 5291 
1191573426 16322 59794 7.326798 128 1742 2484 124.812400 0.144066 0.014849 5298 
1191673426 16367 59948 7.325472 128 1750 2495 124.918311 0.143967 0.014758 5299 
1191773426 16400 60066 7.325122 128 1753 2501 125.021585 0.143584 0.014733 5302 
1191873426 16443 60279 7.331874 128 1758 2505 125.337955 0.143564 0.014691 5310 
1191973426 16499 60514 7.335475 128 1767 2519 125.598036 0.143739 0.014594 5314 
1192073426 16556 60719 7.334984 128 1781 2526 125.766489 0.143909 0.014524 5324 
1192173426 16607 60919 7.336545 128 1789 2537 125.913410 0.144269 0.014331 5328 
1192273426 16641 61047 7.336939 129 1802 2538 126.063938 0.144113 0.014268 5333 
1192373426 16670 61168 7.338692 129 1807 2542 126.215597 0.143916 0.014216 5336 
1192473426 16707 61348 7.343988 130 1813 2546 126.476686 0.143838 0.014123 5342 
1192573426 16758 61601 7.351832 131 1820 2546 126.869077 0.143398 0.013977 5345 
1192673426 16810 61836 7.357049 132 1827 2550 127.163831 0.143352 0.013843 5348 
1192773426 16874 62062 7.355932 132 1844 2554 127.269053 0.143815 0.013897 5357 
1192873426 16902 62194 7.359366 133 1847 2560 127.404213 0.144023 0.013816 5357 
1192973426 16920 62277 7.361348 133 1853 2559 127.520213 0.143851 0.013785 5361 
1193073426 16949 62425 7.366216 133 1857 2554 127.725648 0.143663 0.013724 5362 
1193173426 16990 62665 7.376692 133 1863 2542 128.110182 0.143426 0.013516 5368 
1193273426 17044 62892 7.379958 134 1866 2564 128.418798 0.143256 0.013414 5373 
1193373426 17101 63101 7.379802 134 1875 2583 128.537629 0.143532 0.013306 5376 
1193473426 17124 63240 7.386125 134 1873 2583 128.778089 0.143402 0.013269 5381 
1193573426 17146 63325 7.386562 134 1879 2590 128.847428 0.143485 0.013370 5384 
1193673426 17174 63434 7.387213 134 1885 2599 128.985443 0.143088 0.013301 5386 
1193773426 17221 63647 7.391789 134 1886 2610 129.269845 0.142892 0.013331 5389 
1193873426 17264 63829 7.394462 134 1892 2623 129.525255 0.142991 0.013237 5398 
1193973426 17302 64026 7.400994 134 1907 2610 129.825107 0.142972 0.013175 5405 
1194073426 17340 64183 7.402884 134 1913 2626 130.014302 0.143189 0.013111 5408 
1194173426 17360 64308 7.408756 134 1911 2633 130.244585 0.143281 0.013239 5410 
1194273426 17394 64444 7.409911 135 1917 2643 130.410946 0.143154 0.013157 5414 
1194373426 17446 64652 7.411670 138 1928 2647 130.701479 0.143019 0.013064 5416 
1194473426 17482 64854 7.419517 139 1934 2641 131.106967 0.142635 0.012981 5426 
1194573426 17528 65086 7.426518 139 1934 2657 131.483683 0.142431 0.012947 5432 
1194673426 17576 65273 7.427515 139 1943 2668 131.686959 0.142107 0.013029 5439 
1194773426 17604 65401 7.430243 139 1942 2673 131.806408 0.142195 0.013200 5444 
1194873426 17636 65535 7.431957 139 1940 2690 131.937514 0.142261 0.013174 5448 
1194973426 17687 65767 7.436761 139 1951 2698 132.189178 0.142412 0.013105 5451 
1195073426 17734 65976 7.440623 139 1954 2709 132.490809 0.142284 0.013074 5460 
1195173426 17779 66179 7.444626 140 1965 2721 132.780584 0.142014 0.013014 5470 
1195273426 17826 66348 7.443958 140 1974 2731 132.848424 0.142175 0.012903 5473 
1195373426 17848 66480 7.449574 140 1977 2728 133.076983 0.142075 0.012861 5478 
1195473426 17879 66617 7.451983 141 1984 2728 133.264053 0.142258 0.012771 5486 
1195573426 17919 66825 7.458564 141 1990 2732 133.641833 0.142345 0.012703 5499 
1195673426 17955 66996 7.462657 141 1993 2743 133.853077 0.142647 0.012592 5506 
1195773426 17980 67120 7.466073 141 1992 2754 134.015017 0.142617 0.012553 5506 
1195873426 18006 67225 7.466955 141 1991 2763 134.095079 0.142841 0.012535 5510 
1195973426 18030 67358 7.471769 141 1989 2773 134.306711 0.142713 0.012485 5511 
1196073426 18050 67512 7.480554 141 1990 2766 134.648310 0.142701 0.012451 5520 
1196173426 18096 67706 7.482980 141 1992 2791 134.895889 0.142600 0.012517 5527 
1196273426 18139 67902 7.486852 141 1995 2798 135.163019 0.143058 0.012472 5536 
1196373426 18181 68092 7.490457 141 2006 2804 135.397283 0.142740 0.012369 5538 
1196473426 18214 68274 7.496871 141 2012 2805 135.705062 0.142583 0.012349 5542 
1196573426 18239 68399 7.500302 141 2011 2808 135.879818 0.142598 0.012264 5543 
1196673426 18272 68529 7.500985 141 2020 2805 136.000766 0.142481 0.012191 5545 
1196773426 18295 68702 7.510467 141 2026 2801 136.374529 0.142464 0.012132 5549 
1196873426 18325 68891 7.518799 141 2016 2809 136.778827 0.142341 0.012090 5552 
1196973426 18363 69059 7.521538 141 2028 2802 136.959538 0.142276 0.011988 5554 
1197073426 18402 69267 7.528203 141 2030 2808 137.312683 0.142310 0.011929 5565 
1197173426 18427 69409 7.533402 141 2026 2815 137.506377 0.142393 0.011881 5567 
1197273426 18464 69542 7.532712 141 2034 2826 137.594237 0.142366 0.011953 5571 
1197373426 18499 69682 7.533596 142 2037 2842 137.719120 0.142375 0.011902 5577 
1197473426 18536 69863 7.538088 143 2038 2853 138.014782 0.141927 0.011848 5582 
1197573426 18574 70032 7.540864 144 2051 2854 138.223969 0.141632 0.011810 5585 
1197673426 18614 70192 7.541850 144 2056 2866 138.312990 0.141762 0.011749 5587 
1197773426 18640 70302 7.543133 144 2062 2865 138.439914 0.141616 0.011741 5588 
1197873426 18673 70447 7.545333 144 2068 2870 138.595619 0.141481 0.011713 5591 
1197973426 18697 70556 7.547307 144 2068 2873 138.713697 0.141702 0.011761 5596 
1198073426 18741 70705 7.545489 144 2082 2876 138.790673 0.141607 0.011716 5597 
1198173426 18790 70865 7.542842 144 2100 2888 138.879617 0.141405 0.011813 5607 
1198273426 18825 71022 7.545498 144 2102 2898 139.066667 0.141153 0.011782 5612 
1198373426 18852 71141 7.547316 145 2108 2899 139.214407 0.140778 0.011746 5614 
1198473426 18873 71235 7.548879 145 2110 2903 139.312775 0.140945 0.011729 5619 
1198573426 18892 71349 7.553356 145 2110 2901 139.499894 0.141133 0.011668 5630 
1198673426 18899 71412 7.557225 146 2106 2902 139.633420 0.140908 0.011751 5636 
1198773426 18923 71513 7.558315 146 2111 2906 139.752259 0.141006 0.011681 5639 
1198873426 18948 71666 7.564492 146 2109 2906 140.053726 0.140911 0.011759 5646 
1198973426 18971 71822 7.571767 146 2103 2909 140.330504 0.141004 0.011721 5648 
1199073426 19008 71956 7.571128 146 2107 2922 140.411511 0.141050 0.011679 5650 
1199173426 19033 72083 7.574528 146 2107 2924 140.581726 0.141006 0.011613 5653 
1199273426 19060 72219 7.578069 146 2107 2929 140.787093 0.141021 0.011596 5661 
1199373426 19093 72336 7.577227 146 2113 2938 140.843765 0.141159 0.011554 5668 
1199473426 19121 72471 7.580252 146 2113 2952 141.009048 0.141054 0.011514 5671 
1199573426 19150 72585 7.580679 146 2117 2961 141.110287 0.140965 0.011479 5674 
1199673426 19188 72694 7.577027 146 2129 2963 141.104128 0.141117 0.011444 5676 
1199773426 19215 72832 7.580744 148 2133 2963 141.293365 0.141152 0.011505 5682 
1199873426 19238 72950 7.583948 149 2134 2970 141.492983 0.140975 0.011476 5687 
1199973426 19263 73074 7.586980 149 2131 2983 141.702850 0.141069 0.011444 5692 
1200073426 19305 73210 7.584564 149 2135 3003 141.698627 0.141181 0.011395 5694 
1200173426 19337 73348 7.586285 149 2138 3006 141.813932 0.141245 0.011336 5697 
1200273426 19364 73456 7.586862 149 2144 3011 141.934105 0.141115 0.011311 5700 
1200373426 19401 73619 7.589196 149 2149 3017 142.125148 0.141214 0.011360 5709 
1200473426 19441 73776 7.589733 149 2159 3019 142.243609 0.141241 0.011309 5716 
1200573426 19478 73920 7.590102 149 2170 3020 142.404046 0.141274 0.011279 5720 
1200673426 19513 74075 7.592374 149 2169 3041 142.596115 0.140874 0.011197 5726 
1200773426 19539 74185 7.593531 149 2176 3047 142.775679 0.140485 0.011168 5728 
1200873426 19557 74300 7.598302 149 2172 3051 142.967429 0.140370 0.011152 5729 
1200973426 19593 74457 7.600367 149 2175 3063 143.117644 0.140602 0.011268 5740 
1201073426 19642 74630 7.599023 149 2189 3072 143.178801 0.141028 0.011309 5751 
1201173426 19682 74780 7.598821 149 2209 3074 143.298953 0.141305 0.011263 5758 
1201273426 19721 74942 7.600223 149 2215 3084 143.457431 0.141345 0.011367 5767 
1201373426 19777 75192 7.603984 149 2215 3101 143.764069 0.141125 0.011325 5778 
1201473426 19809 75346 7.607249 149 2218 3112 143.972134 0.141075 0.011287 5785 
1201573426 19863 75564 7.608518 149 2231 3120 144.177315 0.141014 0.011236 5790 
1201673426 19911 75797 7.613580 149 2241 3113 144.437547 0.140986 0.011305 5797 
1201773426 19955 75949 7.612027 149 2255 3128 144.508344 0.141046 0.011256 5799 
1201873426 19989 76087 7.612887 149 2258 3139 144.666467 0.140938 0.011210 5803 
1201973426 20017 76208 7.614328 150 2261 3145 144.770245 0.140798 0.011116 5805 
1202073426 20044 76301 7.613351 151 2275 3147 144.805228 0.140598 0.011070 5805 
1202173426 20074 76427 7.614526 151 2275 3155 144.908040 0.140730 0.011045 5811 
1202273426 20090 76507 7.616426 151 2276 3160 145.028671 0.140710 0.011020 5814 
1202373426 20130 76662 7.616692 151 2285 3166 145.200000 0.140400 0.011133 5819 
1202473426 20180 76825 7.613974 152 2300 3172 145.256293 0.140297 0.011212 5833 
1202573426 20216 77030 7.620696 152 2304 3167 145.534824 0.140401 0.011251 5840 
1202673426 20247 77156 7.621475 152 2307 3179 145.656739 0.140181 0.011226 5844 
1202773426 20287 77364 7.626953 152 2308 3187 145.917583 0.140220 0.011198 5847 
1202873426 20331 77588 7.632482 153 2321 3191 146.307117 0.139551 0.011244 5857 
1202973426 20377 77815 7.637533 153 2327 3196 146.595966 0.139493 0.011157 5861 
1203073426 20411 77984 7.641370 154 2326 3211 146.814855 0.139377 0.011259 5871 
1203173426 20448 78106 7.639476 154 2336 3222 146.869914 0.139099 0.011247 5872 
1203273426 20473 78236 7.642847 154 2336 3225 147.047331 0.138993 0.011213 5875 
1203373426 20509 78435 7.648837 154 2341 3225 147.345458 0.138703 0.011179 5877 
1203473426 20554 78648 7.652817 154 2342 3237 147.639194 0.138833 0.011123 5885 
1203573426 20598 78843 7.655403 155 2348 3251 147.868337 0.138510 0.011091 5891 
1203673426 20625 78987 7.659345 155 2353 3254 148.093770 0.138369 0.011054 5896 
1203773426 20660 79128 7.660019 155 2358 3254 148.207648 0.138003 0.010960 5898 
1203873426 20679 79233 7.663137 155 2359 3260 148.345181 0.138234 0.010940 5904 
1203973426 20729 79405 7.661248 155 2377 3272 148.465435 0.138307 0.010905 5913 
1204073426 20775 79615 7.664501 155 2386 3276 148.713165 0.138121 0.010933 5917 
1204173426 20833 79844 7.665147 155 2393 3284 148.854030 0.138171 0.011121 5927 
1204273426 20886 80036 7.664081 155 2402 3298 148.954802 0.138260 0.011063 5935 
1204373426 20915 80157 7.665025 156 2405 3307 149.079990 0.137983 0.011043 5941 
1204473426 20945 80324 7.669993 156 2408 3305 149.359752 0.137741 0.011020 5950 
1204573426 20975 80483 7.674184 156 2413 3305 149.568439 0.137694 0.010942 5955 
1204673426 21044 80760 7.675347 156 2426 3316 149.833967 0.137538 0.010905 5966 
1204773426 21098 80977 7.676273 156 2435 3327 150.047682 0.137351 0.010815 5972 
1204873426 21150 81185 7.677069 156 2445 3339 150.235461 0.137379 0.010732 5981 
1204973426 21189 81355 7.678984 156 2452 3344 150.381047 0.137611 0.010693 5985 
1205073426 21230 81490 7.676872 156 2463 3343 150.382101 0.137753 0.010663 5988 
1205173426 21276 81671 7.677289 156 2471 3351 150.517296 0.137501 0.010623 5995 
1205273426 21331 81881 7.677183 156 2479 3373 150.666167 0.137741 0.010585 6005 
1205373426 21381 82087 7.678500 157 2492 3378 150.881250 0.137447 0.010552 6014 
1205473426 21420 82269 7.681513 157 2494 3387 151.083754 0.137340 0.010515 6016 
1205573426 21454 82392 7.680805 157 2501 3392 151.171530 0.137268 0.010495 6018 
1205673426 21470 82470 7.682347 157 2506 3390 151.272380 0.137286 0.010480 6019 
1205773426 21510 82627 7.682659 157 2511 3404 151.334449 0.137440 0.010419 6020 
1205873426 21582 82862 7.678806 157 2529 3424 151.430915 0.137518 0.010525 6030 
1205973426 21613 83043 7.684542 158 2532 3433 151.733864 0.137247 0.010488 6034 
1206073426 21655 83230 7.686908 159 2538 3440 151.949942 0.137212 0.010529 6038 
1206173426 21685 83378 7.689924 159 2542 3441 152.154761 0.137402 0.010502 6040 
1206273426 21712 83505 7.692060 159 2545 3446 152.307940 0.137516 0.010482 6043 
1206373426 21737 83626 7.694346 159 2551 3446 152.435571 0.137461 0.010457 6043 
1206473426 21794 83837 7.693585 160 2562 3464 152.561714 0.137515 0.010414 6051 
1206573426 21833 84027 7.697247 160 2562 3480 152.762882 0.137772 0.010341 6057 
1206673426 21881 84293 7.704675 160 2561 3485 153.134683 0.137530 0.010243 6066 
1206773426 21925 84501 7.708187 160 2567 3492 153.419932 0.137428 0.010211 6073 
1206873426 21969 84660 7.707224 160 2576 3501 153.503027 0.137431 0.010196 6075 
1206973426 22008 84868 7.712468 160 2576 3511 153.860869 0.137128 0.010272 6085 
1207073426 22058 85097 7.715749 160 2577 3524 154.112250 0.137274 0.010239 6098 
1207173426 22132 85375 7.715073 161 2592 3538 154.309235 0.137032 0.010532 6111 
1207273426 22187 85649 7.720647 162 2592 3546 154.656691 0.136912 0.010479 6116 
1207373426 22242 85877 7.722057 162 2603 3556 154.842460 0.136853 0.010442 6123 
1207473426 22288 86024 7.719311 162 2618 3563 154.822954 0.137075 0.010411 6123 
1207573426 22328 86226 7.723576 162 2619 3572 155.057596 0.137217 0.010334 6134 
1207673426 22371 86450 7.728756 162 2624 3580 155.360064 0.137043 0.010313 6139 
1207773426 22425 86683 7.730925 162 2630 3577 155.554069 0.137133 0.010423 6151 
1207873426 22482 86930 7.733298 162 2633 3600 155.703140 0.137413 0.010381 6156 
1207973426 22533 87146 7.734966 162 2642 3608 155.823370 0.137673 0.010299 6162 
1208073426 22555 87260 7.737530 162 2640 3613 155.990512 0.137611 0.010292 6166 
1208173426 22590 87411 7.738911 162 2641 3622 156.134573 0.137436 0.010276 6172 
1208273426 22650 87639 7.738543 162 2656 3633 156.330508 0.137303 0.010282 6189 
1208373426 22693 87896 7.746530 162 2651 3637 156.706033 0.137306 0.010233 6197 
1208473426 22745 88167 7.752649 163 2646 3659 157.043306 0.137244 0.010227 6207 
1208573426 22802 88421 7.755548 164 2653 3663 157.282607 0.137162 0.010334 6221 
1208673426 22828 88538 7.756965 164 2659 3664 157.399597 0.137121 0.010324 6226 
1208773426 22858 88699 7.760871 164 2662 3658 157.585791 0.137188 0.010288 6233 
1208873426 22903 88917 7.764660 164 2667 3669 157.820198 0.137509 0.010223 6247 
1208973426 22956 89152 7.767207 164 2681 3662 158.133473 0.137018 0.010174 6259 
1209073426 23014 89406 7.769705 165 2688 3687 158.492048 0.136270 0.010160 6267 
1209173426 23061 89570 7.768093 165 2691 3708 158.544556 0.136241 0.010244 6269 
1209273426 23090 89711 7.770550 165 2698 3707 158.718320 0.135989 0.010209 6269 
1209373426 23134 89866 7.769171 165 2712 3716 158.848189 0.135762 0.010248 6275 
1209473426 23192 90081 7.768282 167 2720 3730 158.970507 0.135720 0.010311 6283 
1209573426 23255 90309 7.766846 167 2744 3732 159.096968 0.135743 0.010231 6288 
1209673426 23310 90565 7.770485 167 2751 3747 159.362591 0.135872 0.010206 6302 
1209773426 23358 90808 7.775323 167 2753 3759 159.644319 0.135830 0.010130 6306 
1209873426 23383 90990 7.782577 168 2755 3749 160.001283 0.135630 0.010105 6315 
1209973426 23427 91184 7.784522 168 2760 3758 160.192086 0.135796 0.010109 6319 
1210073426 23476 91411 7.787613 168 2766 3761 160.428097 0.135632 0.010245 6333 
1210173426 23532 91623 7.787098 168 2777 3775 160.537396 0.135752 0.010201 6334 
1210273426 23579 91853 7.791085 170 2776 3793 160.830145 0.135386 0.010179 6344 
1210373426 23627 92054 7.792272 172 2777 3804 161.045922 0.134781 0.010163 6349 
1210473426 23672 92229 7.792244 172 2783 3816 161.170835 0.134836 0.010082 6352 
1210573426 23716 92417 7.793641 172 2787 3832 161.351661 0.134946 0.010314 6365 
1210673426 23759 92600 7.794941 172 2794 3841 161.517488 0.134686 0.010259 6370 
1210773426 23812 92817 7.795817 172 2812 3846 161.732152 0.134768 0.010171 6383 
1210873426 23865 93067 7.799455 172 2821 3841 162.005028 0.134785 0.010172 6393 
1210973426 23911 93271 7.801514 172 2828 3843 162.201497 0.134775 0.010108 6398 
1211073426 23960 93431 7.798915 172 2842 3849 162.228715 0.134753 0.010072 6402 
1211173426 23999 93605 7.800742 172 2843 3865 162.334847 0.134947 0.010084 6408 
1211273426 24057 93825 7.800224 172 2848 3886 162.447687 0.135108 0.010087 6419 
1211373426 24104 94039 7.802771 173 2844 3903 162.628029 0.135019 0.010133 6426 
1211473426 24153 94259 7.805159 174 2856 3913 162.840807 0.135244 0.010097 6437 
1211573426 24210 94488 7.805700 174 2865 3921 162.994796 0.135353 0.010123 6445 
1211673426 24241 94663 7.810156 175 2872 3913 163.308279 0.135084 0.010088 6452 
1211773426 24274 94807 7.811403 175 2871 3924 163.459834 0.135180 0.010055 6464 
1211873426 24315 94980 7.812461 176 2876 3928 163.598931 0.135247 0.010033 6471 
1211973426 24366 95172 7.811869 176 2887 3944 163.739966 0.135046 0.010133 6481 
1212073426 24415 95397 7.814622 176 2890 3959 163.996478 0.135152 0.010076 6494 
1212173426 24468 95660 7.819192 176 2903 3954 164.281102 0.134984 0.010036 6497 
1212273426 24520 95823 7.815905 177 2924 3955 164.274144 0.135006 0.010006 6501 
1212373426 24557 95969 7.816020 177 2929 3959 164.360712 0.135107 0.009985 6505 
1212473426 24615 96216 7.817672 178 2938 3977 164.570546 0.135102 0.009932 6513 
1212573426 24668 96438 7.818875 178 2957 3982 164.748176 0.135237 0.009895 6522 
1212673426 24726 96634 7.816388 178 2961 4007 164.743671 0.135541 0.010180 6530 
1212773426 24792 96875 7.815021 178 2963 4033 164.826315 0.135705 0.010321 6538 
1212873426 24844 97083 7.815408 180 2973 4042 165.008131 0.135262 0.010298 6546 
1212973426 24899 97257 7.812121 180 2987 4061 165.019157 0.135385 0.010263 6547 
1213073426 24964 97472 7.809005 180 3006 4079 165.032206 0.135460 0.010218 6552 
1213173426 25020 97684 7.808473 180 3019 4094 165.167786 0.135561 0.010267 6561 
1213273426 25073 97900 7.809197 180 3021 4113 165.308738 0.135500 0.010321 6569 
1213373426 25127 98115 7.809528 180 3032 4123 165.431369 0.135528 0.010260 6577 
1213473426 25165 98274 7.810372 180 3044 4127 165.584979 0.135412 0.010233 6581 
1213573426 25211 98446 7.809766 181 3054 4127 165.663560 0.135392 0.010191 6585 
1213673426 25280 98707 7.809098 181 3057 4157 165.836867 0.135365 0.010300 6597 
1213773426 25330 98961 7.813739 181 3065 4149 166.065219 0.135435 0.010161 6601 
1213873426 25368 99154 7.817250 181 3071 4148 166.341217 0.135307 0.010123 6610 
1213973426 25434 99381 7.814815 182 3087 4159 166.432256 0.135446 0.010086 6619 
1214073426 25486 99565 7.813309 182 3096 4173 166.526407 0.135376 0.010068 6622 
1214173426 25529 99747 7.814407 182 3100 4181 166.649693 0.135545 0.010024 6628 
1214273426 25607 100027 7.812473 183 3109 4195 166.715586 0.135594 0.009977 6634 
1214373426 25679 100301 7.811909 183 3125 4204 166.838195 0.135524 0.010056 6641 
1214473426 25736 100535 7.812791 183 3142 4202 167.047560 0.135246 0.010005 6643 
1214573426 25816 100779 7.807484 183 3171 4211 167.033932 0.135487 0.010072 6652 
1214673426 25890 101002 7.802395 183 3196 4229 167.045346 0.135514 0.010014 6658 
1214773426 25939 101214 7.804002 183 3196 4240 167.186707 0.135672 0.009995 6664 
1214873426 26015 101489 7.802345 184 3210 4253 167.272497 0.135616 0.009940 6666 
1214973426 26087 101778 7.802967 184 3215 4275 167.415648 0.135754 0.010026 6682 
1215073426 26141 102061 7.808500 184 3210 4282 167.738725 0.135658 0.009919 6687 
1215173426 26203 102250 7.804450 184 3221 4301 167.718277 0.135647 0.010016 6693 
1215273426 26235 102383 7.805070 184 3229 4307 167.809110 0.135654 0.009999 6696 
1215373426 26276 102563 7.806592 184 3235 4310 167.938651 0.135816 0.010080 6712 
1215473426 26349 102821 7.804547 184 3236 4340 168.001214 0.135955 0.010325 6721 
1215573426 26439 103129 7.801278 187 3252 4374 168.111956 0.135489 0.010270 6727 
1215673426 26525 103420 7.797926 187 3267 4405 168.158266 0.135750 0.010176 6734 
1215773426 26589 103654 7.796758 187 3283 4412 168.331490 0.135427 0.010126 6741 
1215873426 26630 103845 7.799099 187 3286 4416 168.468719 0.135404 0.010143 6744 
1215973426 26674 104048 7.801455 188 3294 4422 168.740796 0.134695 0.010126 6756 
1216073426 26736 104298 7.802065 188 3301 4427 168.925569 0.134903 0.010048 6766 
1216173426 26823 104647 7.802781 189 3311 4448 169.258696 0.134355 0.009987 6772 
1216273426 26898 104929 7.801993 189 3320 4468 169.378392 0.134352 0.009893 6776 
1216373426 26969 105169 7.799251 189 3342 4485 169.534354 0.133968 0.009855 6783 
1216473426 27008 105369 7.802799 190 3346 4490 169.746816 0.133875 0.009842 6791 
1216573426 27057 105571 7.803600 190 3347 4506 169.836198 0.134087 0.009789 6794 
1216673426 27151 105873 7.798829 191 3370 4522 169.911679 0.134775 0.009717 6804 
1216773426 27253 106211 7.794445 191 3395 4541 169.905698 0.135004 0.009736 6812 
1216873426 27368 106553 7.786685 191 3438 4565 169.908945 0.135191 0.009673 6824 
1216973426 27456 106837 7.782416 192 3453 4601 169.885052 0.135384 0.009783 6831 
1217073426 27521 107068 7.780822 192 3470 4604 169.959086 0.135671 0.009862 6842 
1217173426 27590 107292 7.777601 192 3485 4618 169.983400 0.135820 0.009830 6844 
1217273426 27673 107586 7.775521 193 3507 4634 170.068948 0.135767 0.009771 6851 
1217373426 27772 107929 7.772505 193 3526 4660 170.191560 0.135618 0.009734 6862 
1217473426 27872 108280 7.769805 193 3547 4681 170.304463 0.135611 0.009664 6870 
1217573426 27950 108619 7.772379 193 3563 4691 170.601073 0.135704 0.009561 6884 
1217673426 28030 108891 7.769604 193 3585 4697 170.662076 0.135667 0.009598 6891 
1217773426 28093 109121 7.768554 194 3590 4718 170.747588 0.135726 0.009658 6903 
1217873426 28185 109454 7.766826 194 3610 4741 170.941565 0.135391 0.009772 6915 
1217973426 28303 109845 7.762075 194 3654 4757 171.083772 0.135264 0.009657 6930 
1218073426 28426 110249 7.756913 194 3693 4778 171.230282 0.135183 0.009533 6940 
1218173426 28539 110627 7.752689 194 3716 4792 171.295490 0.135056 0.009472 6946 
1218273426 28592 110888 7.756575 194 3723 4794 171.550364 0.135007 0.009529 6952 
1218373426 28655 111080 7.752923 194 3741 4804 171.562729 0.135109 0.009477 6960 
1218473426 28738 111365 7.750365 194 3764 4818 171.644721 0.135058 0.009448 6971 
1218573426 28852 111725 7.744697 194 3783 4864 171.681755 0.134979 0.009481 6981 
1218673426 28951 112090 7.743429 194 3793 4883 171.833305 0.134638 0.009484 6994 
1218773426 29046 112466 7.743992 194 3813 4902 172.067823 0.134727 0.009428 7000 
1218873426 29138 112765 7.740065 194 3830 4925 172.101997 0.134934 0.009482 7008 
1218973426 29228 113023 7.733885 194 3848 4956 172.063569 0.134943 0.009521 7011 
1219073426 29306 113378 7.737528 195 3857 4967 172.401829 0.134497 0.009456 7026 
1219173426 29435 113821 7.733718 195 3891 4990 172.576185 0.134392 0.009376 7035 
1219273426 29546 114218 7.731537 195 3915 5012 172.770730 0.134485 0.009509 7055 
1219373426 29657 114617 7.729507 195 3935 5044 172.977442 0.134509 0.009471 7071 
1219473426 29758 114972 7.727132 196 3947 5059 173.048189 0.134558 0.009443 7076 
1219573426 29836 115245 7.725231 196 3962 5078 173.149752 0.134590 0.009387 7083 
1219673426 29934 115579 7.722256 196 3986 5090 173.251086 0.134638 0.009371 7100 
1219773426 30072 116020 7.716148 196 4023 5120 173.331937 0.134887 0.009306 7120 
1219873426 30180 116467 7.718158 196 4020 5151 173.659642 0.134878 0.009286 7142 
1219973426 30277 116863 7.719589 196 4027 5178 173.857383 0.135071 0.009227 7152 
1220073426 30383 117180 7.713524 197 4049 5205 173.874206 0.135028 0.009195 7162 
1220173426 30432 117406 7.715957 199 4057 5201 174.105810 0.134694 0.009166 7168 
1220273426 30480 117645 7.719488 201 4059 5208 174.325131 0.134611 0.009142 7179 
1220373426 30532 117889 7.722324 201 4067 5206 174.515263 0.134794 0.009130 7193 
1220473426 30579 118136 7.726610 201 4080 5197 174.879558 0.134319 0.009082 7208 
1220573426 30616 118394 7.734126 201 4067 5203 175.256467 0.134193 0.009048 7219 
1220673426 30692 118667 7.732764 201 4070 5232 175.328294 0.134473 0.009010 7219 
1220773426 30762 118983 7.735713 201 4070 5244 175.577531 0.134231 0.008976 7228 
1220873426 30833 119240 7.734570 202 4088 5251 175.631758 0.134392 0.008943 7232 
1220973426 30928 119702 7.740688 202 4092 5260 176.054902 0.134324 0.008960 7250 
1221073426 31051 120077 7.734179 202 4121 5282 176.019710 0.134684 0.008901 7255 
1221173426 31159 120462 7.732084 202 4141 5307 176.183318 0.134804 0.008848 7266 
1221273426 31277 120846 7.727467 203 4162 5358 176.263708 0.134853 0.008777 7275 
1221373426 31363 121193 7.728406 203 4174 5379 176.493575 0.134591 0.008849 7286 
1221473426 31433 121494 7.730347 203 4178 5401 176.704864 0.134427 0.008917 7293 
1221573426 31528 121869 7.730842 203 4198 5403 176.984458 0.134363 0.008871 7304 
1221673426 31695 122438 7.726014 205 4231 5432 177.184162 0.134540 0.008844 7324 
1221773426 31814 122915 7.727101 205 4236 5455 177.454894 0.134621 0.008790 7344 
1221873426 31929 123320 7.724639 206 4266 5478 177.579191 0.134639 0.008838 7358 
1221973426 32034 123677 7.721608 208 4279 5511 177.680340 0.134518 0.008898 7364 
1222073426 32119 124018 7.722407 209 4284 5537 177.857841 0.134688 0.008943 7384 
1222173426 32225 124431 7.722638 210 4306 5538 178.070380 0.134732 0.008874 7395 
1222273426 32352 124846 7.717977 212 4328 5566 178.126175 0.134662 0.008852 7409 
1222373426 32467 125284 7.717621 214 4340 5598 178.439770 0.134065 0.008766 7420 
1222473426 32579 125678 7.715277 214 4371 5622 178.585653 0.134062 0.008729 7434 
1222573426 32659 125946 7.712790 214 4372 5650 178.615206 0.134021 0.008696 7441 
1222673426 32765 126305 7.709751 214 4398 5676 178.686464 0.134072 0.008631 7449 
1222773426 32857 126749 7.715190 215 4403 5687 179.035457 0.133886 0.008577 7466 
1222873426 32979 127182 7.712908 215 4428 5707 179.185057 0.134010 0.008512 7477 
1222973426 33085 127693 7.719087 215 4424 5727 179.677135 0.133915 0.008549 7503 
1223073426 33205 128194 7.721367 216 4444 5748 180.019214 0.133980 0.008485 7517 
1223173426 33282 128554 7.725137 216 4439 5766 180.281413 0.134036 0.008460 7529 
1223273426 33367 128887 7.725417 217 4457 5776 180.431504 0.134041 0.008426 7538 
1223373426 33470 129303 7.726501 217 4471 5799 180.650672 0.134122 0.008395 7551 
1223473426 33600 129803 7.726369 218 4496 5826 180.901012 0.133972 0.008463 7575 
1223573426 33747 130243 7.718790 218 4542 5847 180.911014 0.134113 0.008409 7579 
1223673426 33870 130766 7.721642 218 4553 5871 181.302982 0.134251 0.008383 7599 
1223773426 33966 131107 7.719896 219 4571 5905 181.485014 0.134128 0.008347 7609 
1223873426 34055 131529 7.724504 219 4570 5922 181.864337 0.133992 0.008339 7625 
1223973426 34185 132101 7.728594 221 4578 5950 182.277198 0.133624 0.008387 7646 
1224073426 34292 132512 7.728450 221 4598 5949 182.352094 0.133972 0.008380 7651 
1224173426 34417 133017 7.729727 221 4608 5973 182.561525 0.134195 0.008338 7668 
1224273426 34569 133614 7.730279 222 4633 5991 182.883913 0.134114 0.008347 7686 
1224373426 34660 133921 7.727698 223 4650 6011 182.973745 0.133838 0.008454 7694 
1224473426 34754 134299 7.728549 223 4665 6027 183.256201 0.133742 0.008387 7708 
1224573426 34906 134893 7.728929 224 4697 6048 183.565347 0.133710 0.008389 7739 
1224673426 35031 135360 7.728012 225 4706 6084 183.736062 0.133708 0.008357 7757 
1224773426 35171 135926 7.729436 227 4719 6116 184.018083 0.133785 0.008311 7776 
1224873426 35306 136479 7.731207 227 4729 6157 184.295644 0.133964 0.008231 7795 
1224973426 35389 136837 7.733307 227 4726 6180 184.507107 0.134020 0.008212 7806 
1225073426 35476 137159 7.732495 227 4745 6197 184.682828 0.133969 0.008244 7818 
1225173426 35618 137713 7.732776 228 4758 6225 184.928575 0.134006 0.008266 7842 
1225273426 35741 138142 7.730170 228 4787 6246 185.031029 0.134001 0.008362 7850 
1225373426 35845 138580 7.732180 228 4797 6266 185.324983 0.133837 0.008337 7870 
1225473426 35996 139109 7.729137 228 4835 6284 185.482609 0.133763 0.008244 7894 
1225573426 36076 139458 7.731345 228 4845 6284 185.696031 0.133830 0.008279 7910 
1225673426 36153 139785 7.732968 228 4846 6317 185.931403 0.133723 0.008256 7922 
1225773426 36307 140380 7.732944 229 4871 6354 186.322032 0.133456 0.008215 7942 
1225873426 36427 140826 7.731957 229 4890 6381 186.613940 0.133310 0.008157 7959 
1225973426 36549 141290 7.731538 230 4892 6418 186.784809 0.133166 0.008151 7980 
1226073426 36701 141850 7.730035 231 4904 6467 186.964987 0.133244 0.008086 7996 
1226173426 36814 142327 7.732221 231 4920 6474 187.246211 0.133266 0.008101 8015 
1226273426 36907 142783 7.737448 232 4926 6490 187.719186 0.132945 0.008057 8026 
1226373426 37058 143514 7.745372 232 4931 6514 188.282530 0.132870 0.008143 8052 
1226473426 37242 144206 7.744267 234 4957 6532 188.491864 0.132839 0.008112 8070 
1226573426 37404 144774 7.741097 234 5002 6563 188.700032 0.132898 0.008051 8095 
1226673426 37596 145431 7.736515 235 5028 6613 188.771305 0.133039 0.008127 8112 
1226773426 37719 146002 7.741563 237 5026 6641 189.193987 0.133018 0.008095 8138 
1226873426 37825 146482 7.745248 238 5040 6643 189.522274 0.132883 0.008046 8148 
1226973426 37987 147161 7.747966 239 5068 6665 189.956248 0.132680 0.008000 8177 
1227073426 38170 147827 7.745717 241 5106 6696 190.180194 0.132348 0.008226 8206 
1227173426 38309 148401 7.747579 242 5107 6742 190.448459 0.132285 0.008137 8222 
1227273426 38465 148986 7.746575 243 5133 6775 190.688210 0.132132 0.008050 8242 
1227373426 38603 149468 7.743854 244 5154 6807 190.753258 0.132186 0.008079 8257 
1227473426 38708 149923 7.746357 244 5177 6804 191.052754 0.131912 0.008124 8281 
1227573426 38868 150538 7.746115 244 5209 6838 191.348616 0.131987 0.008084 8299 
1227673426 39046 151229 7.746197 244 5236 6876 191.648005 0.131714 0.008004 8310 
1227773426 39167 151741 7.748411 244 5251 6907 191.976204 0.131747 0.008023 8327 
1227873426 39273 152139 7.747766 245 5274 6925 192.137092 0.131557 0.007989 8332 
1227973426 39382 152553 7.747347 245 5289 6939 192.281550 0.131530 0.007953 8341 
1228073426 39521 153047 7.745098 245 5305 6979 192.383745 0.131678 0.008059 8361 
1228173426 39662 153673 7.749130 245 5298 7033 192.766376 0.131721 0.008070 8378 
1228273426 39851 154410 7.749366 245 5329 7065 193.153497 0.131485 0.008105 8404 
1228373426 40002 155157 7.757462 246 5330 7087 193.810459 0.131415 0.008081 8438 
1228473426 40175 155812 7.756665 246 5357 7141 194.046696 0.131706 0.008093 8460 
1228573426 40291 156362 7.761634 246 5369 7145 194.473058 0.131720 0.008109 8481 
1228673426 40406 156891 7.765728 248 5371 7161 194.802505 0.131451 0.008028 8490 
1228773426 40562 157583 7.769982 248 5387 7177 195.265026 0.131393 0.007975 8515 
1228873426 40753 158325 7.769980 248 5413 7223 195.613427 0.131479 0.007915 8545 
1228973426 40918 159032 7.773205 248 5413 7247 195.998436 0.131183 0.007903 8560 
1229073426 41075 159700 7.776019 248 5423 7294 196.434133 0.130910 0.007975 8589 
1229173426 41194 160172 7.776472 248 5438 7313 196.597466 0.131142 0.007949 8600 
1229273426 41329 160642 7.773815 248 5458 7348 196.753853 0.131014 0.008030 8613 
1229373426 41482 161292 7.776481 248 5477 7366 197.134179 0.131185 0.008085 8638 
1229473426 41686 162102 7.777287 250 5500 7408 197.528235 0.130707 0.008036 8667 
1229573426 41874 162887 7.779863 251 5536 7405 197.987630 0.130510 0.007906 8698 
1229673426 42060 163577 7.778269 252 5556 7447 198.191393 0.130303 0.007897 8720 
1229773426 42191 164154 7.781470 252 5561 7470 198.525942 0.130221 0.007857 8734 
1229873426 42297 164669 7.786321 252 5567 7481 198.957940 0.129901 0.007900 8758 
1229973426 42457 165441 7.793344 252 5572 7516 199.577031 0.129718 0.007881 8783 
1230073426 42626 166225 7.799231 253 5555 7575 200.028762 0.129662 0.007868 8803 
1230173426 42765 166837 7.802502 253 5553 7614 200.360201 0.129753 0.007792 8820 
1230273426 42887 167345 7.803997 253 5570 7637 200.623173 0.129673 0.007762 8837 
1230373426 43006 167810 7.804027 253 5575 7682 200.822955 0.129531 0.007806 8855 
1230473426 43126 168323 7.806103 253 5595 7689 201.093169 0.129664 0.007774 8875 
1230573426 43313 169052 7.806063 253 5619 7723 201.335719 0.129936 0.007781 8908 
1230673426 43538 169862 7.802931 254 5657 7766 201.564564 0.129887 0.007738 8941 
1230773426 43759 170683 7.801047 256 5691 7817 201.876094 0.129676 0.007756 8976 
1230873426 43928 171303 7.799262 256 5724 7851 202.022765 0.129975 0.007792 9003 
1230973426 44100 171970 7.799093 256 5748 7886 202.241406 0.130041 0.007918 9037 
1231073426 44197 172531 7.807362 257 5735 7900 202.820101 0.129901 0.007907 9063 
1231173426 44341 173202 7.812273 258 5759 7906 203.256715 0.129624 0.007841 9083 
1231273426 44489 174122 7.827643 258 5733 7924 204.170829 0.129457 0.007866 9133 
1231373426 44625 175014 7.843765 261 5722 7906 205.093871 0.128973 0.007861 9158 
1231473426 44748 175872 7.860552 262 5704 7877 206.061366 0.128582 0.007814 9194 
1231573426 44847 176602 7.875755 263 5679 7894 206.920062 0.128505 0.007824 9229 
1231673426 44930 177143 7.885288 263 5667 7907 207.537280 0.128567 0.007794 9253 
1231773426 45024 177769 7.896633 264 5631 7914 208.220194 0.128073 0.007692 9288 
1231873426 45149 178600 7.911582 266 5608 7929 209.112184 0.127792 0.007633 9314 
1231973426 45266 179424 7.927539 266 5590 7938 209.995847 0.127601 0.007603 9347 
1232073426 45375 180181 7.941862 267 5572 7931 210.791008 0.127543 0.007539 9389 
1232173426 45486 180930 7.955415 267 5563 7948 211.602559 0.127329 0.007558 9424 
1232273426 45569 181512 7.966468 267 5539 7966 212.217385 0.127227 0.007566 9444 
1232373426 45625 182035 7.979616 269 5514 7946 212.903803 0.127010 0.007574 9464 
1232473426 45717 182766 7.995538 269 5482 7935 213.764158 0.126931 0.007543 9494 
1232573426 45806 183368 8.006287 269 5465 7940 214.375366 0.127028 0.007544 9528 
1232673426 45813 183412 8.006985 269 5466 7941 214.401022 0.127039 0.007539 9528 
