[1.24877 1.2489  1.24952 1.24949 1.25088 1.25327 1.25416 1.25504 1.25519
 1.25461 1.25489 1.25413 1.25313 1.25164 1.24955 1.24881 1.24808 1.24764
 1.2471  1.24629 1.24578 1.24576 1.24522 1.24521 1.24585 1.24508 1.24382
 1.24424 1.24425 1.24348 1.24334 1.24248 1.24202 1.24093 1.2405  1.23957
 1.23933 1.23926 1.23953 1.23884 1.23873 1.23885 1.23837 1.23818 1.23702
 1.23733 1.23665 1.23586 1.23485 1.23448 1.2343  1.23314 1.23257 1.23212
 1.23209 1.23199 1.23088 1.23074 1.23093 1.23101 1.23168 1.2318  1.23234
 1.23173 1.23149 1.23204 1.23157 1.23107 1.23218 1.23192 1.23177 1.23206
 1.23209 1.23204 1.23186 1.23169 1.23121 1.23154 1.23152 1.23136 1.2306
 1.23112 1.23036 1.23085 1.22974 1.22906 1.22786 1.22802 1.22739 1.22743
 1.22768 1.22739 1.22704 1.22674 1.22675 1.22633 1.2262  1.22565 1.22559
 1.225  ][1.2419  1.24327 1.24531 1.24672 1.24851 1.25026 1.25096 1.25166 1.25148
 1.25238 1.25249 1.25387 1.2543  1.25396 1.25461 1.25475 1.2569  1.25994
 1.26173 1.26207 1.2614  1.26014 1.25976 1.25897 1.25954 1.25963 1.25784
 1.25814 1.25744 1.25607 1.2542  1.25342 1.25415 1.25347 1.25249 1.25239
 1.25223 1.25148 1.25101 1.2504  1.24889 1.24925 1.24827 1.24613 1.24628
 1.24581 1.24518 1.24313 1.2424  1.24153 1.23982 1.23849 1.23863 1.23747
 1.23694 1.23734 1.23683 1.23575 1.23602 1.23564 1.23599 1.23518 1.23383
 1.23469 1.23381 1.23376 1.23288 1.23145 1.2313  1.23086 1.22992 1.22926
 1.22932 1.22962 1.22924 1.22916 1.22886 1.22886 1.22796 1.22714 1.22595
 1.2255  1.226   1.22479 1.22406 1.22303 1.22221 1.22124 1.22057 1.21865
 1.21864 1.21723 1.21638 1.21598 1.21491 1.21434 1.2138  1.21322 1.21304
 1.21251][1.25185 1.25226 1.25113 1.25187 1.25232 1.25244 1.25373 1.25405 1.2535
 1.2535  1.25488 1.25502 1.25632 1.25664 1.25734 1.25775 1.25715 1.25794
 1.25818 1.25928 1.25961 1.26087 1.26147 1.26195 1.26269 1.26191 1.26012
 1.26206 1.26281 1.2634  1.26257 1.26196 1.26256 1.26199 1.26135 1.26126
 1.25974 1.25874 1.25796 1.25754 1.25665 1.25576 1.25469 1.2547  1.25413
 1.25317 1.25337 1.25234 1.25182 1.25107 1.2501  1.24968 1.24845 1.24891
 1.24864 1.24761 1.24653 1.24542 1.2444  1.2439  1.24287 1.24262 1.24098
 1.2414  1.24134 1.24054 1.24027 1.23936 1.23899 1.23873 1.23787 1.23673
 1.23768 1.23765 1.23684 1.23539 1.2343  1.23347 1.2333  1.23156 1.23151
 1.23071 1.22988 1.22985 1.22979 1.22989 1.22925 1.22868 1.22802 1.22704
 1.22702 1.22668 1.22619 1.22585 1.22521 1.22504 1.22526 1.22574 1.2264
 1.22591][1.23478 1.23482 1.23626 1.23613 1.23819 1.23934 1.24124 1.24325 1.24545
 1.24647 1.24794 1.24846 1.249   1.25094 1.25121 1.25249 1.25398 1.25411
 1.2554  1.25609 1.25645 1.25717 1.25852 1.25965 1.26059 1.2622  1.26288
 1.26436 1.26666 1.26759 1.26724 1.26833 1.26855 1.26863 1.26832 1.269
 1.2699  1.2696  1.26949 1.27035 1.2685  1.26897 1.26779 1.26784 1.26682
 1.26505 1.26155 1.2614  1.25997 1.26001 1.25915 1.25872 1.25849 1.25703
 1.25673 1.25601 1.25612 1.25627 1.25511 1.25358 1.25282 1.25255 1.25186
 1.2524  1.25071 1.25026 1.24967 1.25009 1.24811 1.24686 1.24618 1.24488
 1.24459 1.24501 1.24426 1.24235 1.24171 1.24161 1.24116 1.24043 1.24005
 1.23931 1.23786 1.23797 1.23777 1.23699 1.23624 1.23628 1.23454 1.23306
 1.23341 1.23299 1.23273 1.2323  1.23311 1.23379 1.23427 1.23396 1.23379
 1.23391][1.21391 1.21458 1.2137  1.21533 1.21625 1.21635 1.21792 1.2193  1.22009
 1.21855 1.2197  1.21981 1.2203  1.22111 1.22204 1.22199 1.22271 1.22336
 1.22336 1.22587 1.22654 1.22664 1.22763 1.22726 1.22789 1.2274  1.22743
 1.22746 1.22982 1.23175 1.23284 1.23291 1.23449 1.23512 1.23756 1.23812
 1.23816 1.2379  1.2391  1.2402  1.24101 1.24241 1.24334 1.2441  1.24546
 1.24741 1.24911 1.24991 1.24987 1.25141 1.25053 1.25078 1.24968 1.24911
 1.24885 1.24788 1.24842 1.24701 1.24676 1.24509 1.2445  1.24271 1.24094
 1.23941 1.2396  1.23936 1.23774 1.23658 1.23601 1.23541 1.23431 1.23393
 1.23244 1.2318  1.23151 1.2321  1.23217 1.23145 1.23021 1.22928 1.22855
 1.22816 1.22719 1.22718 1.22615 1.22509 1.22597 1.22515 1.22359 1.22281
 1.22243 1.22237 1.22183 1.22051 1.21942 1.21922 1.21971 1.21925 1.21911
 1.21927][1.22456 1.22417 1.22507 1.22569 1.22495 1.2262  1.22668 1.22739 1.22803
 1.22889 1.22922 1.23    1.23076 1.23164 1.23312 1.23485 1.23528 1.23638
 1.23715 1.23971 1.24017 1.24108 1.2415  1.24339 1.24492 1.24545 1.24682
 1.24763 1.24719 1.24876 1.25093 1.25256 1.25226 1.25396 1.25342 1.2537
 1.25497 1.25586 1.25691 1.25784 1.25937 1.25879 1.2596  1.26182 1.26408
 1.2653  1.26443 1.26553 1.26637 1.26695 1.26835 1.26844 1.26943 1.27026
 1.27014 1.27017 1.27099 1.2696  1.27093 1.27202 1.27143 1.27084 1.27045
 1.26895 1.26838 1.26873 1.26918 1.26841 1.26643 1.26527 1.26347 1.26292
 1.26276 1.26193 1.2615  1.2597  1.25679 1.2564  1.25486 1.25357 1.25398
 1.25344 1.25293 1.25292 1.25197 1.252   1.25146 1.25091 1.25028 1.24806
 1.24717 1.24621 1.24578 1.24559 1.24492 1.24447 1.24429 1.24308 1.24131
 1.24108][1.22963 1.2288  1.2294  1.22955 1.22976 1.2299  1.22948 1.22882 1.22943
 1.22931 1.22968 1.23071 1.23077 1.23174 1.23325 1.23438 1.23464 1.23436
 1.23632 1.23691 1.2366  1.2371  1.23973 1.24077 1.24149 1.24262 1.24212
 1.24207 1.24215 1.24275 1.24248 1.24331 1.24461 1.24658 1.2459  1.2463
 1.24768 1.24938 1.2497  1.24999 1.24963 1.24974 1.25107 1.25133 1.2524
 1.2529  1.25499 1.25602 1.2551  1.25574 1.25619 1.25653 1.25555 1.25779
 1.25882 1.25922 1.26108 1.26286 1.2645  1.26476 1.26578 1.26556 1.26693
 1.26686 1.2669  1.26659 1.26682 1.26835 1.26922 1.26962 1.26741 1.26747
 1.26642 1.26583 1.26491 1.26454 1.26458 1.26377 1.26264 1.26124 1.25981
 1.25826 1.25709 1.25517 1.25412 1.2532  1.2519  1.25085 1.25048 1.24993
 1.24989 1.24961 1.24945 1.24926 1.24943 1.24942 1.24782 1.24658 1.24524
 1.24443][1.23105 1.23173 1.23512 1.2366  1.2368  1.23685 1.23843 1.24007 1.23979
 1.24034 1.24087 1.24184 1.24301 1.24402 1.24464 1.24506 1.24534 1.2471
 1.24736 1.24911 1.25161 1.25279 1.2537  1.2556  1.25523 1.2563  1.25702
 1.25663 1.2569  1.25802 1.26059 1.26231 1.26369 1.26569 1.26837 1.27098
 1.27301 1.27473 1.27605 1.27898 1.27954 1.28015 1.27874 1.27869 1.27985
 1.28014 1.28142 1.28316 1.28387 1.28589 1.28644 1.28512 1.28485 1.28519
 1.28448 1.28464 1.28425 1.28634 1.28616 1.28795 1.2895  1.28884 1.29014
 1.29082 1.2927  1.29401 1.295   1.29533 1.2961  1.29749 1.29753 1.29773
 1.30146 1.30203 1.30231 1.30481 1.30638 1.30755 1.30895 1.31063 1.30913
 1.31038 1.31028 1.30932 1.30919 1.30861 1.30838 1.30613 1.30627 1.30663
 1.30649 1.30623 1.30584 1.30601 1.30461 1.3036  1.30344 1.30216 1.30007
 1.29977][1.30406 1.30427 1.30475 1.30451 1.3043  1.3066  1.30792 1.30918 1.309
 1.30864 1.31043 1.3107  1.31044 1.31084 1.31145 1.31245 1.31239 1.31366
 1.31299 1.31371 1.31366 1.31435 1.3152  1.3169  1.31803 1.31991 1.32061
 1.32104 1.32189 1.3229  1.32322 1.32435 1.3258  1.32763 1.32741 1.32796
 1.32772 1.3273  1.32759 1.3299  1.32977 1.33144 1.33279 1.33419 1.33551
 1.33615 1.33653 1.33816 1.34051 1.34192 1.34524 1.34589 1.34621 1.34707
 1.34833 1.34851 1.34834 1.34863 1.35032 1.35093 1.35107 1.35271 1.35429
 1.35612 1.35705 1.35837 1.35988 1.36009 1.3603  1.36259 1.3634  1.3654
 1.3666  1.36682 1.368   1.36858 1.36974 1.37079 1.37203 1.37216 1.37282
 1.37362 1.37355 1.37425 1.37473 1.37715 1.37945 1.38025 1.38054 1.38194
 1.38133 1.38159 1.38155 1.38009 1.38011 1.37938 1.37879 1.37693 1.37527
 1.37519]