10 28 33 2.357142857142857 0.0873015873015873 7 0.10306122448979592 8.285714285714286 0.30292846855497024
20 47 56 2.382978723404255 0.05180388529139685 8 0.03617021276595745 8.893617021276595 0.30685387031221123
30 66 83 2.515151515151515 0.0386946386946387 9 0.0215007215007215 9.909090909090908 0.19046533886331682
40 82 112 2.731707317073171 0.03372478169226137 10 0.04349593495934959 12.048780487804878 0.15647158235056724
50 107 155 2.897196261682243 0.027332040204549463 13 0.04700481242537318 14.990654205607477 0.05315861008442656
60 124 180 2.903225806451613 0.023603461841070025 13 0.04091132881455462 15.064516129032258 0.07586318139755706
70 148 215 2.9054054054054053 0.019764662621805477 14 0.0353903603903604 15.594594594594595 -0.009803576984313465
80 167 242 2.8982035928143715 0.01745905778803838 15 0.030803993079442184 15.7125748502994 -0.021841467841861587
90 190 283 2.9789473684210526 0.015761626287942077 15 0.02886733149891044 16.242105263157896 -0.027642997472297655
100 207 321 3.101449275362319 0.015055579006613199 16 0.02261587044195739 17.497584541062803 -0.015202340205219171
110 224 366 3.267857142857143 0.01465406790518898 18 0.02624610595986646 19.910714285714285 -0.012111335053034439
120 240 398 3.316666666666667 0.013877266387726638 18 0.024120398936575402 20.483333333333334 -0.012666918223155991
130 251 436 3.4741035856573705 0.013896414342629481 20 0.02457850000126713 22.932270916334662 -0.007054588580221823
140 273 475 3.47985347985348 0.012793578970049558 21 0.019436468943154196 22.974358974358974 -0.004870800135721548
150 291 522 3.5876288659793816 0.012371134020618556 21 0.02139095538364632 24.611683848797252 -0.009878179156361152
160 306 564 3.6862745098039214 0.012086145933783349 22 0.020453486305183014 26.18300653594771 -0.013683611432173512
170 326 597 3.6625766871165646 0.01126946672958943 22 0.018924262218056966 26.104294478527606 -0.011855643957061988
180 343 638 3.7201166180758016 0.010877533970981876 22 0.018097837158393703 27.137026239067055 -1.716429667962806E-4
190 356 678 3.808988764044944 0.01072954581421111 22 0.019894468600203104 28.370786516853933 -0.0016853931793111912
200 371 735 3.9622641509433962 0.010708822029576747 26 0.02685049818787204 31.390835579514825 -0.014548830175063806
210 382 763 3.994764397905759 0.010484945926261835 26 0.026568033012009804 32.12565445026178 -0.015223986546820832
220 396 803 4.055555555555555 0.010267229254571027 26 0.02745470428842206 33.823232323232325 0.008611777102854365
230 411 842 4.097323600973236 0.009993472197495698 26 0.02570753097440285 34.37469586374696 0.017006257569821978
240 428 882 4.121495327102804 0.00965221388080282 26 0.02514979488424989 34.55607476635514 0.021116211989235214
250 446 936 4.197309417040358 0.009432155993349121 26 0.02499891870877257 36.16143497757847 0.025917671827997993
260 457 977 4.275711159737418 0.00937655956082767 27 0.026996452448817976 37.544857768052516 0.022158883682464665
270 470 1014 4.314893617021276 0.009200199609853469 28 0.026229772616430117 38.37021276595745 0.023734973964048826
280 485 1068 4.4041237113402065 0.009099429155661583 30 0.026152386302050953 40.350515463917525 0.03756759907269799
290 498 1125 4.518072289156627 0.009090688710576713 31 0.02552751552662943 42.6425702811245 0.032272621970013925
300 510 1156 4.533333333333333 0.008906352324819908 33 0.02497776097255042 42.96078431372549 0.029067242973550407
310 528 1202 4.553030303030303 0.008639526191708356 34 0.02394735547576476 43.625 0.02752584213498577
320 543 1242 4.574585635359116 0.00844019489918656 34 0.022623671396819315 43.966850828729285 0.0345180406769046
330 558 1287 4.612903225806452 0.008281693403602247 36 0.022273155701916347 44.924731182795696 0.040813874676111764
340 572 1333 4.660839160839161 0.008162590474324275 37 0.021504337447387993 45.57342657342657 0.04218584851980601
350 587 1368 4.660988074957411 0.007953904564773738 37 0.020620019801322886 45.54003407155025 0.0485010431692254
360 598 1404 4.695652173913044 0.007865414026655014 37 0.020364517858471168 46.45484949832776 0.04070192561975591
370 612 1445 4.722222222222222 0.007728677941443899 37 0.01974764828954036 46.60457516339869 0.047976177781391745
380 630 1470 4.666666666666667 0.007419183889772125 38 0.020763826459904315 45.86349206349206 0.05350221422358966
390 644 1505 4.673913043478261 0.007268916086280343 39 0.02051070113612387 46.21739130434783 0.0538014002351269
400 659 1545 4.688922610015174 0.007126022203670478 39 0.020691021167029297 46.52807283763278 0.0550445726824001
410 673 1583 4.7043090638930165 0.007000459916507465 39 0.019084318072114758 46.7964338781575 0.054616965060317234
420 684 1642 4.8011695906432745 0.007029530879419143 39 0.018918997837435215 48.34795321637427 0.05435420075243903
430 696 1681 4.830459770114943 0.006950301827503514 39 0.018959805757804 48.77873563218391 0.054499999574262374
440 711 1724 4.849507735583685 0.006830292585329134 39 0.018861788508372692 49.08016877637131 0.056735272598749074
450 722 1781 4.933518005540166 0.00684260472335668 39 0.018712744164374538 50.85872576177285 0.0557802629187364
460 737 1867 5.066485753052917 0.006883812164474072 40 0.018959018041091104 53.706919945725915 0.04979791149813016
470 751 1909 5.083888149134487 0.006778517532179317 40 0.01854725953187965 53.885486018641814 0.052617939306676964
480 763 1948 5.1061598951507206 0.0067009972377306045 41 0.018303041966631413 54.17300131061599 0.054155631900424314
490 774 1991 5.144702842377261 0.006655501736581191 41 0.017598797841361632 54.656330749354005 0.056785989414094025
500 787 2040 5.184243964421855 0.006595730234633403 41 0.017303265306210527 55.479034307496825 0.0562085845777831
510 800 2086 5.215 0.006526908635794744 43 0.01610213982849286 56.2225 0.05474562151773851
520 814 2138 5.253071253071253 0.006461342254700188 44 0.01573212946155756 56.95577395577396 0.0571736585894109
530 828 2196 5.304347826086956 0.00641396351401083 45 0.0157909315368946 57.97584541062802 0.05349960753998884
540 841 2230 5.303210463733651 0.006313345790159108 46 0.01612349287990845 58.10701545778835 0.051748488796670176
550 856 2302 5.378504672897196 0.006290648740230639 46 0.016367182860863264 60.07943925233645 0.039143279694185386
560 869 2367 5.447640966628309 0.006276084062935839 46 0.016055387858974698 61.53279631760645 0.03697521485875761
570 886 2399 5.415349887133183 0.006119039420489472 46 0.01574615214441789 61.103837471783294 0.0382335938512253
580 897 2433 5.424749163879599 0.006054407548972766 46 0.01542320214486909 61.400222965440356 0.036622494730039645
590 911 2483 5.451152579582876 0.0059902775599811825 48 0.015707693379577132 62.083424807903405 0.03460337880630996
600 926 2535 5.475161987041036 0.005919094040044364 48 0.015870423825474357 62.90712742980561 0.032055266491963795
610 942 2588 5.494692144373673 0.005839205254382225 48 0.01547425056984686 63.52653927813164 0.034623468716837316
620 956 2646 5.535564853556485 0.005796402988017262 49 0.0151420069026092 64.67573221757323 0.030504793775125768
630 969 2686 5.543859649122807 0.005727127736697115 50 0.014933949060383497 64.95975232198143 0.02864931522949062
640 981 2736 5.577981651376147 0.005691818011608313 51 0.014647510221099686 65.63302752293578 0.028280091173256302
650 996 2774 5.570281124497992 0.005598272486932655 51 0.014312865554335655 65.59437751004016 0.029706905236787044
660 1008 2808 5.571428571428571 0.005532699673712583 51 0.014088697236052192 65.61111111111111 0.031042122881042893
670 1023 2858 5.5874877810361685 0.005467209179096055 51 0.013758786585255233 66.297165200391 0.030631911517679456
680 1035 2924 5.65024154589372 0.005464450237808239 52 0.015105432061841133 67.79516908212561 0.028404387630952235
690 1046 2964 5.667304015296367 0.005423257430905614 52 0.015232653473164773 68.26003824091778 0.027962749474469778
700 1060 3013 5.684905660377359 0.0053681828709890075 53 0.0151448731385555 69.02264150943397 0.02812551311322183
710 1072 3097 5.777985074626866 0.00539494404727065 53 0.015699585245746977 72.2518656716418 0.03131058599317255
720 1085 3126 5.7622119815668205 0.005315693709932491 53 0.016081290845604102 72.22304147465438 0.031506486482667885
730 1101 3183 5.782016348773842 0.005256378498885311 54 0.016858118151710722 72.6521344232516 0.03218999891281452
740 1115 3228 5.790134529147982 0.0051976072972603074 54 0.015892016539018707 72.78923766816143 0.035301489725563275
750 1130 3269 5.785840707964602 0.0051247481912883985 54 0.016071983565420757 72.78230088495575 0.0379923201364585
760 1146 3298 5.755671902268761 0.00502678768757097 54 0.016128829681319963 72.36823734729494 0.03879390908711862
770 1157 3344 5.780466724286949 0.0050004037407326545 54 0.015997721666876984 72.95937770095074 0.03901115605221334
780 1172 3383 5.773037542662116 0.004930006441214446 54 0.015616565000275862 72.90443686006826 0.040774317537170326
790 1184 3449 5.826013513513513 0.0049247789632405016 54 0.015478016217665428 74.25337837837837 0.04262216458068168
800 1195 3496 5.851046025104602 0.004900373555363989 54 0.0157159983579305 74.64435146443515 0.04308344667978781
810 1208 3526 5.837748344370861 0.004836576921599719 54 0.015461316811287274 74.48013245033113 0.043780009361193896
820 1220 3587 5.880327868852459 0.0048238948883121075 55 0.015422780502807352 75.65737704918033 0.04295089880170771
830 1235 3629 5.876923076923077 0.004762498441590824 55 0.015408554788578688 75.60161943319838 0.044836289836194435
840 1246 3709 5.953451043338684 0.004781888388223843 55 0.015608727912373095 77.47993579454254 0.044737896232949353
850 1257 3764 5.988862370723946 0.0047682025244617406 55 0.015561125374561747 78.30389817024663 0.04313678108836693
860 1271 3808 5.99213217938631 0.0047182143144774095 56 0.015289262399072119 78.50826121164438 0.043610400209208026
870 1283 3854 6.007794232268122 0.004686266951847208 56 0.015305002527878784 79.18316445830085 0.04057382470519758
880 1295 3888 6.004633204633205 0.004640365691370328 56 0.01550978785721143 79.12277992277993 0.041010750078581175
890 1309 3986 6.090145148968678 0.004656074272911833 57 0.01546147495895157 82.03972498090145 0.038308121107116365
900 1325 4040 6.09811320754717 0.0046058256854585875 58 0.015313485297760542 82.56150943396226 0.036086313252459215
910 1339 4086 6.103061986557132 0.004561331828518036 59 0.01578938583794048 82.77669902912622 0.03587073723733982
920 1351 4142 6.131754256106587 0.004542040189708584 59 0.015727213409882784 83.42857142857143 0.03487230533406145
930 1362 4189 6.151248164464024 0.004519653317019856 59 0.01562656747918853 83.97063142437592 0.03374483897706113
940 1373 4238 6.173343044428259 0.004499521169408352 61 0.01545594938741576 84.59577567370721 0.03170374974949281
950 1387 4311 6.216294160057679 0.004485060721542336 61 0.01547616374590561 85.83417447728911 0.03214439905562508
960 1400 4378 6.2542857142857144 0.004470540181762484 62 0.015427567663859741 86.89714285714285 0.03291743850623797
970 1416 4441 6.272598870056497 0.004432932063644168 62 0.015300394587309215 87.67937853107344 0.0342186819442895
980 1432 4487 6.266759776536313 0.004379287055580931 62 0.015074117548654418 87.76536312849161 0.03455618970530048
990 1444 4516 6.254847645429363 0.004334613752896301 62 0.014927518957730906 87.4196675900277 0.03640148397718432
1000 1457 4566 6.2676733013040495 0.0043047206739725615 63 0.014394241448816245 87.91489361702128 0.03657416854965667
1010 1470 4613 6.276190476190476 0.00427242374145029 64 0.014239850477872027 88.18367346938776 0.03679206905225943
1020 1483 4660 6.284558327714093 0.004240592663774692 64 0.014213669801505803 88.28995279838166 0.038012792527850336
1030 1501 4726 6.297135243171219 0.004198090162114146 64 0.014119294595141994 89.07395069953364 0.03701688333709023
1040 1515 4774 6.302310231023102 0.004162688395655946 64 0.014114449150037824 89.3940594059406 0.03730716396954067
1050 1526 4831 6.3315858453473135 0.00415185957071955 64 0.014145868931452914 90.01572739187418 0.03837431932810988
1060 1537 4887 6.359141184124919 0.004140065875081327 64 0.014760831417652161 90.59596616785947 0.0386547190342632
1070 1550 4942 6.376774193548387 0.004116703804743956 65 0.014671088531791318 91.03612903225806 0.0382331655808171
1080 1561 5008 6.4163997437540035 0.0041130767588166695 66 0.014574461913306625 92.07046764894298 0.03601630315947005
1090 1576 5079 6.445431472081219 0.00409233744259125 66 0.014296542226199084 92.72335025380711 0.03691819045859637
1100 1588 5133 6.464735516372796 0.004073557351211591 67 0.014219186160389757 93.32745591939546 0.03609282639564284
1110 1601 5191 6.4846970643347905 0.004052935665209244 68 0.014264229215058488 94.15865084322299 0.03241404052130613
1120 1613 5249 6.50836949783013 0.0040374500606886665 68 0.014251667386052906 94.56912585244885 0.03268718584094025
1130 1625 5315 6.541538461538462 0.004028040924592649 68 0.014266730560686005 95.39076923076924 0.03319932882356446
1140 1636 5352 6.54278728606357 0.004001704762118391 68 0.01417517917849054 95.44621026894866 0.033745211866860025
1150 1647 5412 6.571948998178506 0.003992678613717197 68 0.014141769024492795 96.26229508196721 0.033859347769357645
1160 1660 5464 6.583132530120482 0.003968132929548211 68 0.014076734927526946 96.54698795180722 0.03439294722681515
1170 1670 5543 6.638323353293413 0.003977425616113489 69 0.013988148279185353 98.04071856287425 0.033487930827461244
1180 1683 5584 6.635769459298871 0.003945166147026677 69 0.013892125811931923 98.16755793226382 0.03264456871090861
1190 1694 5671 6.695395513577332 0.003954752223022641 70 0.013866994748470456 99.74380165289256 0.03159202135257513
1200 1705 5719 6.70850439882698 0.003936915727011138 70 0.013967188205901654 100.28973607038124 0.030116318571837015
1210 1719 5792 6.7388016288539845 0.0039224689341408525 70 0.013857979195297144 101.1413612565445 0.03017733875121606
1220 1736 5856 6.746543778801843 0.0038884978552172008 70 0.013681380605077046 101.35253456221199 0.030570992985158973
1230 1750 5923 6.769142857142858 0.0038702932287837948 70 0.013708110343136551 102.04228571428571 0.03139034999325121
1240 1764 6010 6.814058956916099 0.003865036277320533 70 0.013677202721506345 103.11337868480726 0.03021117604479765
1250 1778 6090 6.850393700787402 0.003855033033645133 70 0.01373488769491379 104.25534308211473 0.030877784496493265
1260 1790 6151 6.872625698324022 0.003841601843669101 70 0.01348336786859395 104.74301675977654 0.03144050769909788
1270 1801 6197 6.881732370905053 0.003823184650502807 70 0.01335469366347225 104.98278734036646 0.0317550817979971
1280 1812 6243 6.8907284768211925 0.003804930136290001 70 0.013425557417648566 105.16114790286976 0.032316753574749446
1290 1827 6299 6.895457033388068 0.0037762634355903986 71 0.013274101664834755 105.32019704433498 0.032964808194969254
1300 1837 6347 6.910179640718563 0.0037637144012628338 71 0.013199809192154096 105.73326075122482 0.03216532323354334
1310 1849 6399 6.921579232017307 0.0037454433073686724 72 0.013125646543812031 106.26933477555436 0.031731971424976635
1320 1859 6460 6.949973103819258 0.0037405667943053054 73 0.01298088733624935 107.11780527165142 0.02930970415073158
1330 1870 6519 6.972192513368984 0.0037304400820593817 73 0.012805871663027563 107.63208556149732 0.02995792063822343
1340 1884 6556 6.959660297239915 0.0036960490160594345 73 0.012725527131789418 107.49575371549894 0.03005872213254761
1350 1897 6594 6.952029520295203 0.0036666822364426178 74 0.0126174388572352 107.54348972061149 0.029199562031169923
1360 1910 6650 6.963350785340314 0.00364764315628094 74 0.012541274590567253 107.89214659685864 0.02960179414884493
1370 1921 6707 6.982821447162936 0.0036368861703973627 74 0.012550755633879775 108.25299323269131 0.030213953845070644
1380 1932 6744 6.9813664596273295 0.0036154150490043135 74 0.012490762749324646 108.33540372670808 0.02971082006099015
1390 1944 6819 7.015432098765432 0.0036106186818144273 75 0.012431344270985915 109.37551440329219 0.029331976981611337
1400 1959 6896 7.040326697294538 0.003595672470528365 76 0.012529892572355443 110.25012761613068 0.02839166331085341
1410 1972 6976 7.075050709939148 0.0035895741805881017 77 0.012836189870244565 111.4868154158215 0.02912008150478945
1420 1983 7030 7.090267271810388 0.0035773296023261293 77 0.012687240605595677 111.90317700453858 0.028530045171081448
1430 1993 7073 7.097842448569995 0.003563173919964857 77 0.012607770626248708 112.13146011038636 0.028557664010988276
1440 2006 7110 7.088733798604188 0.003535528079104333 77 0.012552985288688857 112.09471585244268 0.028040877022185457
1450 2020 7153 7.082178217821782 0.00350776533819801 77 0.01244429625768029 112.06039603960396 0.028129153722427268
1460 2035 7246 7.121375921375922 0.0035011681029380143 77 0.012482935526238217 113.25307125307125 0.027969240707097925
1470 2050 7313 7.1346341463414635 0.0034820078801080837 78 0.012148403077171008 113.64390243902439 0.028539485755876174
1480 2061 7363 7.145075206210578 0.00346848310981096 78 0.012054245793785175 113.90004852013585 0.028999901114621703
1490 2071 7405 7.151134717527764 0.0034546544529119633 78 0.011995050115736584 114.09560598744568 0.028673418095954254
1500 2082 7457 7.163304514889529 0.003442241477601888 78 0.011932021546167768 114.68491834774255 0.027256613397469178
1510 2094 7508 7.170964660936008 0.003426165628731967 78 0.011814821020483767 114.9207258834766 0.027132098775879042
1520 2107 7584 7.198860939724727 0.003418262554475179 78 0.011803834546950507 116.27242524916943 0.0293159958319822
1530 2119 7635 7.2062293534686175 0.0034023745767085066 79 0.011692849211825387 116.60500235960359 0.028446141366043034
1540 2130 7683 7.214084507042253 0.0033884849727770098 79 0.011599795754720352 116.73239436619718 0.029422817819487742
1550 2146 7746 7.21901211556384 0.0033655068137826757 79 0.011534304661325143 117.13513513513513 0.029776778365179796
1560 2158 7801 7.229842446709917 0.0033518045650022792 79 0.011509415662284635 117.37442075996293 0.030239893789565143
1570 2168 7870 7.260147601476015 0.0033503219203857935 79 0.011467810326823813 118.18081180811808 0.029927101137891574
1580 2182 7943 7.280476626947754 0.0033381369220301486 79 0.011400568263835743 118.7974335472044 0.02991471782757249
1590 2195 7983 7.273804100227791 0.0033153163629114817 79 0.011295274158262694 118.59043280182232 0.031002899805174424
1600 2206 8020 7.271078875793291 0.003297541440269066 79 0.011257409200040822 118.6672710788758 0.03029058188695325
1610 2216 8081 7.293321299638989 0.003292695846338144 79 0.011204527384132093 119.3023465703971 0.03045997719963534
1620 2229 8183 7.3423059668012565 0.0032954694644529874 80 0.011181416898099756 120.71063257065948 0.029909397177331796
1630 2241 8235 7.349397590361446 0.0032809810671256454 80 0.011177896086238811 120.92994199018295 0.030801899342521435
1640 2260 8319 7.361946902654867 0.003258940638625439 80 0.010718566928302772 121.22743362831858 0.03202219175191449
1650 2273 8422 7.410470743510778 0.0032616508554184766 82 0.01075179967613906 123.10602727672679 0.0335840645275192
1660 2285 8489 7.43019693654267 0.0032531510230046717 83 0.010680998565248047 123.62625820568928 0.033361555522743
1670 2299 8583 7.466724662896912 0.0032492274425138866 83 0.010790531032429397 125.15876468029577 0.033267468913609495
1680 2309 8635 7.479428323949762 0.003240653519908909 83 0.010644826422925625 125.39281074058034 0.03395249705426318
1690 2323 8688 7.479982780886784 0.003221353480140734 83 0.010709073853931637 125.5781317262161 0.03336395161877779
1700 2335 8753 7.4972162740899355 0.0032121749246315063 83 0.010739963865902495 126.19357601713062 0.03271279181365808
1710 2345 8802 7.507036247334755 0.003202660515074554 83 0.01091931097279061 126.70533049040512 0.030894411239139982
1720 2356 8863 7.523769100169779 0.0031948064119616897 83 0.010932617952911644 127.77504244482174 0.03183328766219266
1730 2366 8915 7.53592561284869 0.0031864378912679447 84 0.010797105960041872 128.10228233305156 0.03141693611434833
1740 2381 8992 7.553128937421252 0.003173583587151786 84 0.010760261170995834 128.73834523309534 0.03129888902630909
1750 2391 9079 7.59431200334588 0.00317753640307359 85 0.010805569788113858 129.93893768297784 0.029718455587609993
1760 2402 9143 7.6128226477935055 0.0031706883164487735 85 0.010746023161819692 130.45711906744378 0.02951788467987993
1770 2413 9195 7.6212184003315375 0.0031597091211988133 85 0.010767982857374344 130.7343555739743 0.029553004416633714
1780 2427 9240 7.61433868974042 0.00313863919610075 85 0.010695105028900597 130.66172229089412 0.029803409398349082
1790 2439 9306 7.630996309963099 0.0031300230967855206 85 0.010626611726637147 131.10537105371054 0.029702413367000583
1800 2450 9374 7.652244897959184 0.0031246406279947666 85 0.010640832200998438 131.64489795918368 0.030216058988385013
1810 2463 9429 7.656516443361754 0.0031098767032338563 85 0.010633432276285635 131.95209094600082 0.029829807725449013
1820 2474 9481 7.664510913500404 0.0030992765521635278 86 0.010532348039015468 132.3007275666936 0.029317386263373907
1830 2488 9594 7.712218649517685 0.0031010127259821813 86 0.010520142425756634 134.18327974276528 0.02871797870596328
1840 2500 9674 7.7392 0.003096918767507003 86 0.010566810964483687 134.8312 0.029246825632911852
1850 2511 9721 7.742731979291119 0.0030847537766100076 86 0.010915892097057765 134.8984468339307 0.0301312160608901
1860 2523 9791 7.761395164486722 0.003077476274578399 86 0.010880613366912907 135.47522790328972 0.0300056381988109
1870 2534 9831 7.759273875295975 0.003063274328975908 86 0.010864348458355315 135.58642462509866 0.02927609746249161
1880 2547 9887 7.763643502159403 0.0030493493724113915 86 0.010858259222463841 135.70239497447977 0.03006208626601704
1890 2567 9961 7.760810284378652 0.0030244778972636993 86 0.010881798771857555 135.84339696143357 0.03026014781732504
1900 2578 10024 7.776570985259891 0.003017683735063986 86 0.010796622323954086 136.29945694336695 0.030297678065546996
1910 2590 10091 7.792277992277993 0.003009763612312859 87 0.0107782696181387 137.05019305019306 0.029687005779158324
1920 2603 10127 7.781021897810219 0.0029904004219101533 87 0.010710413915588584 136.787552823665 0.03029453164123202
1930 2614 10220 7.819433817903596 0.0029925119854204347 90 0.010766008795302222 138.0168324407039 0.029491505040892558
1940 2628 10272 7.8173515981735155 0.0029757714496282893 90 0.010710948567560686 137.98021308980213 0.03008320036958157
1950 2638 10315 7.820318423047763 0.0029656118403669943 90 0.01062968090426756 138.1645185746778 0.02945009753444602
1960 2651 10368 7.821953979630329 0.0029516807470303125 91 0.010502576355470913 138.35081101471144 0.02939691253533838
1970 2662 10458 7.857250187828701 0.002952743400161105 91 0.01055575401506722 139.54470323065365 0.029301471414329844
1980 2676 10537 7.875186846038864 0.002943995082631351 92 0.01057985696624267 140.38415545590433 0.02850899490149442
1990 2688 10597 7.884672619047619 0.0029343776029205878 92 0.010499592190938625 140.66517857142858 0.028655280449148696
2000 2700 10647 7.886666666666667 0.002922069902433 92 0.010423500177636692 140.69703703703703 0.029381322042753833
2010 2714 10710 7.89240972733972 0.002909107898024224 92 0.010516296819367233 140.98378776713338 0.029051537808764096
2020 2725 10746 7.88697247706422 0.0028953643454714467 92 0.01021453479170687 140.83155963302752 0.029785260304434177
2030 2735 10785 7.886654478976234 0.0028846578196694344 93 0.010224814968830105 140.90457038391224 0.02968293218509611
2040 2747 10831 7.88569348380051 0.002871701924180812 93 0.010312673027135448 140.8663997087732 0.02997904381702001
2050 2759 10887 7.891989851395433 0.002861490156416038 93 0.0102694203964741 141.0279086625589 0.030390782982895347
2060 2772 10958 7.9062049062049065 0.002853195563408483 94 0.010252407718389553 141.5909090909091 0.029629669567707035
2070 2785 11008 7.905206463195691 0.00283951381580305 94 0.009976905481248216 141.72854578096948 0.02961043383001844
2080 2796 11067 7.916309012875536 0.0028323109169501024 95 0.009885771551846867 142.02432045779685 0.029896698774506313
2090 2809 11141 7.932360270558918 0.0028249146262674207 95 0.010258516923219812 142.5873976504094 0.029985387082475102
2100 2823 11274 7.9872476089266735 0.002830349967727383 95 0.010277917846649248 144.55189514700672 0.029499714137803768
2110 2838 11327 7.982381959126145 0.0028136700596144326 95 0.010250690634543029 144.5031712473573 0.02996825665048344
2120 2849 11409 8.009126009126009 0.0028121931211818854 95 0.010238029859989783 145.3962793962794 0.029396591473041463
2130 2862 11472 8.016771488469601 0.0028020872032399865 95 0.010179736856965408 145.70020964360586 0.029221745446348178
2140 2872 11544 8.038997214484679 0.002800068691913856 95 0.010213921874358121 146.36142061281336 0.028762951519565438
2150 2884 11613 8.053398058252426 0.002793408969216936 95 0.010120620053249844 146.76490984743413 0.028991879064273026
2160 2897 11685 8.066965826717293 0.0027855544981758612 96 0.010119917876476791 147.40766309975837 0.028709583856280342
2170 2907 11798 8.116959064327485 0.00279317242406314 96 0.010109473437712348 148.96525627794978 0.0280580709685471
2180 2920 11876 8.134246575342466 0.002786655215944661 96 0.010080114031963093 149.51438356164383 0.02836079022761645
2190 2932 11932 8.139154160982265 0.0027769205598711243 96 0.010136077533414766 149.65416098226467 0.02887153013098692
2200 2945 12005 8.152801358234296 0.0027692939396176276 96 0.010178213793001469 150.2383701188455 0.028355356757225933
2210 2956 12087 8.177943166441137 0.002767493457340486 96 0.010130563659847798 150.99052774018944 0.027763594966245406
2220 2967 12164 8.199528142905292 0.0027645071284239015 97 0.010150868231023472 151.92517694641052 0.02651927524083117
2230 2982 12238 8.207914151576123 0.0027534096449433492 97 0.010053141822102622 152.32930918846412 0.026529592637486325
2240 2995 12309 8.219699499165275 0.002745390614283659 97 0.010021285763521418 152.70050083472455 0.02698786088016808
2250 3007 12416 8.258064516129032 0.0027471937844740627 97 0.009974983455666237 153.75989358164284 0.02640966542093978
2260 3020 12538 8.303311258278146 0.0027503515264253545 97 0.009978108798251875 155.22847682119206 0.02634894758991625
2270 3031 12638 8.33916199274167 0.002752198677472498 98 0.010049142647386397 156.30287033982185 0.02597148870028561
2280 3043 12747 8.377916529740387 0.002754081699454434 98 0.009977177040535723 157.4005915215248 0.026506175464625893
2290 3055 12856 8.416366612111293 0.002755850233173311 98 0.009871444365378856 158.6618657937807 0.027167063419518533
2300 3066 12937 8.43900848010437 0.0027533469755642317 99 0.009789393156152303 159.38617090671886 0.027084290248314893
2310 3084 13043 8.458495460440986 0.0027435924295948705 99 0.009748100939281228 160.44747081712063 0.026242957468284613
2320 3095 13106 8.469143780290791 0.0027372798255626348 99 0.00969861669888405 160.8891760904685 0.02631934127943263
2330 3109 13167 8.47024766806047 0.0027253049125033684 99 0.009634446460384603 160.94371180443872 0.026697325508372637
2340 3119 13227 8.481564604039756 0.0027201939076458488 99 0.009623441311442727 161.43122795767874 0.0262729752884292
2350 3130 13321 8.51182108626198 0.0027203007626276704 99 0.009557690195900706 162.30543130990415 0.026275446204766493
2360 3143 13414 8.535793827553293 0.0027166753111245363 99 0.009498105028676231 163.14985682468978 0.02677278281648474
2370 3154 13462 8.536461636017755 0.0027074093358762305 99 0.009470650241770113 163.18199112238426 0.027131183336246943
2380 3166 13571 8.572962728995577 0.0027086770075815413 100 0.009458055261478089 164.50347441566646 0.02722161304082423
2390 3177 13623 8.576015108593012 0.0027002566462824345 100 0.009428539838963758 164.54139124960653 0.027690958123938472
2400 3189 13675 8.576356224521794 0.0026901995685451045 100 0.00940525402213196 164.73690812166822 0.027035831426369995
2410 3199 13757 8.60081275398562 0.00268943488242202 102 0.009480274797688974 165.79681150359488 0.025636005800806595
2420 3211 13885 8.64839613827468 0.002694204404446941 102 0.009454805583151642 167.5770787916537 0.02387928588790213
2430 3222 13954 8.661700806952204 0.002689134059904441 102 0.009433827549163132 167.8746120422098 0.0242071630516221
2440 3234 14040 8.682745825602968 0.0026856621792771323 103 0.009360444169444296 168.77551020408163 0.023620668748380945
2450 3249 14124 8.694367497691598 0.0026768372837720437 104 0.009309037744203963 169.22253000923362 0.024055326085039967
2460 3260 14180 8.699386503067485 0.0026693422838501026 104 0.009239690328864111 169.5687116564417 0.024070946502020428
2470 3271 14310 8.749617853867319 0.0026757241143325135 104 0.009293774895223123 172.0305716906145 0.02514477815639411
2480 3282 14372 8.75807434491164 0.0026693307969861747 104 0.00923867867877413 172.345521023766 0.025160195243951307
2490 3296 14473 8.782160194174757 0.0026652989967146457 104 0.009205016822862941 173.2141990291262 0.025054398124596138
2500 3306 14535 8.793103448275861 0.002660545672700715 105 0.009182649576109416 173.67937084089533 0.02457918780282689
2510 3317 14623 8.817003316249624 0.0026589274174456043 105 0.009290840559050103 174.61501356647574 0.02424271664798256
2520 3328 14705 8.837139423076923 0.0026561885852350235 105 0.009436269566542215 175.20252403846155 0.02464880488204453
2530 3340 14789 8.85568862275449 0.0026521978504805304 105 0.009545927991522533 176.11976047904193 0.02535765922212284
2540 3351 14824 8.847508206505521 0.0026410472258225435 105 0.009515927324963544 175.99522530587885 0.025230345997231472
2550 3361 14865 8.845581672121392 0.0026326135928932716 105 0.009469619828814994 175.9940493900625 0.02533492997012421
2560 3372 14960 8.873072360616845 0.002632178095703603 105 0.00942196866793491 177.06049822064057 0.025187039843476613
2570 3382 15114 8.937906564163217 0.0026435689334999165 105 0.00962887220558172 180.9438202247191 0.027940518294809185
2580 3392 15189 8.955778301886792 0.0026410434390701245 105 0.009638485182670872 181.41686320754718 0.028411954675390382
2590 3405 15254 8.959765051395008 0.002632128393476794 105 0.009624530025194478 181.74155653450808 0.028232626621081273
2600 3416 15322 8.97072599531616 0.0026268597350852588 105 0.009578105307461582 182.0152224824356 0.028559845601582243
2610 3429 15400 8.982210557013707 0.0026202481204824113 106 0.009526204090365923 182.40886555847186 0.028903565902141295
2620 3440 15468 8.993023255813954 0.002615011124109902 107 0.009473206841941252 182.8674418604651 0.02858523624473879
2630 3451 15529 8.999710228919154 0.0026086116605562766 107 0.009478720930003664 183.05360764995655 0.028771218391370826
2640 3465 15609 9.00952380952381 0.0026009017925877048 107 0.009477459053863888 183.86147186147187 0.027833519134626554
2650 3478 15669 9.010350776308224 0.002591415236211741 107 0.009435768558818818 183.85623921794135 0.0285255991011434
2660 3491 15750 9.023202520767688 0.0025854448483575037 107 0.009490541692036824 184.2480664566027 0.028764243776993634
2670 3503 15821 9.032829003711106 0.0025793343814137933 108 0.009625370708650856 184.7901798458464 0.028156714983560822
2680 3516 15936 9.064846416382252 0.0025789036746464446 108 0.00958032425807009 186.2679180887372 0.02774551335646286
2690 3529 16006 9.071124964579202 0.0025711805455156467 108 0.009534724656494464 186.51912723151034 0.02787977658059428
2700 3541 16090 9.087828297091217 0.00256718313477153 109 0.009498836770674144 187.1889296808811 0.0278507090759739
2710 3556 16203 9.11304836895388 0.0025634453921107962 109 0.009481566454583043 188.46456692913387 0.02834956030528984
2720 3567 16265 9.119708438463695 0.0025574056193111874 109 0.009455089909527451 188.7642276422764 0.02841486164405573
2730 3578 16313 9.118501956400223 0.00254920378987985 109 0.009407363333124964 188.7272219116825 0.028688932077894164
2740 3589 16414 9.146837559208693 0.0025492858303257228 110 0.009539496964384242 190.3170799665645 0.027788537851797523
2750 3600 16470 9.15 0.002542372881355932 110 0.009487589597797358 190.59 0.02699112803904019
2760 3611 16553 9.168097479922459 0.0025396391911142544 110 0.00949508626628088 191.26834671836056 0.026763706105203514
2770 3623 16652 9.192382003864202 0.002537929874065213 110 0.009534325776368941 192.18658570245654 0.026043499641002634
2780 3634 16734 9.20968629609246 0.002535008614393741 110 0.009513938641111096 192.7457347275729 0.026275315311399393
2790 3645 16852 9.246639231824417 0.0025374970449573045 110 0.00947020356232477 194.1454046639232 0.025566502652001714
2800 3656 16919 9.2554704595186 0.002532276459512613 110 0.009424792488273891 194.54048140043764 0.025516153999510807
2810 3670 16974 9.250136239782016 0.0025211600544513537 110 0.009365770198364385 194.40926430517712 0.0259646097075346
2820 3681 17048 9.2627003531649 0.002517038139446984 110 0.009337967628105522 194.7590328715023 0.02595959553724513
2830 3691 17128 9.280953671091845 0.0025151635965018552 111 0.009305230867943822 195.31400704416149 0.026220264460414738
2840 3704 17203 9.288876889848812 0.002508473370199517 111 0.009626824197958572 195.62419006479482 0.02608319351564515
2850 3716 17277 9.298708288482239 0.0025030170359306163 112 0.009595362212976624 196.15231431646933 0.02647543922636424
2860 3726 17352 9.31400966183575 0.0025004052783451675 112 0.009621393316884904 196.65217391304347 0.02665028141517862
2870 3737 17404 9.314423334225314 0.0024931539973836493 112 0.00985345159049128 196.8943002408349 0.025917859496647638
2880 3748 17505 9.340981856990394 0.00249292283346421 112 0.009855836776885769 197.6435432230523 0.026322317186203745
2890 3761 17567 9.341664450943897 0.0024844852263148664 112 0.00982741338837728 197.92555171496943 0.026023709550153176
2900 3772 17630 9.347826086956522 0.0024788719403225994 112 0.009785759377555093 198.18928950159068 0.02615166318976585
2910 3783 17681 9.34760771874174 0.0024716043677265307 112 0.009768177919228987 198.31509384086704 0.02596373030257941
2920 3793 17760 9.364619035064592 0.002469572530344038 112 0.009768176243457376 198.97969944634855 0.025606862948017606
2930 3805 17832 9.37293035479632 0.0024639669702408835 114 0.009756386748008694 199.44704336399474 0.02515204510692758
2940 3816 17912 9.38784067085954 0.0024607708180496824 114 0.009715750858886306 200.14465408805032 0.02492020445253447
2950 3827 18020 9.41729814476091 0.0024613952286358883 115 0.009707027502021731 201.63626861771624 0.025234569571444754
2960 3838 18075 9.418968212610734 0.002454774097631153 115 0.009709184890423984 201.81605002605525 0.025113352976080076
2970 3851 18144 9.42300701116593 0.0024475342886145276 115 0.009686038416012285 202.25032459101533 0.02461900905863671
2980 3862 18253 9.45261522527188 0.0024482297915752083 116 0.009684465461303839 203.12635939927497 0.02472390238381416
2990 3873 18316 9.458301058610896 0.0024427430419966156 116 0.009650062730136482 203.43919442292795 0.02408622564061884
3000 3883 18359 9.456090651558073 0.0024358811570216574 116 0.009600266798551102 203.37574040690188 0.024293225604351695
3010 3894 18429 9.4653312788906 0.002431372021292217 117 0.009661135878847326 203.74730354391372 0.024457530688488202
3020 3907 18501 9.47069362682365 0.002424652746242614 117 0.009604540725023772 203.90120296902995 0.02473889120160773
3030 3918 18610 9.499744767738642 0.0024252603440742004 117 0.00957888760592128 204.94078611536497 0.024196251477576793
3040 3928 18679 9.510692464358453 0.00242187228529627 118 0.009573402008233995 205.2235234215886 0.02449071149515017
3050 3938 18732 9.513458608430675 0.0024164233193880304 118 0.009492947324857375 205.2808532249873 0.024775411716732112
3060 3950 18809 9.523544303797468 0.0024116344147372673 118 0.009548054409955287 205.70987341772152 0.02453139666807575
3070 3961 18899 9.542539762686191 0.0024097322633045933 118 0.0094954835777623 206.20550366069173 0.024747931612483176
3080 3971 18970 9.554268446235206 0.0024066167370869534 119 0.009464697740056933 206.70309745656007 0.024363823932134772
3090 3987 19043 9.552545773764736 0.0023965242784156388 120 0.009421795303171656 206.91647855530474 0.024241983006291077
3100 3997 19125 9.569677257943457 0.0023948141286144788 120 0.00952945575770423 207.5321491118339 0.024022731753448944
3110 4007 19221 9.593711005739955 0.0023948354981877073 120 0.00952930070864098 208.33641128025954 0.024072928427473876
3120 4019 19308 9.608360288629012 0.0023913290912466433 122 0.009491965774103045 209.03359044538442 0.023707818596050183
3130 4030 19399 9.627295285359802 0.0023894999467261855 123 0.009468065121040141 209.60148883374688 0.02345088166737764
3140 4042 19476 9.63681345868382 0.0023847595789863447 123 0.009512785975242558 210.12568035625927 0.022832816078424092
3150 4054 19527 9.63344844597928 0.002376868602511542 123 0.00948393474135581 210.15046867291565 0.022876949850960893
3160 4065 19612 9.64920049200492 0.00237431114468625 123 0.009459688822270116 210.63763837638376 0.02315770328695391
3170 4075 19711 9.674110429447852 0.0023745975526381575 123 0.009460939344118367 211.57742331288344 0.022748321761692152
3180 4088 19797 9.685420743639922 0.0023698117797014734 123 0.009429674497777856 211.9559686888454 0.023093798332695026
3190 4099 19888 9.703830202488412 0.0023679429483866306 123 0.009395911687606905 212.74310807514027 0.022798844822886098
3200 4111 19947 9.704208221843833 0.0023611212218598134 123 0.009462416385409645 212.88980783264412 0.022811391431457287
3210 4122 20040 9.723435225618632 0.0023594844032076272 123 0.009403528283743634 213.47210092188257 0.022826160645239804
3220 4131 20101 9.731784071653353 0.0023563641819983904 123 0.009377009727195199 213.6330186395546 0.02327000769169907
3230 4143 20156 9.730147236302196 0.002349142258885127 123 0.009349991305702703 213.7528361090997 0.022923504383596156
3240 4156 20261 9.750240615976901 0.0023466283070943204 123 0.009330229901011572 214.55967276227142 0.023083281580948155
3250 4170 20319 9.745323741007194 0.0023375686593924668 123 0.00933871005590711 214.57841726618705 0.023067279958303755
3260 4185 20447 9.771565113500598 0.002335460113169359 123 0.00931880377946696 215.9120669056153 0.023419881170110356
3270 4195 20513 9.77973778307509 0.0023318401962506173 123 0.00931059471431859 216.15685339690108 0.0235102441841809
3280 4208 20644 9.811787072243346 0.0023322526912867474 123 0.009300854746736111 217.60171102661596 0.023375757927413525
3290 4218 20786 9.855855855855856 0.002337172363257258 123 0.009305487132129591 219.6737790422001 0.02291076229478056
3300 4229 20890 9.87940411444786 0.0023366613326508655 123 0.009294992903697535 220.48332939229132 0.022919535669557834
3310 4241 20951 9.880216929969347 0.0023302398419739025 124 0.00925126058784794 220.63994340957322 0.02257094338053289
3320 4253 21045 9.896543616270868 0.0023275032023214646 124 0.009310137586771681 221.2837996708206 0.02209668884257225
3330 4265 21111 9.899648300117233 0.002321681121040627 124 0.009258572201023062 221.38804220398592 0.022443447377289684
3340 4278 21193 9.907900888265544 0.0023165538667911023 124 0.009061338346729566 221.78962131837307 0.02236373862779197
3350 4288 21320 9.944029850746269 0.002319577758513242 124 0.009310384540274679 223.17164179104478 0.022366674253030114
3360 4300 21427 9.966046511627907 0.0023182243572058402 124 0.009348068053526564 223.96232558139536 0.02230611658655454
3370 4310 21547 9.99860788863109 0.002320400995272938 125 0.009417715604503813 225.54199535962877 0.022687222077457953
3380 4320 21615 10.006944444444445 0.002316958658125595 125 0.009403978069200004 225.80046296296297 0.022728151384829236
3390 4330 21673 10.010623556581987 0.0023124563540267928 125 0.009437652426432536 226.02817551963048 0.022483214956512888
3400 4340 21738 10.017511520737328 0.0023087143398795406 125 0.009430284256223278 226.3847926267281 0.022358913014258068
3410 4352 21821 10.028033088235293 0.002304765131747942 125 0.00949100604862487 226.88465073529412 0.02235249929159914
3420 4362 21899 10.040806969280148 0.00230240930274711 125 0.009469080760214686 227.4222833562586 0.022259404660398874
3430 4372 21950 10.04117108874657 0.002297225140413308 126 0.009434144854997911 227.52150045745654 0.022181686180795197
3440 4384 22021 10.046076642335766 0.0022920549035673663 126 0.00944660121176559 227.55702554744525 0.022854425542414413
3450 4396 22094 10.051865332120109 0.0022871138412104914 126 0.009405624056698259 227.85987261146497 0.02278236198310112
3460 4406 22149 10.054017249205629 0.002282410272237373 126 0.00937674984904258 227.98547435315479 0.022896485132139703
3470 4417 22219 10.060674666062939 0.0022782324877859915 126 0.009343629914655769 228.2839031016527 0.02321765139055147
3480 4432 22281 10.054602888086643 0.0022691498280493438 126 0.009264310912443162 228.12138989169677 0.023563142342759573
3490 4443 22360 10.065271213144271 0.0022659322857146043 127 0.009240168967858554 228.525320729237 0.023526170624485986
3500 4454 22439 10.075886843286932 0.002262718806037937 127 0.009211936573973543 229.03367759317467 0.023195766027429014
3510 4466 22555 10.100761307657859 0.002262208579542634 127 0.009276009014319317 230.99417823555754 0.02502527613432861
3520 4478 22616 10.100937918713711 0.0022561844803917156 129 0.00927131530444372 231.1656989727557 0.024837575177961084
3530 4489 22715 10.120294052127422 0.002254967480420549 129 0.009264758523673889 232.15593673423925 0.0240466996443575
3540 4502 22754 10.108396268325189 0.002245811212691666 129 0.009456359862518993 231.91159484673477 0.02412817542030935
3550 4513 22825 10.115222690006647 0.0022418490004447356 129 0.009446538674218154 232.06869044981167 0.024501613711127853
3560 4525 22900 10.121546961325967 0.002237300389329347 130 0.009429335020585333 232.39116022099446 0.024291477752942752
3570 4536 22976 10.130511463844798 0.00223385037791506 130 0.00947228713565872 234.0599647266314 0.023483265682473622
3580 4550 23053 10.133186813186812 0.00222756359929365 130 0.009443660258519993 234.22417582417583 0.0234443858118479
3590 4561 23150 10.15128261346196 0.002226158467864465 130 0.009454829873261433 234.9835562376672 0.02346603820086893
3600 4576 23232 10.153846153846153 0.002219419924337957 130 0.009426903692288822 235.32648601398603 0.023411820189055632
3610 4588 23364 10.184829991281605 0.002220368430626031 130 0.009451337803406668 236.8674803836094 0.023568212336929913
3620 4599 23410 10.180474016090454 0.002214109181402883 130 0.009457578236679325 236.81452489671668 0.023505897978078002
3630 4610 23489 10.190455531453363 0.002210990568768358 131 0.009427448848497028 237.22689804772233 0.023466863295733192
3640 4620 23531 10.186580086580086 0.0022053648163195684 131 0.009468168357585635 237.1995670995671 0.023362613282619963
3650 4632 23652 10.212435233160623 0.0022052332613173445 131 0.00951500972225766 238.34326424870466 0.02323395885907586
3660 4645 23771 10.235091496232508 0.0022039387373455014 131 0.009479305164708421 239.61119483315392 0.0235338406061861
3670 4656 23834 10.237972508591065 0.002199349625905707 131 0.009657294528084226 239.81615120274915 0.023245463822385695
3680 4671 23925 10.244059087989724 0.00219358866980508 131 0.00963086688172913 239.97516591736246 0.0239351472980584
3690 4682 24005 10.254164886800513 0.002190592797863814 131 0.00965039430641066 240.54335753951304 0.023539510792775074
3700 4693 24109 10.274451310462391 0.0021897807567055395 131 0.009624422159800429 241.31557639036865 0.02351414160679799
3710 4703 24158 10.273442483521157 0.002184909077737379 131 0.0096303307767909 241.49989368488198 0.023022496351677014
3720 4713 24248 10.28983662210906 0.0021837514053711926 131 0.009636170013221309 241.92573732230002 0.023425999528939586
3730 4723 24404 10.334109676053355 0.0021885026844670383 131 0.009610450627755425 244.1096760533559 0.023576404317914683
3740 4735 24527 10.35987328405491 0.0021883973984061916 132 0.009624202722934669 245.38542766631468 0.023321786767498826
3750 4745 24626 10.379768177028451 0.0021879781148879535 132 0.009601856889895854 245.9827186512118 0.023541878759995825
3760 4757 24678 10.375446710111415 0.0021815489297963447 132 0.009579223082580475 245.9289468152197 0.023422648134366095
3770 4769 24737 10.374082616900818 0.002175772360927185 133 0.009550118217825426 245.96057873768086 0.023396734332594364
3780 4780 24837 10.39205020920502 0.002174524002763135 134 0.009534405268408418 246.89623430962342 0.022913542613252454
3790 4792 24958 10.41652754590985 0.0021741865050949384 135 0.009584866128161446 247.87061769616028 0.02291655685758776
3800 4803 25084 10.44513845513221 0.0021751641930720968 136 0.009589774625873293 249.21215906724964 0.022857631297904323
3810 4813 25179 10.462912944109704 0.002174337685808334 136 0.009578669398071973 250.02908788697277 0.022394840776496963
3820 4825 25233 10.459274611398964 0.002168174670688011 136 0.009538531389325406 250.0062176165803 0.022451410105010075
3830 4837 25312 10.465991316931982 0.002164183481582296 136 0.00955685145597722 250.2567707256564 0.022780534085776082
3840 4846 25407 10.485761452744532 0.0021642438498956722 136 0.009546888440905087 251.1007016095749 0.022828961898838294
3850 4856 25479 10.493822075782537 0.002161446359584457 137 0.009720707432569132 251.46169686985172 0.022784396514087563
3860 4867 25558 10.502568317238545 0.002158357648425513 137 0.009682788862781243 252.05218820628724 0.02266808284463229
3870 4877 25618 10.50563871232315 0.002154560851583911 138 0.00965493665543457 252.14230059462784 0.02274095245669677
3880 4888 25688 10.51063829787234 0.002150734253708275 138 0.009631190937328164 252.42389525368247 0.022803846239783824
3890 4898 25808 10.538178848509595 0.0021519662749662233 139 0.009609877787373754 253.3401388321764 0.022888823598450025
3900 4908 25915 10.560309698451508 0.0021520908291117807 139 0.009588747433845262 254.2999185004075 0.022673704899824964
3910 4918 25994 10.570963806425377 0.00214988078227077 139 0.0095827917783247 254.78812525416836 0.022442682327069034
3920 4929 26044 10.567660783120308 0.0021444116848864264 139 0.0095463386573263 254.75512274294988 0.02243133149160096
3930 4941 26132 10.577615867233353 0.0021412177868893427 141 0.009736713706334792 255.25035417931593 0.022010597185750137
3940 4952 26199 10.581179321486267 0.0021371802305567094 141 0.009720108967447738 255.32714054927303 0.022307235877496705
3950 4962 26283 10.593712212817412 0.0021353985512633364 141 0.00968924186289095 255.71704957678355 0.022296838204385005
3960 4973 26455 10.639453046450834 0.0021398739031477944 141 0.009794646241390152 258.99095113613515 0.022413732845451773
3970 4986 26544 10.647412755716005 0.0021358902218086267 141 0.009749688156412445 259.3826714801444 0.02240453868267368
3980 4997 26623 10.655593356013608 0.0021328249311476396 141 0.00969234030620575 259.82109265559336 0.02253090553236691
3990 5009 26729 10.672389698542624 0.002131068230539661 141 0.009663304955299564 260.4819325214614 0.022416379942521804
4000 5019 26791 10.675831839011755 0.002127507341373407 141 0.009625045228280373 260.7216577007372 0.02230586462762154
4010 5031 26914 10.699264559729675 0.0021270903697275696 141 0.009603201396030674 261.69866825680776 0.02269463616188499
4020 5043 26991 10.70434265318263 0.0021230350363313426 141 0.009572523695452164 261.91711282966486 0.022656511406036806
4030 5053 27166 10.752424302394617 0.0021283500202681346 142 0.00960670793258284 264.20344349891155 0.022378727349896967
4040 5063 27233 10.757653565079993 0.0021251784996207017 142 0.009454951418892065 264.3922575548094 0.022338891793138953
4050 5077 27318 10.76147331101044 0.0021200696042179747 142 0.009503511683895046 264.6109907425645 0.02247444323659102
4060 5090 27383 10.759528487229863 0.0021142716618647796 142 0.009512875331671606 264.6966601178782 0.022367287819912242
4070 5100 27487 10.77921568627451 0.0021139862102911374 142 0.009503538177912269 265.59411764705885 0.02242486696012512
4080 5112 27559 10.7820813771518 0.002109583521258423 143 0.00947726189766935 265.90179968701096 0.022123646727206944
4090 5121 27634 10.792423354813513 0.0021078951864870145 144 0.009463710647583206 266.3889865260691 0.021905332569225514
4100 5133 27700 10.792908630430547 0.0021030609178547444 144 0.009416742644753048 266.47067991428014 0.021879413114369715
4110 5146 27852 10.824718227749708 0.0021039296846938208 144 0.009499732869831502 268.51535172949866 0.020575387024879332
4120 5157 27988 10.854372697304635 0.002105192532448533 144 0.009367724479818703 269.78824898196626 0.020120678846796098
4130 5168 28045 10.853328173374614 0.0021005086459018026 145 0.009368410418874536 269.91679566563465 0.01983791232597292
4140 5181 28145 10.86469793476163 0.0020974320337377663 145 0.009379428476921765 270.6187994595638 0.01935484392365288
4150 5195 28242 10.872762271414821 0.0020933312035839088 145 0.009398728312629862 270.9416746871992 0.019590771700395665
4160 5206 28341 10.887821744141375 0.00209180052721256 146 0.009442241372993055 271.74298885900885 0.01906874714294922
4170 5219 28443 10.899789231653573 0.002088882566434184 146 0.009388616670029246 272.2138340678291 0.01930445276431063
4180 5230 28568 10.924665391969407 0.002089245628603826 147 0.009384379563156972 273.37055449330785 0.01932414305847529
4190 5242 28676 10.94086226631057 0.002087552426313789 147 0.00943092188647851 274.02022128958413 0.01931844193395606
4200 5253 28810 10.968970112316772 0.0020885320091996898 148 0.009458157767726879 275.2484294688749 0.019616542581590027
4210 5263 29016 11.02641079232377 0.0020954790559338217 167 0.009944609705336387 282.0653619608588 0.0195638122519737
4220 5275 29185 11.065402843601897 0.0020981044451273976 167 0.009936152345366515 284.24909952606635 0.019453051022662794
4230 5285 29254 11.070577105014191 0.002095113002462943 167 0.009906665712124452 284.47228003784295 0.019551440454497117
4240 5295 29303 11.068177525967894 0.0020907022149542678 167 0.009879757837639782 284.37658168083095 0.01980287891683734
4250 5304 29380 11.07843137254902 0.002089087567895346 167 0.0098943114548575 284.788084464555 0.019976155344965715
4260 5317 29473 11.086326876057928 0.00208546404741496 167 0.009885310863948026 285.520782396088 0.020026604806050934
4270 5326 29569 11.103642508449118 0.002085191081398895 168 0.009909223693058012 286.4551257979722 0.019818560312601978
4280 5336 29674 11.122188905547226 0.00208475893262366 169 0.009927263126313087 287.2248875562219 0.019619760557657913
4290 5347 29760 11.131475593790912 0.0020822064335561 169 0.009900590329749851 287.6289508135403 0.019551454421693103
4300 5357 29874 11.153257420197871 0.002082385627370775 169 0.009919920875148595 288.46705245473214 0.019608733056171185
4310 5367 29981 11.172349543506614 0.002082062904119757 169 0.009901195573107476 289.2904788522452 0.01962367601785356
4320 5379 30047 11.171965049265662 0.0020773456766949912 169 0.00987983902469668 289.4567763524819 0.01955544009877201
4330 5389 30129 11.181666357394693 0.0020752907122113386 169 0.009905598005873926 289.94730005566896 0.019428930886468635
4340 5399 30239 11.201704019262827 0.00207515821031175 169 0.009886855611228422 290.6608631228005 0.01981826280730147
4350 5410 30324 11.210351201478742 0.0020725367353445633 169 0.009872641068105918 291.15896487985214 0.01989840309997542
4360 5421 30407 11.218225419664268 0.0020697832877609353 170 0.009857193791119602 291.4469655045195 0.02000842073533486
4370 5432 30590 11.262886597938145 0.002073814508918826 171 0.00985605365819663 293.93483063328426 0.020767367926184707
4380 5444 30668 11.266715650257163 0.00206994592141414 172 0.009836661851774496 294.2781043350478 0.020419099956870985
4390 5459 30781 11.277156988459424 0.002066170206753284 173 0.009696618812974784 294.8008792819198 0.020502662167152283
4400 5469 30915 11.305540318156885 0.00206758235518597 176 0.009737995066842602 296.68933991588955 0.01957379980734733
4410 5483 31095 11.342330840780594 0.002069013287263881 177 0.009793400948654841 299.21794637971914 0.019598595722295952
4420 5495 31211 11.359781619654232 0.0020676704804612725 177 0.009767974826260994 300.02911737943583 0.019461536835312022
4430 5505 31311 11.375476839237058 0.00206676541410557 178 0.009779212808959171 300.80871934604903 0.019266649414709423
4440 5517 31420 11.390248323364148 0.002064947121712137 178 0.009772392678294509 301.647272068153 0.019085201638428827
4450 5529 31494 11.392295170916983 0.002060834871728832 178 0.00977163388020361 301.906673901248 0.018925117018730453
4460 5539 31570 11.399169525185052 0.0020583549160680843 178 0.009728234029530363 302.2538364325691 0.0188326550944729
4470 5549 31710 11.429086321859794 0.0020600371885111384 178 0.009696114185239147 303.65146873310505 0.018616193057712373
4480 5559 31797 11.439827307069617 0.002058263279429582 178 0.009668832497744086 304.04785033279364 0.018650948323639654
4490 5569 31938 11.46992278685581 0.002059971764880713 178 0.009718372366879861 305.3090321422158 0.018442213985407144
4500 5579 32040 11.485929378024736 0.002059148328796116 178 0.009696568254482766 305.9078687936906 0.018361081993195437
4510 5590 32180 11.513416815742398 0.0020600137440941846 178 0.009736791033469666 307.569946332737 0.018528684232135426
4520 5601 32275 11.524727727191573 0.002057987094141352 178 0.009691877488199918 308.05856097125513 0.018631717309192865
4530 5612 32342 11.526015680684248 0.002054182085311753 178 0.009723840986382211 308.13827512473273 0.01884829683667335
4540 5622 32458 11.546780505158306 0.0020542217586120453 178 0.009741070062522894 309.12308786908574 0.018579214187621523
4550 5633 32550 11.556896857802236 0.0020520058341268175 178 0.009750127869483632 309.54269483401384 0.01868753758123924
4560 5643 32632 11.56547935495304 0.0020498899955606236 178 0.009731994073188574 309.86390217969165 0.018835963153458556
4570 5656 32849 11.615629420084865 0.0020540458744623988 179 0.009852088820949071 314.51166902404526 0.01797514883986438
4580 5666 32920 11.620190610660078 0.0020512251739911876 180 0.009868816284475395 314.7910342393223 0.017915196966122728
4590 5677 33017 11.631847806940286 0.002049303701011326 180 0.010012296532827194 315.2326933239387 0.018106686393601242
4600 5689 33090 11.632975918439094 0.002045178607320516 181 0.01000576514400721 315.3703638600809 0.018342957881062688
4610 5699 33164 11.638533075978241 0.0020425645973987786 181 0.009956577668615905 315.60308826109843 0.018374184650722936
4620 5711 33213 11.63123796182805 0.0020369943891117427 182 0.009963374442908844 315.5300297671161 0.01825542596626953
4630 5721 33320 11.648313231952455 0.002036418397194485 182 0.009954803621095932 316.4219542038105 0.018245968611525342
4640 5732 33391 11.650732728541522 0.0020329319016823455 182 0.009923836622876353 316.59804605722263 0.018127081964717233
4650 5743 33521 11.673689709211214 0.0020330354770482784 182 0.00994361503569617 317.98154274769286 0.018877553278027984
4660 5753 33599 11.680514514166521 0.002030687502462886 182 0.009939714507197913 318.24856596558317 0.01911470732687422
4670 5763 33679 11.6880097171612 0.002028464025887053 182 0.009927007646812301 318.4934929724102 0.0191963436136367
4680 5774 33808 11.710426047800485 0.0020284819067729926 182 0.009943294515444703 319.53065465881537 0.019028652525871464
4690 5786 33908 11.720705150362946 0.0020260510199417363 182 0.009996125395271595 320.1835464915313 0.01920973921968322
4700 5797 33972 11.720545109539417 0.002022178245262149 182 0.009968937252450122 320.22804899085736 0.01925571266261075
4710 5809 34131 11.751075916681012 0.002023256872706786 182 0.010003160785012588 322.0127388535032 0.019359212250683284
4720 5819 34180 11.747722976456435 0.0020192029866717832 182 0.009976464961979823 321.89276507991065 0.019482598985785953
4730 5830 34393 11.798627787307032 0.0020241255425127863 183 0.010067165589699917 326.5526586620926 0.01684601440958628
4740 5840 34473 11.805821917808219 0.0020218910631629077 183 0.01002957183813725 326.8191780821918 0.016955685710782063
4750 5850 34595 11.827350427350428 0.002022114964498278 183 0.010025181501982462 327.97982905982906 0.017069888292525273
4760 5860 34681 11.836518771331058 0.0020202284982643896 184 0.010003445691804724 328.50307167235496 0.016885237100231914
4770 5871 34785 11.849770056208483 0.0020187001799333018 184 0.009981262969523683 329.12280701754383 0.017045218946570687
4780 5881 34904 11.870090120727767 0.0020187228096475796 184 0.00993512167008228 330.05645298418636 0.01704166477398064
4790 5892 34979 11.873387644263408 0.0020155130952747256 185 0.00993675387121784 330.204344874406 0.017006140298312836
4800 5902 35074 11.885462555066079 0.0020141437985199255 185 0.009945830739198452 330.76008132836324 0.016813691281235613
4810 5912 35143 11.888700947225981 0.002011284206940616 185 0.009939922198302786 330.89343707713124 0.016910510448706464
4820 5925 35221 11.888945147679324 0.0020069117399863817 185 0.00993372544957363 330.95966244725736 0.01697924467282588
4830 5935 35315 11.900589721988206 0.002005492032690968 185 0.009897566128726836 331.4473462510531 0.01701732448382375
4840 5953 35402 11.89383504115572 0.001998292177613528 185 0.009858555733298203 331.33378128674616 0.017151181298659633
4850 5963 35515 11.911789367767902 0.0019979519234766692 185 0.009867303964298944 332.63357370451115 0.016911063878655656
4860 5975 35582 11.91029288702929 0.0019936881297337276 185 0.009878605327066657 332.671129707113 0.01695026303385409
4870 5986 35692 11.92515870364183 0.0019925077199067385 185 0.009867586793695399 333.26795856999667 0.017051022313553064
4880 5996 35796 11.939959973315544 0.0019916530397523845 185 0.009798731012805538 333.8679119412942 0.01709411604555097
4890 6006 35933 11.965700965700966 0.001992622975137546 186 0.009785926376511076 335.13453213453215 0.016760638721434507
4900 6017 35998 11.965431278045537 0.0019889347204198036 186 0.009775809678507186 335.2803722785441 0.016813389976220863
4910 6028 36089 11.97378898473789 0.0019866913862183326 187 0.009783926810271473 335.735899137359 0.01663468085460022
4920 6039 36187 11.984434509024673 0.001984835129020317 187 0.009768978091052708 336.3672793508859 0.01654100071634534
4930 6049 36309 12.004959497437593 0.001984947006851454 187 0.00978465852795745 337.23425359563566 0.016411331384263737
4940 6060 36389 12.00957095709571 0.0019821044656041773 187 0.009757513300882772 337.45181518151816 0.016538506791356645
4950 6070 36541 12.03986820428336 0.001983830648258916 188 0.00978827144073726 339.57594728171335 0.01644992393180934
4960 6079 36621 12.04836321763448 0.00198229075643871 188 0.009768896583339392 339.8743214344465 0.01651190444395098
4970 6092 36738 12.061063690085359 0.0019801450812814577 188 0.009779201313228535 340.7619829284307 0.016251642065768353
4980 6104 36799 12.057339449541285 0.001975641397598113 188 0.009753007803202311 340.6936435124509 0.016439311875029314
4990 6114 36876 12.062806673209028 0.001973303888959435 188 0.009766846104328217 340.99214916584884 0.016473734169576086
5000 6127 36958 12.063979108862412 0.0019693077226350655 188 0.009743309495193206 341.18100212175614 0.016553888766003135
5010 6137 37051 12.07462929770246 0.001967833979416959 188 0.009717556380162763 341.5183314322959 0.016785413779633995
5020 6147 37145 12.085570196843989 0.0019664123327113553 188 0.009701250769036529 341.95477468683913 0.016845742487639013
5030 6157 37240 12.096800389800228 0.0019650422985380486 189 0.009692394559373183 342.75004060419036 0.0164881187350596
5040 6167 37324 12.104426787741204 0.001963092245822446 189 0.009682660606285361 343.1201556672612 0.016395628344808864
5050 6177 37407 12.11170471102477 0.0019610920840389848 189 0.009656617436805143 343.41330743079163 0.016493377464665875
5060 6188 37490 12.11700064641241 0.0019584613942803314 190 0.009681512613924845 344.161279896574 0.016110574784000898
5070 6198 37534 12.11164891900613 0.001954437456673573 190 0.009665490764079309 344.1242336237496 0.0158951782943808
5080 6210 37596 12.108212560386473 0.001950106709677319 190 0.009638857181718863 344.1246376811594 0.01587520998459408
5090 6222 37701 12.118611378977821 0.0019480166177427778 190 0.009583376574584326 344.602700096432 0.015893297098341645
5100 6233 37869 12.151131076528156 0.0019497963858357119 190 0.009626522189205186 347.0152414567624 0.01583722411190114
5110 6243 37954 12.158897965721609 0.0019479170082860634 190 0.009611381702268164 347.555341983021 0.015390327753633025
5120 6254 38047 12.167252958106811 0.0019458264765883275 190 0.009576891589197683 347.8727214582667 0.015690000010257804
5130 6264 38144 12.178799489144316 0.0019445632267514478 190 0.009588626863516896 348.52681992337165 0.01539822730923528
5140 6274 38252 12.193815747529486 0.0019438571253833073 190 0.009583383691207125 349.33822123047497 0.015120968789078218
5150 6284 38361 12.209102482495226 0.0019431963206263292 190 0.009549566633930518 350.07129217059196 0.015115004407305723
5160 6297 38400 12.196283944735589 0.0019371480217178507 190 0.009536755472875089 349.6731777036684 0.015235901466082079
5170 6307 38464 12.197241160615189 0.0019342279036814445 190 0.009503434258634926 349.73489773267795 0.015385464563429754
5180 6318 38533 12.197847420069643 0.0019309557416605418 190 0.009480260794957871 349.8660968660969 0.015210146805043661
5190 6328 38630 12.209228824273072 0.0019297026749285715 191 0.009480793839053803 350.45575221238937 0.015163922026096979
5200 6339 38759 12.228742703896513 0.0019294324240922236 191 0.00944808889961785 351.5538728506074 0.015098774679079838
5210 6350 38879 12.245354330708661 0.0019287059900312902 191 0.009437785559880844 352.3155905511811 0.015054727064355239
5220 6360 38975 12.2562893081761 0.001927392563009294 192 0.009490054529711182 353.33364779874216 0.014899626436318474
5230 6373 39074 12.2623568178252 0.0019244125577252355 192 0.00946342827353963 353.7147340342068 0.0148952823654618
5240 6384 39207 12.282894736842104 0.001924313761059393 192 0.009450363647172085 354.5595238095238 0.014943323511654576
5250 6393 39301 12.295010167370561 0.0019234997132932669 192 0.009489781928695042 355.21069920225244 0.014786770277524168
5260 6402 39367 12.298344267416432 0.0019213160861453573 192 0.009469610072472658 355.43205248359885 0.01480112658671701
5270 6412 39442 12.30255770430443 0.0019189764006090203 192 0.009454337732661026 355.6247660636307 0.01483829427390987
5280 6423 39519 12.305464736104623 0.0019161421264566527 192 0.009436428358153686 355.8100576054803 0.014936253770844243
5290 6436 39616 12.31075201988813 0.0019130927769833923 192 0.009403893610662578 356.03262896208827 0.015199792688182598
5300 6448 39827 12.353287841191067 0.0019161296480829947 192 0.00953080087642641 359.6597394540943 0.015330851150021725
5310 6458 39868 12.346856611954165 0.0019121661161459137 192 0.009507814139435711 359.47630845462993 0.015342060141288073
5320 6470 39948 12.348686244204018 0.0019089018772923201 192 0.009480798286796672 359.66027820710974 0.015362761852307307
5330 6482 40023 12.348966368404813 0.001905410641630121 192 0.009451209624401435 359.7084233261339 0.015546222254193626
5340 6495 40091 12.345188606620477 0.0019010145683123617 193 0.009432354918819065 359.78845265588916 0.015450926931937479
5350 6505 40148 12.343735588009224 0.0018978683253396715 193 0.009422800823423855 359.75926210607224 0.015509257219878676
5360 6517 40339 12.37962252570201 0.0018998806822747099 193 0.00941359467292791 361.6114776737763 0.01535828680572659
5370 6530 40428 12.382235834609494 0.0018964980601331742 194 0.009543102013110094 361.69402756508424 0.01561644750628592
5380 6540 40565 12.405198776758409 0.0018971094627249442 194 0.009560668409215859 362.7434250764526 0.01560724333263101
5390 6551 40653 12.411234925965502 0.0018948450268649621 194 0.009538847761566901 363.14638986414286 0.015476925251383914
5400 6562 40787 12.431270953977446 0.0018947219865839728 194 0.009526469727196092 364.1935385553185 0.01527055489158649
5410 6573 40876 12.437547542978853 0.0018925057125652545 194 0.00950989239877639 364.57142857142856 0.015223792359358118
5420 6585 40957 12.439483675018982 0.0018893504974208661 194 0.00950166772261705 364.7331814730448 0.015273532851135396
5430 6594 41096 12.464664846830452 0.0018905907548658354 194 0.009471596915692921 365.8095238095238 0.015510000259311603
5440 6604 41159 12.464869775893398 0.0018877585606381037 194 0.009453242699278993 365.96153846153845 0.015412123968628356
5450 6615 41223 12.463492063492064 0.0018844106536879443 195 0.009434236395528183 365.99274376417236 0.015365582036806815
5460 6625 41335 12.478490566037737 0.0018838300975298513 195 0.009474291725430772 366.62943396226416 0.01553052752792098
5470 6637 41436 12.486364321229471 0.001881610054434821 196 0.009458538141106 367.1312339912611 0.01532298925632535
5480 6647 41512 12.490446818113435 0.0018793931414555272 197 0.009465470271584859 367.315179780352 0.015327554826423938
5490 6657 41626 12.505933603725401 0.0018788962745981672 197 0.009444380812521847 368.38726152921737 0.015513778383549054
5500 6667 41662 12.497975101244938 0.0018748837535620968 197 0.009480102668505805 368.10739463026846 0.015617149182648253
5510 6677 41734 12.500823723228995 0.0018725020556065002 197 0.009426885287901208 368.31091807698067 0.015618131232044658
5520 6687 41828 12.510243756542545 0.0018711103434852746 197 0.009477394497192513 368.75609391356363 0.015524934282002063
5530 6698 41928 12.519558077037921 0.0018694278149974498 197 0.009543051412990734 369.4404299790982 0.015396611418740113
5540 6710 42003 12.519523099850968 0.0018660788641900385 197 0.00951931172713943 369.55558867362146 0.015390521340216361
5550 6720 42110 12.532738095238095 0.0018652683576779424 197 0.009506782906381916 370.1375 0.015432046428179679
5560 6731 42183 12.533947407517456 0.0018623993176103205 197 0.009487388866930915 370.19997028673305 0.015561297621632275
5570 6742 42248 12.532779590625927 0.0018591870035048104 197 0.009465905743621076 370.20943340255116 0.015588974873661083
5580 6753 42346 12.541389012290834 0.0018574332067966281 198 0.009442833045174664 370.63320005923293 0.01566346367535125
5590 6764 42419 12.542578356002366 0.001854587957415698 199 0.00953263822548248 370.9455943228859 0.015525935959953137
5600 6774 42516 12.552701505757307 0.0018533443829554567 199 0.009519415513368672 371.4068497195158 0.015498783644833506
5610 6785 42610 12.56005895357406 0.0018514237844301387 199 0.009511240303446685 371.73205600589534 0.015577975204954875
5620 6795 42748 12.582192788815306 0.0018519565482507073 199 0.00948267389232025 372.7690949227373 0.01565152478526476
5630 6804 42891 12.607583774250442 0.001853238832022702 199 0.009445124280279545 373.71898883009993 0.015848767617945
5640 6815 43004 12.62039618488628 0.0018521274119293043 199 0.009429529728028097 374.51504035216436 0.015624754067574822
5650 6824 43086 12.62778429073857 0.0018507671538529342 199 0.009408313549467067 374.89126611957795 0.015640573037015233
5660 6835 43158 12.628529626920264 0.0018478972237226021 199 0.009383892138538798 374.9568397951719 0.015782902514607074
5670 6845 43245 12.635500365230095 0.0018462157167197684 199 0.00938320061154707 375.3303140978817 0.015619170746098261
5680 6855 43379 12.656163384390956 0.0018465368229341925 200 0.00934680432345582 376.3769511305616 0.015749628342745625
5690 6865 43489 12.669774217042972 0.001845829577075025 200 0.009321846283200654 377.06045156591404 0.01574272250632719
5700 6876 43577 12.675101803374055 0.0018436511713998626 200 0.00931123398768365 377.5194880744619 0.015614598476524457
5710 6887 43722 12.696965296936257 0.001843881106148164 201 0.009295827708199261 378.72919994191955 0.01565581103966669
5720 6897 43813 12.70494417862839 0.00184236429504472 201 0.009308618731074424 379.2245904016239 0.015551161674636167
5730 6907 43904 12.712899956565803 0.0018408485312142778 201 0.009301519878506468 379.6198059939192 0.01548385893663363
5740 6918 44022 12.726799653078924 0.0018399305555990928 202 0.009285030995371623 380.28100607111884 0.015649501856793716
5750 6930 44120 12.733044733044734 0.0018376453648498677 202 0.009266310220783109 380.61096681096683 0.01566105811252255
5760 6939 44202 12.74016428880242 0.0018362877326034046 202 0.009251381474315713 380.8952298602104 0.015775668913729776
5770 6950 44280 12.742446043165467 0.0018337093169039384 202 0.009238780755813709 381.0008633093525 0.015837130927355423
5780 6960 44369 12.74971264367816 0.0018321185003129991 202 0.009235285787352918 381.4063218390805 0.015819393881843457
5790 6972 44468 12.756167527251865 0.001829890622185033 202 0.00922048494277304 381.79890992541596 0.015764555669660146
5800 6983 44536 12.755549190892166 0.0018269191049688008 202 0.009251952073306174 381.8716883860805 0.015720384125889723
5810 6995 44675 12.773409578270194 0.0018263382296640253 203 0.009221223964776695 382.89263759828447 0.01548495086556281
5820 7006 44745 12.773337139594632 0.0018234599771013039 204 0.00921487748801839 382.89751641450187 0.015625066685970367
5830 7016 44819 12.776225769669328 0.0018212723834168678 204 0.009223216051982357 383.1721778791334 0.015572421177854952
5840 7027 44884 12.774726056638679 0.0018182075230057898 204 0.009187855110987176 383.0994734595133 0.015758148854681416
5850 7038 45004 12.788860471724922 0.0018173739479501096 204 0.00921413067372843 383.7342995169082 0.01582470888357984
5860 7049 45097 12.795290112072635 0.0018154497888865826 204 0.009215841367386285 384.1188821109377 0.01577455995497443
5870 7058 45205 12.80957778407481 0.0018151591021786607 204 0.00922433749513691 384.93907622555963 0.015782684654746918
5880 7068 45301 12.818619128466327 0.0018138699771425395 204 0.009191524146860303 385.6717600452745 0.01607711928134567
5890 7078 45373 12.820853348403503 0.0018116226294197406 204 0.009150575490164344 385.7270415371574 0.01624299257356922
5900 7089 45443 12.820708139370856 0.0018087906517171072 204 0.009132898534931988 385.8180279305967 0.01617905611575202
5910 7101 45502 12.815659766230109 0.0018050225022859308 204 0.00912750252783945 385.81129418391777 0.015997540424134996
5920 7111 45550 12.811137674026156 0.0018018477741246354 204 0.009119448172093597 385.6647447616369 0.01609483801263324
5930 7127 45625 12.803423600392872 0.0017967195622218457 204 0.009004285937669613 385.65090500912027 0.016279283524191526
5940 7137 45736 12.81658960347485 0.00179604674936587 204 0.009028075607956189 386.27742749054227 0.016259602837850367
5950 7147 45847 12.829718763117391 0.0017953706637443873 204 0.009031383060697796 386.82412200923466 0.016280037067123797
5960 7160 45919 12.826536312849163 0.0017916659188223442 204 0.0090302473431556 386.8790502793296 0.016236654204731017
5970 7171 46007 12.831404267187281 0.0017895961321042235 204 0.009044517128850271 387.1460047413192 0.016167313436059073
5980 7181 46113 12.843058069906698 0.0017887267506833842 204 0.009066090633708267 387.7000417769113 0.016115115142049864
5990 7191 46229 12.857460714782366 0.001788242102195044 204 0.009069590253577207 388.27590043109444 0.016171766722594107
6000 7201 46362 12.876544924316066 0.0017884090172661205 205 0.009052612315544321 389.03124566032494 0.016349139675148564
6010 7211 46486 12.893080016641242 0.0017882219163163997 206 0.009054118349138779 389.783941200943 0.016163142799948155
6020 7222 46590 12.902243145942952 0.0017867668115140495 206 0.009061704328899663 390.3082248684575 0.01614389766894837
6030 7236 46729 12.915699281370923 0.0017851692164990909 207 0.009098624825788392 391.24405749032616 0.016009214743332733
6040 7247 46836 12.925624396301918 0.0017838289257938059 207 0.009090869314490307 391.651165999724 0.01613062566161391
6050 7260 46954 12.934986225895317 0.001781923987587177 207 0.009054742300355861 392.08622589531683 0.016221243584918364
6060 7270 47042 12.9414030261348 0.0017803553482094924 207 0.009037882039413048 392.3697386519945 0.01628627026436417
6070 7282 47102 12.93655589123867 0.0017767553758053385 207 0.008922417203367353 392.2183466080747 0.016372973198749682
6080 7293 47210 12.9466611819553 0.0017754609410251371 207 0.008920845431156905 392.88084464555055 0.016171621906876214
6090 7304 47311 12.954819277108435 0.001773903776134251 207 0.00883321315956568 393.3866374589266 0.01589112060987632
6100 7314 47376 12.954881050041017 0.0017714865376782466 208 0.008814832520930885 393.6018594476347 0.015689725131238376
6110 7326 47495 12.966147966147966 0.0017701225892352173 208 0.008794488812402537 394.0636090636091 0.015785836414872446
6120 7338 47622 12.979558462796403 0.0017690552627499525 208 0.00880416940323804 394.8582720087217 0.015627689649904214
6130 7349 47760 12.997686760103415 0.0017688740827576776 208 0.008792078278676724 395.799972785413 0.015772965885450595
6140 7359 47883 13.013452914798206 0.001768612790812477 208 0.008787268999995957 396.64166326946594 0.01582956878346805
6150 7369 47973 13.020219839869725 0.0017671308143145663 209 0.008777298911441304 397.05170308047224 0.01579571333118124
6160 7379 48079 13.031305054885486 0.001766238147856531 209 0.008788362276898411 397.5674210597642 0.015798566003366463
6170 7391 48219 13.048031389527804 0.0017656334762554539 209 0.008758765299944583 398.3701799485861 0.015747071886625417
6180 7403 48293 13.046872889369174 0.0017626145486853788 209 0.008766315008277594 398.5730109415102 0.015784181051408767
6190 7414 48405 13.057728621526842 0.0017614634589945826 209 0.00874716864344682 399.22497976800645 0.015841799815490748
6200 7424 48561 13.082165948275861 0.0017623825876701955 210 0.00874070774588504 400.5447198275862 0.015689622026201392
6210 7435 48666 13.091055817081372 0.0017609706506700796 210 0.008738488482130475 400.9172831203766 0.015825057717497718
6220 7445 48741 13.093619879113499 0.0017589494732823078 210 0.008721909172153477 401.08179986568166 0.015836797191598338
6230 7455 48888 13.11549295774648 0.001759524142439828 210 0.008710931234095548 402.39704896042923 0.015953430545768317
6240 7465 49035 13.137307434695245 0.0017600894205111529 210 0.008693907409577348 403.64822505023443 0.015945351484868437
6250 7475 49176 13.157458193979933 0.0017604305852261084 210 0.008696370713403342 404.65498327759195 0.016009889291577848
6260 7485 49282 13.168203072812291 0.0017595140396595792 211 0.008684824299036085 405.35738142952573 0.015824637354103572
6270 7496 49410 13.183030949839914 0.0017589100666897818 211 0.008651595248110011 406.10725720384204 0.015761802647025085
6280 7506 49493 13.187583266719958 0.0017571729869047246 211 0.008637646587537146 406.34852118305355 0.01579715537202584
6290 7516 49548 13.184672698243746 0.0017544474648361606 211 0.008620479404898431 406.2288451303885 0.015954241441884634
6300 7527 49640 13.189849873787697 0.0017525710701285805 211 0.008609284144895283 406.61538461538464 0.015934979380244532
6310 7540 49785 13.205570291777189 0.0017516342076903022 211 0.008594904621939448 407.6679045092838 0.016225478027230875
6320 7549 49877 13.214200556365082 0.0017506889979286011 211 0.008583294008391402 408.0948469996026 0.016249636659421852
6330 7559 50012 13.232438153194867 0.0017507856778506044 211 0.008569713813247053 409.089826696653 0.0162388555159697
6340 7571 50080 13.229428080834765 0.0017476126923163494 212 0.00857321828661338 409.1895390305112 0.016016747163824993
6350 7581 50258 13.25893681572352 0.00174920010761524 213 0.00857246215748374 410.66429230972165 0.015869068025781505
6360 7592 50359 13.266332982086407 0.0017476397025538673 214 0.008608127528209154 411.036354056902 0.01594648594736679
6370 7602 50479 13.280452512496712 0.0017471980676880294 216 0.008633305717957783 412.08497763746385 0.015734715311603854
6380 7613 50546 13.278865099172467 0.0017444646740899196 216 0.008615800734712712 412.04965191120453 0.015805119676290173
6390 7623 50632 13.284008920372557 0.0017428508161076563 216 0.008647643610625037 412.38147710874983 0.015723957028401517
6400 7633 50710 13.28704310231888 0.0017409647670753247 217 0.008648110331898386 412.5829948906066 0.015723821994769665
6410 7645 50824 13.296010464355788 0.0017394048226525103 217 0.008623303254740136 412.9650752125572 0.01585359435320632
6420 7655 50889 13.295623775310254 0.0017370817579448988 217 0.00859752482452676 412.89693011103856 0.01606211808180291
6430 7665 51097 13.332550554468362 0.0017396334230778134 218 0.008596148803038136 415.07292889758645 0.016434364647690658
6440 7675 51393 13.392312703583062 0.001745154118267274 218 0.008682146366282208 420.0742671009772 0.015523525095391032
6450 7687 51493 13.397424222713672 0.0017430944864316514 218 0.008664421089537407 420.31481722388446 0.015729770525085743
6460 7697 51604 13.408860595037027 0.0017423155658831896 218 0.008684573999550702 421.2454202936209 0.015694751001295512
6470 7708 51692 13.412558380902958 0.0017403086000912103 218 0.008644145269546936 421.41229891022317 0.015780221908088313
6480 7718 51804 13.424203161440788 0.00173956241563312 219 0.008650656662687089 422.09976677895827 0.015830417348572587
6490 7729 51924 13.436149566567472 0.001738632190290822 219 0.008654118235524482 422.64665545348686 0.015867418394137394
6500 7738 52004 13.441199276298786 0.0017372624113091359 219 0.008684045970537319 423.0165417420522 0.015959305237156406
6510 7748 52083 13.4442436757873 0.0017354128921888861 219 0.008680654907954798 423.3105317501291 0.015883790333943312
6520 7758 52183 13.452693993297242 0.0017342650500576566 219 0.00867156931208415 423.74400618716163 0.01584554537369194
6530 7767 52277 13.461310673361659 0.0017333647532013466 220 0.008675375117455314 424.3566370542037 0.01592409862036343
6540 7777 52384 13.471518580429471 0.0017324483771128435 221 0.008703970536338757 424.75350392182077 0.016069233833110794
6550 7789 52519 13.48542816792913 0.0017315649933139614 221 0.008690843724096429 425.49698292463734 0.016135402896378236
6560 7800 52631 13.495128205128205 0.0017303664835399673 221 0.008678528674425891 426.0310256410256 0.016139418484583626
6570 7810 52808 13.523175416133162 0.001731742273803709 221 0.00866897719825261 427.48373879641485 0.01599490629152182
6580 7822 52890 13.523395551009973 0.00172911335519882 221 0.00862310301444825 427.5584249552544 0.01596493670894077
6590 7834 53006 13.53229512381925 0.001727600552000415 221 0.008616508036658272 428.1684962981874 0.015922071097231313
6600 7845 53114 13.5408540471638 0.0017262690014232277 222 0.008604798311503294 428.77017208413 0.015808254386887752
6610 7855 53208 13.547549331635901 0.0017249235207073975 222 0.008585480042094792 429.2394653087206 0.015584397086290717
6620 7865 53285 13.549904640813732 0.0017230295830129364 222 0.008571391410995338 429.46471710108074 0.015488874667518216
6630 7875 53420 13.566984126984128 0.0017230104301478445 222 0.008565732683638787 430.39492063492065 0.015371176232077769
6640 7886 53511 13.571138726857722 0.0017211336368874728 222 0.008543664224593742 430.6279482627441 0.015437960021082104
6650 7896 53585 13.572695035460994 0.0017191507328006325 222 0.008540623796904996 430.83257345491387 0.01533683519258695
6660 7907 53696 13.581889465030985 0.0017179217638541595 222 0.008519480639782265 431.27026685215634 0.015419393383311539
6670 7917 53790 13.588480485032209 0.0017165841946730936 223 0.00850657544192436 431.81609195402297 0.01527223254874988
6680 7928 53875 13.591069626639758 0.0017145287784331724 223 0.00848733220283955 431.94424823410696 0.015424291358712011
6690 7938 53972 13.598387503149407 0.0017132906013795398 223 0.008496212228880333 432.33862433862436 0.015334522953537044
6700 7949 54095 13.61051704616933 0.0017124455266946815 223 0.008483272171834746 432.9279154610643 0.015462604565468326
6710 7961 54194 13.61487250345434 0.0017104111185244145 223 0.00851009010200852 433.24707951262405 0.015303155892596027
6720 7971 54276 13.618366578848326 0.0017087034603322868 223 0.008498737570115614 433.4176389411617 0.015385147388049695
6730 7982 54347 13.617389125532448 0.0017062259272688195 223 0.008487957241023926 433.5294412427963 0.015316151833485473
6740 7992 54469 13.63088088088088 0.001705779111610672 224 0.008482732447234001 434.19319319319317 0.01548508229911609
6750 8002 54620 13.651587103224195 0.00170623510851446 224 0.008455060935461585 435.3756560859785 0.015516997807559005
6760 8014 54722 13.656600948340404 0.0017043056219069516 224 0.008445933974256135 435.78762166209134 0.01545528089799535
6770 8025 54821 13.662554517133957 0.0017027111810984492 224 0.008426241932820535 436.15601246105916 0.015708813959350303
6780 8037 55014 13.690182904068683 0.0017036066331593681 224 0.008422091469766456 437.8715938783128 0.015503637561075175
6790 8048 55073 13.68613320079523 0.0017007745993283495 225 0.008406354554133726 437.87698807157057 0.015271316431185391
6800 8058 55189 13.697939935467858 0.0017001290722933919 225 0.008373057529013832 438.57011665425665 0.015109464163530003
6810 8070 55376 13.723915737298636 0.001700819895563098 225 0.00842403323980507 440.4280049566295 0.014302337127545448
6820 8081 55478 13.730478901126098 0.001699316695683923 225 0.008404630254133946 440.7999010023512 0.01438145861451611
6830 8092 55628 13.748887790410281 0.0016992816450884045 225 0.008411751435074676 441.6018289668809 0.014458988589635588
6840 8103 55777 13.766999876588917 0.0016992100563550873 225 0.008404552732175363 442.5570776255708 0.014328858092036793
6850 8131 55824 13.731152379781085 0.0016889486321993955 225 0.008379180329112706 441.33858074037636 0.014569082845941975
6860 8171 55854 13.671276465548893 0.0016733508525763638 225 0.008338161211114357 439.1927548647656 0.015027209917160085
6870 8211 55884 13.611983924004385 0.0016579761174183173 225 0.008297541743516674 437.0678358299842 0.015484418526311357
6880 8251 55914 13.55326627075506 0.0016428201540309164 225 0.008257316113927451 434.96351957338504 0.015940711429958416
6890 8291 55944 13.495115185140515 0.0016278787919349232 225 0.008217478622122229 432.8795079001327 0.016396091373959285
6900 8331 55974 13.437522506301764 0.0016131479599401878 225 0.008178023677351508 430.8155083423359 0.016850561093355625
6910 8371 56004 13.380480229363277 0.0015986236833169987 225 0.008138945795725171 428.7712340222196 0.017304123311705114
6920 8411 56034 13.323980501723932 0.0015843020810611098 225 0.00810023959767155 426.74640351920107 0.017756780742439228
6930 8451 56064 13.268015619453319 0.0015701793632489135 225 0.008061899805468632 424.74074074074076 0.0182085360875718
6940 8491 56094 13.212578023789895 0.0015562518284793752 225 0.00802392124084506 422.7539747968437 0.018659392038692463
6950 8531 56124 13.157660297737662 0.0015425158613994916 225 0.007986298822648624 420.7858398780917 0.019109351276709933
6960 8571 56154 13.103255162758138 0.0015289679303101679 225 0.007949027564580026 418.8360751370902 0.019558416471654426
6970 8611 56184 13.049355475554524 0.0015156045848495382 225 0.007912102572989828 416.9044245732203 0.020006590283487367
6980 8651 56214 12.995954224945093 0.0015024224537508778 225 0.007875519044736493 414.99063692058724 0.020453875360750995
6990 8691 56244 12.94304452882292 0.0014894182426723728 225 0.007839272265103602 413.0944655390634 0.02090027434222782
7000 8731 56274 12.890619631199176 0.0014765887320961255 225 0.007803357605774299 411.21566830832666 0.021345789856018364
7010 8771 56304 12.838672899327328 0.00146393077529388 225 0.00776777052286118 409.3540075247976 0.021790424519958582
7020 8811 56334 12.787197820905686 0.0014514412963570586 225 0.007732506554989831 407.5092498013846 0.022234180941364246
7030 8851 56364 12.73618800135578 0.0014391172882887886 225 0.007697561321434347 405.6811659699469 0.022677061717515722
7040 8891 56394 12.68563716117422 0.0014269558111557055 225 0.007662930520303161 403.8695309863907 0.023119069433831924
7050 8931 56424 12.635539133355728 0.0014149539902973938 225 0.007628609926773643 402.074123838316 0.023560206670656808
7060 8971 56454 12.585887860885075 0.001403109014591424 225 0.007594595391373917 400.2947274551332 0.024000475991650016
7070 9011 56484 12.536677394295861 0.0013914181347720155 225 0.007560882838310443 398.53112862057486 0.02443987995360284
7080 9051 56514 12.487901889294001 0.001379878661800442 225 0.007527468263839952 396.78311788752626 0.024878421102394657
7090 9091 56544 12.439555604443955 0.0013684879652853636 225 0.007494347734684347 395.05048949510507 0.02531610197774904
7100 9131 56574 12.391632898915782 0.0013572434719513451 225 0.007461517386487286 393.33304128792025 0.025752925103071995
7110 9171 56604 12.344128230291135 0.001346142664153886 225 0.007428973422311133 391.6305746374441 0.026188892995836703
7120 9211 56634 12.297036152426447 0.0013351830784393535 225 0.007396712111173098 389.9428943654326 0.026624008162988468
7130 9251 56664 12.250351313371528 0.0013243623041482731 225 0.007364729786619328 388.26980866933303 0.027058273101720202
7140 9291 56694 12.204068453341943 0.0013136779820604892 225 0.007333022845335852 386.6111290496179 0.027491690299280058
7150 9331 56724 12.158182402743543 0.0013031278030807656 225 0.007301587745795242 384.96667023898834 0.027924262233211962
7160 9371 56754 12.112688080247572 0.001292709506963455 225 0.007270421006937937 383.33625013339025 0.028355991371702062
7170 9411 56784 12.067580490914887 0.0012824208810749082 225 0.007239519206887196 381.71968972479016 0.028786880172927184
7180 9451 56814 12.022854724367791 0.001272259759192359 225 0.0072088789816966885 380.11681303565763 0.029216931085750825
7190 9491 56844 11.978505953008113 0.001262224020338052 225 0.007178497024129745 378.52744705510486 0.02964614654953028
7200 9531 56874 11.934529430280138 0.0012523115876474436 225 0.007148370082469354 376.95142167663414 0.03007452899437666
7210 9571 56904 11.890920488977118 0.0012425204272703363 225 0.007118494959357999 375.38856963744644 0.0305020808414749
7220 9611 56934 11.847674539590052 0.0012328485473038556 225 0.0070888685106664665 373.83872645926544 0.030928804498760593
7230 9651 56964 11.804787068697545 0.0012232939967562221 225 0.007059487644390779 372.3017303906331 0.031354702371229254
7240 9691 56994 11.762253637395522 0.0012138548645403014 225 0.007030349319576453 370.7774223506346 0.03177977685015207
7250 9731 57024 11.720069879765697 0.0012045292784959606 225 0.007001450545269284 369.2656458740109 0.03220403031927872
7260 9771 57054 11.678231501381639 0.0011953154044402907 225 0.0069727883794919055 367.76624705761947 0.03262746515204086
7270 9811 57084 11.63673427785139 0.0011862114452447902 225 0.006944359928245378 366.2790745082051 0.03305008371374678
7280 9851 57114 11.595574053395595 0.001177215639938639 225 0.006916162344535114 364.8039792914425 0.03347188836014016
7290 9891 57144 11.554746739460116 0.0011683262628372209 225 0.006888192827420423 363.34081488221614 0.03389288143811457
7300 9931 57174 11.514248313362199 0.0011595416226950854 225 0.006860448621087041 361.8894371161011 0.03431306528508639
7310 9971 57204 11.47407481696921 0.0011508600618825688 225 0.0068329270139419725 360.44970414201185 0.034732442229905625
7318 10003 57228 11.442167349795062 0.0011439879373920277 225 0.006811068205139999 359.3062081375587 0.035067364375704894
