[1.33137 1.33263 1.33352 1.33316 1.33417 1.33514 1.33561 1.33545 1.33656
 1.33715 1.33746 1.33745 1.33761 1.33696 1.33516 1.33359 1.33219 1.33059
 1.32843 1.32776 1.32683 1.32629 1.32605 1.32467 1.32427 1.32368 1.32453
 1.3215  1.32096 1.31897 1.31918 1.31865 1.31769 1.31627 1.31518 1.31412
 1.31357 1.31212 1.31174 1.31103 1.30986 1.30975 1.30774 1.30734 1.30764
 1.30659 1.3065  1.30538 1.30445 1.3044  1.30434 1.30428 1.30305 1.30153
 1.30189 1.30221 1.30263 1.30312 1.30267 1.30185 1.30061 1.29995 1.30015
 1.29812 1.29758 1.29545 1.29514 1.29444 1.29387 1.29353 1.29289 1.29129
 1.29097 1.29034 1.29063 1.28894 1.28888 1.28902 1.28726 1.28722 1.28646
 1.2857  1.2853  1.28336 1.28273 1.28138 1.28077 1.28099 1.2805  1.28135
 1.2815  1.2803  1.2782  1.27756 1.27715 1.27667 1.27512 1.27373 1.27364
 1.27393][1.26181 1.26272 1.2626  1.26323 1.26385 1.26514 1.26562 1.26624 1.26713
 1.26783 1.26776 1.26786 1.26818 1.26797 1.26919 1.26936 1.26954 1.26868
 1.26868 1.27022 1.27012 1.26986 1.26939 1.26894 1.26915 1.26859 1.26812
 1.26767 1.26735 1.26653 1.26556 1.2661  1.26543 1.26573 1.26611 1.26716
 1.26625 1.26581 1.26575 1.26566 1.26531 1.26584 1.26591 1.26432 1.26402
 1.26405 1.26316 1.26304 1.26185 1.26196 1.26129 1.26103 1.25965 1.25838
 1.25708 1.25628 1.25658 1.25605 1.2547  1.25407 1.25239 1.25135 1.25019
 1.24899 1.24819 1.24694 1.24601 1.24663 1.24684 1.24577 1.24459 1.2434
 1.24191 1.24154 1.24105 1.24049 1.23925 1.23814 1.23804 1.23673 1.238
 1.23815 1.23672 1.23683 1.23662 1.23594 1.23632 1.23624 1.23566 1.23368
 1.23385 1.23267 1.23245 1.23113 1.22887 1.22855 1.22691 1.22577 1.22533
 1.22543][1.29679 1.29763 1.29884 1.29884 1.29888 1.29882 1.29842 1.29933 1.29928
 1.30002 1.30093 1.30113 1.30116 1.30149 1.30132 1.30126 1.3022  1.30281
 1.30354 1.30476 1.30427 1.30512 1.30639 1.30644 1.30703 1.30827 1.30876
 1.3091  1.30868 1.30903 1.30927 1.30941 1.30909 1.30799 1.30837 1.30721
 1.30832 1.30825 1.30773 1.30759 1.3084  1.3081  1.30761 1.30709 1.30732
 1.30654 1.30625 1.30563 1.30429 1.30271 1.30205 1.30126 1.30008 1.29926
 1.29861 1.29764 1.29695 1.29595 1.29519 1.29533 1.29439 1.29262 1.29131
 1.29041 1.29051 1.28967 1.29072 1.2909  1.29056 1.29018 1.28871 1.28959
 1.28893 1.28785 1.28612 1.28477 1.28487 1.28391 1.28343 1.28322 1.28247
 1.28179 1.27989 1.27815 1.27753 1.27635 1.27609 1.27629 1.27455 1.27509
 1.2755  1.27587 1.27676 1.27456 1.2741  1.2728  1.2719  1.2716  1.27023
 1.26907][1.26374 1.26392 1.2642  1.26532 1.26658 1.26809 1.26785 1.26855 1.2688
 1.26864 1.26899 1.26993 1.26995 1.27103 1.27134 1.27079 1.27073 1.27027
 1.27108 1.2714  1.27167 1.27272 1.27266 1.27324 1.27346 1.27416 1.27518
 1.27621 1.27668 1.27712 1.27736 1.27793 1.2785  1.27885 1.27945 1.28017
 1.27992 1.28024 1.28037 1.28062 1.28052 1.28051 1.2797  1.27947 1.27928
 1.2789  1.2785  1.27827 1.27836 1.27821 1.27787 1.27699 1.27698 1.27643
 1.27556 1.2752  1.27462 1.27428 1.27293 1.27231 1.27169 1.27192 1.27061
 1.26953 1.26933 1.2687  1.26739 1.26775 1.26694 1.26598 1.2649  1.26391
 1.26234 1.26209 1.26128 1.26086 1.26006 1.25966 1.25817 1.25753 1.25853
 1.25761 1.25536 1.25418 1.2537  1.25289 1.25238 1.25301 1.253   1.25233
 1.25333 1.25298 1.25191 1.2519  1.25086 1.25118 1.25085 1.2499  1.24907
 1.24842][1.26964 1.27017 1.27044 1.27089 1.271   1.27135 1.27158 1.27281 1.27234
 1.27256 1.27412 1.27472 1.27439 1.27489 1.27539 1.27593 1.27533 1.27567
 1.2766  1.27711 1.27793 1.27845 1.27885 1.27917 1.2801  1.28093 1.28251
 1.28295 1.28292 1.28349 1.28314 1.2837  1.28301 1.28335 1.28285 1.2825
 1.28349 1.28381 1.28482 1.28535 1.28626 1.28688 1.28793 1.28825 1.28833
 1.28921 1.28994 1.29035 1.29085 1.29187 1.29191 1.29136 1.29127 1.29114
 1.29089 1.29115 1.29093 1.28934 1.28912 1.28876 1.28858 1.28716 1.28718
 1.28639 1.28627 1.28609 1.28572 1.28561 1.28476 1.28395 1.28359 1.2838
 1.28444 1.28471 1.28434 1.28532 1.28569 1.28489 1.28401 1.28263 1.28094
 1.27988 1.27904 1.27787 1.27715 1.27611 1.27718 1.27678 1.27655 1.27654
 1.27643 1.2763  1.27639 1.27725 1.27776 1.27627 1.27605 1.27652 1.27571
 1.27537][1.21936 1.21947 1.22044 1.22077 1.22032 1.22119 1.22165 1.22133 1.22241
 1.22223 1.22224 1.22167 1.22287 1.22409 1.22445 1.22504 1.22522 1.22557
 1.22603 1.22635 1.22644 1.22669 1.22683 1.22654 1.22573 1.2254  1.2259
 1.22561 1.22716 1.22755 1.22851 1.22882 1.22949 1.23004 1.23111 1.23243
 1.23282 1.23249 1.23275 1.2328  1.23302 1.23357 1.23322 1.2339  1.2346
 1.23547 1.2355  1.23573 1.23572 1.23627 1.23635 1.23694 1.23627 1.23631
 1.23632 1.23722 1.2374  1.23833 1.23803 1.23758 1.23736 1.23753 1.23572
 1.23571 1.23524 1.23502 1.23441 1.23361 1.23257 1.23287 1.23194 1.23159
 1.23081 1.22942 1.22967 1.22905 1.22984 1.22895 1.229   1.22835 1.22718
 1.22658 1.22621 1.22517 1.22502 1.22508 1.22398 1.22436 1.22507 1.22427
 1.2243  1.2239  1.2233  1.22437 1.22395 1.22392 1.22288 1.2235  1.22337
 1.22293][1.21167 1.21218 1.21225 1.21251 1.21236 1.21239 1.21376 1.21365 1.21437
 1.21441 1.21463 1.21536 1.21485 1.21499 1.21654 1.21653 1.21693 1.21608
 1.21685 1.2174  1.218   1.2184  1.21796 1.21907 1.21899 1.22024 1.22095
 1.2213  1.22205 1.22182 1.22139 1.22183 1.22321 1.22363 1.22476 1.22562
 1.22534 1.22512 1.22461 1.22516 1.22453 1.22517 1.22569 1.22624 1.22702
 1.22731 1.22776 1.22868 1.2286  1.22946 1.22881 1.22916 1.23005 1.23025
 1.23018 1.23142 1.23162 1.23185 1.23175 1.23112 1.23205 1.23209 1.23185
 1.23334 1.23353 1.234   1.23484 1.23415 1.23409 1.23502 1.23451 1.23389
 1.23401 1.2341  1.23399 1.23318 1.23321 1.2341  1.23337 1.23374 1.23254
 1.23227 1.23247 1.23148 1.23058 1.23025 1.23027 1.23105 1.23134 1.23051
 1.22958 1.22943 1.22939 1.2295  1.22828 1.22748 1.22689 1.22685 1.22647
 1.22661][1.21861 1.21933 1.21995 1.22059 1.22142 1.22148 1.22125 1.22163 1.2213
 1.22143 1.22266 1.22326 1.22415 1.22515 1.22556 1.22613 1.22675 1.22785
 1.22786 1.22818 1.22896 1.22953 1.23008 1.23014 1.2313  1.23213 1.23194
 1.23218 1.2319  1.23326 1.2335  1.23373 1.23429 1.23451 1.23472 1.23573
 1.23594 1.2361  1.23696 1.23684 1.23696 1.23726 1.23817 1.23853 1.24035
 1.24027 1.23993 1.23972 1.23935 1.23899 1.24001 1.24055 1.24037 1.24066
 1.24128 1.24196 1.24277 1.24265 1.2433  1.24343 1.24409 1.24447 1.24425
 1.24491 1.24439 1.24508 1.2456  1.2453  1.24557 1.24568 1.24631 1.247
 1.24677 1.24707 1.2468  1.24744 1.24763 1.24802 1.24801 1.24905 1.24875
 1.24805 1.24813 1.24834 1.24874 1.24764 1.24706 1.24651 1.24658 1.24557
 1.24505 1.24421 1.24407 1.24363 1.24204 1.24194 1.241   1.24047 1.24051
 1.24033][1.21566 1.21601 1.21606 1.2166  1.21716 1.21854 1.21883 1.21976 1.22001
 1.21961 1.22116 1.22151 1.22178 1.22326 1.22341 1.2241  1.22474 1.22458
 1.22516 1.22534 1.2257  1.22622 1.22638 1.2258  1.22548 1.22623 1.22633
 1.22686 1.22793 1.22779 1.22711 1.22667 1.22741 1.22807 1.22836 1.22795
 1.22897 1.2289  1.22935 1.22964 1.2297  1.23044 1.23132 1.23122 1.23197
 1.23212 1.23317 1.23312 1.23317 1.23476 1.23413 1.23396 1.23416 1.234
 1.23413 1.23425 1.23399 1.23423 1.23487 1.23458 1.23422 1.23328 1.23416
 1.23469 1.23542 1.23673 1.23691 1.23781 1.23813 1.23887 1.23887 1.23915
 1.23961 1.23971 1.24015 1.24029 1.24146 1.2418  1.24051 1.2409  1.24108
 1.24069 1.24127 1.24211 1.24191 1.24252 1.24352 1.24359 1.24323 1.24355
 1.24337 1.24364 1.2439  1.24373 1.24375 1.24261 1.24213 1.24183 1.24189
 1.24122]