[1.33683 1.33796 1.33858 1.33918 1.33908 1.33888 1.33843 1.33902 1.33976
 1.34118 1.34047 1.33981 1.33963 1.33977 1.33936 1.33925 1.33971 1.3396
 1.33952 1.34012 1.33859 1.33787 1.33673 1.33661 1.33619 1.33589 1.33473
 1.33396 1.33332 1.33304 1.33175 1.33014 1.32863 1.32828 1.32673 1.32593
 1.32563 1.32452 1.32356 1.32268 1.32229 1.32259 1.32237 1.32121 1.32184
 1.32152 1.32261 1.32168 1.3212  1.31859 1.31888 1.3169  1.31534 1.31362
 1.31423 1.31279 1.31185 1.31093 1.31075 1.30986 1.30829 1.30777 1.30555
 1.30492 1.30535 1.30456 1.30123 1.30042 1.29782 1.29665 1.2947  1.29285
 1.2912  1.29033 1.28888 1.28728 1.2867  1.28559 1.28532 1.28481 1.2844
 1.28455 1.28176 1.28185 1.28186 1.28142 1.27974 1.27946 1.27774 1.27611
 1.27449 1.27408 1.27291 1.27187 1.27177 1.27217 1.27076 1.2707  1.26913
 1.26811][1.31037 1.3111  1.31191 1.312   1.31225 1.31313 1.31289 1.313   1.31324
 1.31364 1.31345 1.31376 1.31335 1.31323 1.31433 1.31457 1.31393 1.31484
 1.31432 1.31349 1.31324 1.31228 1.31151 1.31135 1.31027 1.30913 1.30769
 1.30574 1.30476 1.30514 1.30528 1.30499 1.3035  1.30331 1.304   1.30366
 1.30401 1.30411 1.30352 1.30196 1.30039 1.29935 1.29905 1.29907 1.29973
 1.29963 1.2993  1.29869 1.2979  1.29699 1.29557 1.29417 1.29397 1.29421
 1.29362 1.29362 1.29285 1.29181 1.29126 1.28996 1.28855 1.28714 1.28608
 1.28496 1.28435 1.28274 1.28091 1.27789 1.27664 1.27495 1.27332 1.27286
 1.27333 1.27268 1.27193 1.27021 1.26923 1.2684  1.26688 1.26614 1.26478
 1.26434 1.26331 1.26246 1.26082 1.2623  1.26167 1.26128 1.2612  1.25995
 1.25915 1.26003 1.25918 1.25809 1.25692 1.25591 1.25625 1.25626 1.25599
 1.25579][1.24748 1.2481  1.2477  1.24771 1.24778 1.24822 1.24797 1.24842 1.2485
 1.24922 1.25041 1.25083 1.25122 1.25166 1.25166 1.25165 1.25197 1.25182
 1.25194 1.25301 1.25313 1.25395 1.25458 1.25463 1.25436 1.25549 1.25656
 1.25663 1.25679 1.25623 1.2558  1.25641 1.25631 1.25702 1.25638 1.25599
 1.25619 1.2554  1.2548  1.2535  1.25339 1.25403 1.25343 1.25414 1.25254
 1.25153 1.25184 1.25162 1.25063 1.24956 1.25001 1.24978 1.24963 1.24883
 1.24866 1.24814 1.24717 1.24628 1.24592 1.24561 1.24652 1.2462  1.24647
 1.24671 1.24593 1.24484 1.24392 1.24344 1.24264 1.24258 1.24195 1.24119
 1.2404  1.23994 1.24075 1.24024 1.24026 1.23994 1.23884 1.23899 1.23815
 1.23705 1.23476 1.23467 1.2342  1.23366 1.23321 1.23275 1.23232 1.23196
 1.23122 1.23016 1.22941 1.22998 1.22939 1.22937 1.22796 1.22835 1.22783
 1.22809][1.25214 1.25247 1.25266 1.25365 1.25365 1.25371 1.25493 1.25525 1.25631
 1.25603 1.25647 1.2562  1.2559  1.25597 1.25682 1.25728 1.25799 1.2587
 1.25895 1.25955 1.26017 1.26062 1.26157 1.26166 1.26215 1.26257 1.26327
 1.26423 1.26464 1.26527 1.26584 1.2658  1.26661 1.26665 1.26784 1.26951
 1.26926 1.26897 1.26965 1.27094 1.27041 1.27002 1.27008 1.26925 1.26865
 1.26904 1.26862 1.26865 1.26821 1.26789 1.26714 1.26677 1.26579 1.26505
 1.26342 1.26236 1.26121 1.26157 1.2614  1.26163 1.26171 1.26093 1.26196
 1.2611  1.26128 1.26062 1.2612  1.26013 1.25975 1.25859 1.25811 1.25793
 1.25818 1.25784 1.25772 1.25749 1.2576  1.25693 1.2571  1.25777 1.25712
 1.25537 1.25552 1.25452 1.25359 1.25289 1.25178 1.25115 1.25109 1.25022
 1.24958 1.24943 1.24965 1.25017 1.24958 1.24818 1.24739 1.24725 1.24623
 1.24541][1.23554 1.23577 1.23535 1.23516 1.2351  1.23596 1.23638 1.23723 1.23759
 1.23791 1.23804 1.2389  1.23968 1.24082 1.24072 1.24075 1.2415  1.24279
 1.24341 1.24258 1.24322 1.24429 1.24434 1.24386 1.24445 1.24489 1.24598
 1.24707 1.24793 1.24891 1.24912 1.2491  1.24927 1.24958 1.24956 1.25022
 1.25039 1.25088 1.25166 1.25255 1.25368 1.25381 1.25477 1.25475 1.25423
 1.25456 1.25442 1.2552  1.2553  1.25626 1.25581 1.25627 1.25623 1.25645
 1.2565  1.25606 1.25553 1.25577 1.25609 1.25588 1.2561  1.25624 1.25625
 1.25622 1.25545 1.25551 1.25417 1.25379 1.25324 1.25304 1.25265 1.25208
 1.252   1.25098 1.25023 1.24984 1.24939 1.24895 1.24831 1.24716 1.24702
 1.24602 1.24525 1.24511 1.24616 1.24546 1.24517 1.24436 1.24435 1.24415
 1.24384 1.2433  1.24384 1.24312 1.24317 1.24244 1.24379 1.24228 1.24268
 1.24205][1.23383 1.23489 1.23524 1.23555 1.237   1.23769 1.23862 1.23893 1.239
 1.24016 1.24097 1.24152 1.24206 1.24263 1.24328 1.24356 1.24371 1.24279
 1.24335 1.244   1.24495 1.24457 1.24514 1.24571 1.24607 1.24685 1.24727
 1.24716 1.2464  1.24689 1.24692 1.24679 1.24771 1.24826 1.24869 1.24887
 1.24918 1.24934 1.25068 1.25009 1.24953 1.2495  1.25009 1.25021 1.2508
 1.25155 1.25217 1.25268 1.25139 1.25233 1.25285 1.25322 1.25409 1.25462
 1.25527 1.25595 1.25609 1.25661 1.25653 1.25709 1.25727 1.25678 1.25677
 1.25727 1.25684 1.25651 1.25604 1.25586 1.25539 1.25541 1.25451 1.25397
 1.25337 1.25379 1.2546  1.25434 1.25404 1.25487 1.25516 1.25486 1.25488
 1.25416 1.25353 1.25371 1.25366 1.25341 1.25262 1.25319 1.2533  1.25258
 1.25271 1.25221 1.25228 1.25221 1.25184 1.2506  1.25036 1.25056 1.25074
 1.25049][1.20201 1.20249 1.20305 1.20332 1.2036  1.20344 1.20405 1.20464 1.20517
 1.20568 1.20598 1.20629 1.20601 1.20686 1.20746 1.20749 1.2074  1.20741
 1.20753 1.20833 1.20839 1.20693 1.2066  1.20768 1.20809 1.20783 1.20763
 1.20793 1.20783 1.20806 1.20898 1.2094  1.20962 1.21039 1.21029 1.21027
 1.21029 1.21023 1.21135 1.21263 1.21292 1.21297 1.2134  1.214   1.21451
 1.21543 1.21614 1.21773 1.21757 1.21787 1.21864 1.21841 1.21909 1.21992
 1.22114 1.22142 1.22176 1.22301 1.22368 1.22365 1.22393 1.22368 1.22377
 1.22519 1.22566 1.22631 1.22646 1.22687 1.22676 1.22772 1.22775 1.22826
 1.22763 1.2267  1.22626 1.22581 1.22506 1.22427 1.22393 1.22416 1.22313
 1.22267 1.2222  1.22124 1.22056 1.22121 1.22103 1.22033 1.21987 1.21955
 1.2193  1.21851 1.21768 1.2175  1.21683 1.21657 1.21568 1.21572 1.21489
 1.21499][1.20558 1.20602 1.20643 1.20645 1.20653 1.20731 1.20827 1.20763 1.20915
 1.20993 1.21063 1.21077 1.21084 1.21101 1.21151 1.2122  1.21225 1.21261
 1.21296 1.21269 1.21296 1.21337 1.21369 1.21303 1.21364 1.21465 1.21539
 1.21558 1.21655 1.21726 1.21812 1.21819 1.21879 1.21929 1.21962 1.21964
 1.21993 1.22033 1.22092 1.22114 1.22109 1.22082 1.22195 1.22214 1.22236
 1.22233 1.22268 1.2226  1.22329 1.22364 1.22367 1.22395 1.22383 1.22362
 1.22436 1.22391 1.22401 1.2248  1.22599 1.22678 1.2273  1.22727 1.22729
 1.22778 1.22731 1.22721 1.22756 1.22786 1.22725 1.2281  1.22853 1.22975
 1.23017 1.23126 1.2306  1.23088 1.23106 1.2318  1.2332  1.2325  1.23184
 1.23157 1.23119 1.23211 1.23195 1.23079 1.23068 1.23039 1.23032 1.22965
 1.23052 1.2306  1.22993 1.22945 1.22945 1.22943 1.22832 1.22824 1.22907
 1.22889][1.21464 1.21467 1.21506 1.21557 1.21558 1.21698 1.21766 1.218   1.21895
 1.21922 1.21931 1.21909 1.22003 1.22091 1.22212 1.22259 1.22286 1.2224
 1.22284 1.22374 1.22294 1.22237 1.22297 1.22391 1.22462 1.22427 1.22425
 1.22553 1.22625 1.22625 1.22707 1.22766 1.22751 1.22689 1.2271  1.22764
 1.22713 1.22825 1.22834 1.22883 1.22938 1.22939 1.23045 1.23043 1.23053
 1.22964 1.22895 1.23029 1.23008 1.23022 1.23125 1.23163 1.23238 1.23215
 1.23204 1.23215 1.23181 1.23253 1.23286 1.23234 1.23263 1.23353 1.23321
 1.23372 1.23371 1.23456 1.23588 1.23595 1.23513 1.23544 1.2359  1.23558
 1.23598 1.23584 1.23648 1.23795 1.23838 1.23902 1.23921 1.23974 1.23952
 1.24039 1.24034 1.24071 1.24067 1.24089 1.24106 1.24211 1.24276 1.24282
 1.24273 1.24269 1.24193 1.24164 1.2407  1.23987 1.24071 1.24021 1.24048
 1.24022]