[1.35641 1.35748 1.35807 1.35853 1.3583  1.3577  1.35917 1.35862 1.35778
 1.35801 1.35862 1.35787 1.35689 1.35603 1.35478 1.3546  1.35423 1.35329
 1.3535  1.35306 1.35248 1.35248 1.35261 1.35286 1.35092 1.35091 1.34979
 1.34872 1.34844 1.34682 1.34762 1.34612 1.34566 1.34562 1.34382 1.34378
 1.34381 1.34257 1.34108 1.33833 1.33698 1.33682 1.33551 1.33622 1.33679
 1.33661 1.33512 1.33456 1.33322 1.33176 1.3303  1.3302  1.32894 1.32741
 1.32589 1.32695 1.32531 1.32374 1.32205 1.32019 1.31886 1.31747 1.3157
 1.31436 1.3145  1.3146  1.31457 1.31397 1.31286 1.3117  1.30994 1.30848
 1.30854 1.30719 1.30625 1.30657 1.30555 1.30487 1.30397 1.30339 1.30112
 1.29957 1.29814 1.29758 1.29705 1.29652 1.29549 1.29591 1.2941  1.29259
 1.29221 1.29105 1.29022 1.28935 1.28778 1.28852 1.28643 1.28679 1.28497
 1.28394][1.33024 1.33088 1.33169 1.33228 1.33286 1.33291 1.33335 1.33434 1.33537
 1.33623 1.33645 1.33724 1.33845 1.33802 1.33856 1.33967 1.33994 1.34017
 1.34091 1.34092 1.34078 1.34048 1.3412  1.34049 1.34013 1.33883 1.3379
 1.33799 1.33767 1.33656 1.33596 1.33662 1.33599 1.33518 1.33436 1.33257
 1.33292 1.3325  1.33173 1.33088 1.33111 1.3312  1.33077 1.33079 1.32882
 1.32964 1.32902 1.32887 1.32891 1.32931 1.32867 1.32907 1.32874 1.32935
 1.32851 1.32882 1.32684 1.32679 1.3247  1.32493 1.32517 1.32504 1.32594
 1.32514 1.3254  1.32486 1.32376 1.32288 1.32132 1.31993 1.31812 1.31749
 1.31575 1.31464 1.31629 1.31574 1.31536 1.31339 1.31258 1.31145 1.31119
 1.312   1.31042 1.30931 1.30844 1.30709 1.30735 1.30718 1.30654 1.30399
 1.30351 1.30368 1.30315 1.30329 1.30343 1.30198 1.30185 1.30152 1.29897
 1.29837][1.30516 1.30511 1.3051  1.3049  1.30636 1.30643 1.30678 1.30677 1.30733
 1.30715 1.30725 1.30813 1.30795 1.30796 1.30755 1.30786 1.30816 1.3079
 1.30931 1.31104 1.31198 1.31212 1.31209 1.31135 1.31088 1.31127 1.31232
 1.31365 1.31392 1.31368 1.31372 1.31344 1.31306 1.31174 1.31043 1.31086
 1.30917 1.30827 1.30815 1.30785 1.3064  1.30644 1.30578 1.30549 1.3056
 1.30526 1.30476 1.3041  1.30247 1.30072 1.29969 1.29783 1.29657 1.29666
 1.29579 1.29381 1.29325 1.29216 1.2923  1.29156 1.29128 1.29132 1.28993
 1.28934 1.28828 1.28869 1.28897 1.28814 1.28729 1.28662 1.28492 1.28371
 1.28194 1.28107 1.28167 1.2811  1.28029 1.28044 1.27998 1.27985 1.27959
 1.27946 1.27897 1.2782  1.27815 1.27653 1.27616 1.27559 1.27547 1.27433
 1.2737  1.27099 1.26973 1.26933 1.26804 1.26781 1.26594 1.26521 1.2639
 1.26245][1.26884 1.26883 1.26999 1.27011 1.27023 1.27012 1.2703  1.27174 1.2716
 1.27248 1.27296 1.27302 1.27415 1.27313 1.27383 1.27367 1.27582 1.27577
 1.27711 1.27752 1.27792 1.27725 1.27765 1.27843 1.279   1.27833 1.27836
 1.27824 1.27799 1.27778 1.27763 1.27754 1.27736 1.277   1.27778 1.27802
 1.27816 1.27769 1.27791 1.2784  1.27793 1.27746 1.27694 1.27685 1.27551
 1.27537 1.27519 1.27397 1.27357 1.27306 1.27157 1.27065 1.27008 1.26995
 1.26902 1.26919 1.26808 1.26751 1.26729 1.2671  1.26608 1.26549 1.26542
 1.26515 1.26505 1.26407 1.26327 1.26363 1.26331 1.26213 1.26201 1.26066
 1.25979 1.25985 1.25868 1.2572  1.25679 1.2559  1.25562 1.25437 1.25341
 1.25287 1.25181 1.25162 1.25204 1.25043 1.24851 1.24903 1.2479  1.24689
 1.24697 1.2462  1.24602 1.24634 1.2454  1.24533 1.24309 1.24226 1.24152
 1.24227][1.27459 1.27541 1.27579 1.276   1.27641 1.27637 1.27744 1.27762 1.27851
 1.27865 1.27911 1.2802  1.28114 1.28142 1.28215 1.28335 1.28441 1.28423
 1.28466 1.28486 1.28551 1.28548 1.28633 1.28688 1.28758 1.28781 1.28793
 1.2887  1.2882  1.28908 1.28991 1.28998 1.29026 1.2907  1.29091 1.29145
 1.29204 1.29221 1.29208 1.29253 1.29237 1.29265 1.29221 1.29151 1.29173
 1.29181 1.29182 1.29239 1.29287 1.29402 1.29358 1.29354 1.29328 1.29314
 1.29251 1.29292 1.29217 1.29215 1.29176 1.29102 1.29071 1.29021 1.28939
 1.28899 1.28845 1.28809 1.28727 1.28744 1.28616 1.28627 1.2857  1.28561
 1.28555 1.28425 1.28372 1.28285 1.28165 1.28139 1.28168 1.27952 1.27961
 1.27863 1.278   1.27704 1.27645 1.27594 1.27515 1.27444 1.2746  1.27259
 1.27298 1.27208 1.27074 1.26998 1.26854 1.26725 1.26713 1.2665  1.26648
 1.26577][1.22509 1.22586 1.22605 1.22644 1.22669 1.22705 1.22765 1.22848 1.22823
 1.22903 1.22878 1.22942 1.22917 1.2299  1.23051 1.23058 1.2316  1.23098
 1.2308  1.23125 1.23196 1.23249 1.23261 1.23263 1.23289 1.2334  1.23273
 1.23253 1.23271 1.23348 1.23412 1.23425 1.23428 1.2346  1.23442 1.23482
 1.23512 1.23553 1.23561 1.23548 1.23659 1.23731 1.23799 1.23822 1.23779
 1.23904 1.23919 1.23913 1.2386  1.23905 1.24021 1.24021 1.24154 1.242
 1.24221 1.24303 1.24365 1.24462 1.24502 1.24599 1.24555 1.24485 1.24395
 1.243   1.24281 1.24229 1.24149 1.24171 1.24075 1.23969 1.2392  1.23976
 1.23856 1.23769 1.23669 1.23555 1.23483 1.23449 1.23508 1.23459 1.23452
 1.23494 1.23454 1.2335  1.23273 1.23292 1.2334  1.23321 1.23273 1.23218
 1.23179 1.23098 1.23078 1.23056 1.22938 1.22894 1.22809 1.22735 1.22627
 1.22646][1.25391 1.25432 1.25548 1.25596 1.25685 1.25707 1.25684 1.25696 1.25807
 1.25808 1.25843 1.25883 1.25973 1.26055 1.26105 1.26116 1.26037 1.2615
 1.26223 1.26195 1.26209 1.26305 1.2633  1.2638  1.26429 1.26428 1.26374
 1.26439 1.265   1.26488 1.26481 1.26497 1.26461 1.26416 1.26458 1.26583
 1.26566 1.26635 1.26697 1.26734 1.26802 1.2676  1.26816 1.268   1.26762
 1.26791 1.26809 1.26893 1.26963 1.2708  1.27092 1.27125 1.27188 1.2714
 1.27183 1.2714  1.27227 1.2722  1.27256 1.27279 1.27253 1.27326 1.27405
 1.27362 1.27439 1.27496 1.27503 1.27589 1.2758  1.27605 1.2762  1.2762
 1.27596 1.27611 1.27618 1.27565 1.27556 1.27395 1.27302 1.27325 1.27367
 1.27358 1.2732  1.2726  1.27205 1.2719  1.27227 1.27075 1.27011 1.26936
 1.26922 1.26867 1.26879 1.26876 1.26885 1.26866 1.268   1.26803 1.26702
 1.26668][1.25368 1.25389 1.25369 1.25365 1.255   1.25548 1.25643 1.25727 1.25762
 1.25766 1.258   1.25799 1.25787 1.25724 1.25825 1.25815 1.25833 1.25998
 1.26127 1.26179 1.26148 1.2616  1.26093 1.26078 1.2617  1.26189 1.26187
 1.26248 1.26281 1.26276 1.26356 1.26439 1.26492 1.26475 1.26551 1.26497
 1.26439 1.26487 1.26471 1.26547 1.26575 1.26681 1.26791 1.26852 1.26905
 1.26882 1.26927 1.26939 1.26877 1.26879 1.26744 1.26672 1.26724 1.26711
 1.26773 1.26864 1.26811 1.26873 1.26918 1.27043 1.27125 1.27116 1.2719
 1.2721  1.27308 1.27277 1.27339 1.27345 1.27388 1.2741  1.27469 1.27526
 1.27581 1.27545 1.27591 1.2765  1.27698 1.27658 1.27674 1.27664 1.27608
 1.27621 1.27562 1.27605 1.27564 1.2761  1.27554 1.27476 1.27474 1.27358
 1.27256 1.27251 1.27151 1.27114 1.27022 1.27242 1.27194 1.27196 1.27203
 1.27172][1.23964 1.23982 1.24046 1.24047 1.23995 1.24064 1.24173 1.24236 1.24283
 1.24286 1.24483 1.24553 1.24638 1.24659 1.2468  1.2469  1.24724 1.24754
 1.24746 1.24777 1.24737 1.24728 1.24741 1.24735 1.248   1.24814 1.24786
 1.24815 1.24706 1.24718 1.24674 1.24614 1.24619 1.24547 1.2459  1.24627
 1.24705 1.24767 1.24813 1.24901 1.24855 1.24975 1.24937 1.24934 1.2495
 1.2495  1.24988 1.24981 1.24985 1.25023 1.25126 1.25157 1.25232 1.25353
 1.25318 1.25344 1.25338 1.25362 1.25367 1.25453 1.25358 1.25351 1.25523
 1.25498 1.25487 1.25598 1.25691 1.25733 1.25706 1.25769 1.25759 1.25749
 1.25751 1.25755 1.25912 1.25951 1.25919 1.25963 1.25973 1.26017 1.26045
 1.26117 1.26208 1.2621  1.26191 1.26204 1.26177 1.26236 1.26149 1.26232
 1.26154 1.26115 1.26042 1.26107 1.26067 1.26115 1.26113 1.25997 1.26007
 1.25992]