[1.40498 1.40595 1.40552 1.40507 1.4062  1.40686 1.40731 1.40828 1.40897
 1.40909 1.40853 1.40736 1.40631 1.40518 1.40448 1.40401 1.4033  1.40116
 1.40027 1.40001 1.4005  1.40082 1.39855 1.39702 1.39538 1.39464 1.39416
 1.3942  1.39393 1.39222 1.39224 1.39021 1.38863 1.38832 1.38753 1.38536
 1.38478 1.38353 1.38147 1.38067 1.37834 1.37929 1.37969 1.37838 1.37711
 1.3761  1.37408 1.37102 1.36933 1.36712 1.36728 1.36566 1.36273 1.36094
 1.35964 1.35945 1.35924 1.35908 1.35871 1.35717 1.35505 1.35312 1.35131
 1.34995 1.34732 1.34619 1.34623 1.34599 1.3451  1.3454  1.34431 1.34408
 1.34456 1.34376 1.34361 1.34227 1.34143 1.34104 1.3407  1.33862 1.33828
 1.33701 1.33529 1.3333  1.33428 1.33318 1.33111 1.3312  1.32993 1.32985
 1.32803 1.32905 1.32762 1.32612 1.32521 1.32527 1.32441 1.32412 1.32307
 1.32228][1.31134 1.31163 1.31157 1.31264 1.31161 1.31206 1.31378 1.31394 1.31431
 1.31461 1.31613 1.3164  1.31654 1.31673 1.31709 1.31751 1.31859 1.31941
 1.31953 1.31987 1.31998 1.31994 1.31991 1.3192  1.31802 1.31821 1.31775
 1.31761 1.31723 1.31575 1.31557 1.3149  1.316   1.31489 1.31513 1.31375
 1.31389 1.31278 1.31275 1.31165 1.31169 1.31151 1.31164 1.31005 1.30896
 1.30873 1.30861 1.30792 1.30823 1.30858 1.30873 1.3071  1.30594 1.30529
 1.30437 1.30346 1.30368 1.30268 1.30135 1.30062 1.29981 1.29884 1.29922
 1.29929 1.29747 1.29716 1.29676 1.29652 1.29643 1.29605 1.29491 1.29348
 1.29311 1.29237 1.29114 1.29175 1.29149 1.29155 1.291   1.29127 1.2918
 1.29047 1.28969 1.28933 1.28834 1.28798 1.28704 1.28503 1.28453 1.28295
 1.28149 1.28027 1.28007 1.28031 1.27804 1.27743 1.27716 1.27706 1.2752
 1.27502][1.2541  1.2536  1.25368 1.2546  1.25535 1.25566 1.25565 1.25684 1.2571
 1.25745 1.25806 1.25844 1.25947 1.26019 1.26069 1.26113 1.2622  1.26282
 1.26375 1.26392 1.26425 1.2647  1.26413 1.26418 1.26402 1.26417 1.26461
 1.2641  1.26387 1.26453 1.26508 1.26499 1.26494 1.26474 1.26403 1.26245
 1.26234 1.26132 1.25995 1.26019 1.25843 1.25832 1.25755 1.2568  1.25634
 1.25612 1.2546  1.25466 1.25384 1.25171 1.25125 1.25143 1.24993 1.24934
 1.24929 1.24873 1.24784 1.24689 1.24644 1.24401 1.24285 1.24123 1.24123
 1.2417  1.2414  1.24073 1.23985 1.239   1.23808 1.23779 1.23703 1.23678
 1.23659 1.23623 1.23615 1.23474 1.23398 1.23466 1.23343 1.2339  1.23358
 1.23254 1.23199 1.23263 1.23202 1.23183 1.23131 1.23127 1.23038 1.22994
 1.22956 1.22894 1.2292  1.22849 1.22757 1.22722 1.22586 1.22682 1.22662
 1.22644][1.25342 1.25376 1.25521 1.2555  1.25612 1.25621 1.25584 1.25664 1.25802
 1.25829 1.25852 1.2582  1.25884 1.25781 1.25921 1.2602  1.26096 1.26209
 1.26222 1.26259 1.26271 1.26345 1.26472 1.26526 1.26584 1.2661  1.26679
 1.26666 1.26706 1.26704 1.26768 1.26806 1.26888 1.26875 1.26911 1.26924
 1.26901 1.26916 1.26958 1.27007 1.2706  1.27009 1.26972 1.26938 1.26883
 1.26802 1.26724 1.26608 1.26616 1.26501 1.26518 1.2641  1.26247 1.26251
 1.26152 1.26104 1.26128 1.26153 1.26034 1.25944 1.25809 1.25811 1.2577
 1.2573  1.25697 1.25637 1.25531 1.25465 1.25401 1.25313 1.25249 1.25364
 1.25254 1.25186 1.25144 1.25201 1.25222 1.25181 1.25049 1.24938 1.25026
 1.2502  1.24977 1.24789 1.24805 1.24631 1.24446 1.24276 1.24199 1.24216
 1.24128 1.24105 1.23961 1.23807 1.23846 1.2377  1.23714 1.23701 1.23723
 1.23737][1.21387 1.21445 1.21432 1.21432 1.21499 1.21554 1.21581 1.21566 1.21607
 1.21689 1.21745 1.21798 1.21834 1.21916 1.21962 1.22073 1.22171 1.22259
 1.22299 1.22346 1.22361 1.22418 1.22409 1.22519 1.22485 1.22593 1.22708
 1.22797 1.22898 1.22861 1.22828 1.22845 1.22809 1.22781 1.22755 1.22787
 1.22877 1.22895 1.22988 1.2306  1.22996 1.23012 1.23081 1.23073 1.23054
 1.23082 1.23106 1.23227 1.23226 1.23267 1.23229 1.23155 1.23148 1.23117
 1.23027 1.23028 1.22949 1.22817 1.22756 1.22769 1.22663 1.22631 1.22636
 1.22647 1.22589 1.22561 1.22494 1.22421 1.22441 1.22267 1.22214 1.22129
 1.22138 1.22124 1.22186 1.22101 1.22208 1.2218  1.2213  1.22087 1.22033
 1.22026 1.21828 1.21723 1.21754 1.21656 1.21639 1.21572 1.21592 1.21505
 1.21467 1.2145  1.21455 1.21295 1.21325 1.21343 1.21271 1.2112  1.21072
 1.20982][1.24611 1.24588 1.24713 1.24653 1.24719 1.24821 1.24836 1.2492  1.2489
 1.24925 1.25019 1.25073 1.25145 1.2525  1.25253 1.2536  1.25392 1.25414
 1.2538  1.2545  1.25467 1.25467 1.25455 1.2553  1.25475 1.25635 1.25734
 1.25758 1.258   1.25875 1.25883 1.25837 1.25864 1.25955 1.25911 1.25936
 1.25911 1.25984 1.25977 1.25985 1.2596  1.25932 1.25893 1.25946 1.2599
 1.26059 1.26124 1.26246 1.26357 1.26471 1.26529 1.26559 1.26631 1.26653
 1.26693 1.26654 1.26663 1.26693 1.26714 1.26704 1.26742 1.26783 1.26786
 1.26773 1.26772 1.26758 1.26791 1.26736 1.2671  1.26751 1.26711 1.26725
 1.2662  1.26607 1.26599 1.26645 1.26637 1.26481 1.26449 1.26329 1.26391
 1.26368 1.26377 1.26344 1.26278 1.26293 1.26298 1.26251 1.26185 1.26127
 1.25963 1.25926 1.25886 1.25938 1.25841 1.25834 1.25879 1.25646 1.25512
 1.25435][1.22176 1.22191 1.22229 1.22292 1.22284 1.22315 1.22226 1.22286 1.22368
 1.22372 1.22328 1.22396 1.22417 1.22512 1.22511 1.22526 1.22454 1.22517
 1.22544 1.22611 1.22515 1.2251  1.22578 1.22683 1.22692 1.22766 1.22807
 1.22844 1.22807 1.22732 1.22794 1.22783 1.2276  1.22893 1.22942 1.22934
 1.23026 1.22976 1.2293  1.22886 1.2294  1.22921 1.22941 1.22984 1.22924
 1.22994 1.22983 1.22961 1.23006 1.2299  1.23067 1.23075 1.23079 1.22972
 1.23011 1.23081 1.23175 1.23118 1.23178 1.23199 1.23322 1.23369 1.23423
 1.2349  1.23565 1.23726 1.23723 1.23616 1.23661 1.23554 1.23548 1.23604
 1.23602 1.23578 1.23504 1.23388 1.23486 1.23474 1.23436 1.23388 1.23293
 1.23116 1.22978 1.22968 1.22873 1.22715 1.22617 1.22586 1.22498 1.22604
 1.2261  1.22659 1.22738 1.22608 1.22616 1.22495 1.22475 1.22277 1.22199
 1.22154][1.21791 1.21857 1.21904 1.21966 1.22012 1.2198  1.21971 1.21916 1.21952
 1.21959 1.22031 1.22092 1.22201 1.22312 1.22301 1.22307 1.2245  1.22556
 1.22537 1.225   1.22638 1.22665 1.22761 1.22783 1.22816 1.22877 1.22901
 1.22898 1.22886 1.22942 1.22969 1.22968 1.23063 1.231   1.23052 1.23069
 1.23064 1.23043 1.23051 1.23206 1.23285 1.23268 1.23316 1.2339  1.23461
 1.23443 1.23651 1.23615 1.23594 1.23546 1.23698 1.23752 1.23805 1.23824
 1.23858 1.23898 1.23913 1.24037 1.24122 1.24126 1.24133 1.24153 1.24229
 1.24314 1.24392 1.24316 1.24387 1.24388 1.24459 1.24483 1.2452  1.24653
 1.24676 1.24724 1.24755 1.24793 1.24754 1.2485  1.24854 1.24877 1.24834
 1.24719 1.24742 1.24673 1.24669 1.24621 1.24577 1.24638 1.24577 1.24488
 1.2446  1.24348 1.24347 1.24305 1.24183 1.24196 1.24192 1.24164 1.24139
 1.24042][1.2437  1.24381 1.24388 1.24428 1.24397 1.24509 1.24542 1.24618 1.24697
 1.24648 1.24692 1.2473  1.24749 1.24781 1.24751 1.24674 1.24711 1.24756
 1.24832 1.24998 1.25048 1.2509  1.25117 1.25211 1.25325 1.2539  1.25327
 1.25383 1.25415 1.25422 1.25411 1.25441 1.25505 1.25484 1.2555  1.25531
 1.25511 1.25537 1.25505 1.25516 1.25537 1.25578 1.25658 1.25763 1.25709
 1.25851 1.25853 1.25912 1.26059 1.26082 1.26049 1.26059 1.26024 1.25986
 1.25988 1.26031 1.26106 1.26219 1.26217 1.26322 1.26299 1.26319 1.26251
 1.26245 1.26249 1.26308 1.26456 1.26524 1.26673 1.26672 1.26747 1.26804
 1.26916 1.26912 1.27017 1.27014 1.27089 1.27237 1.27387 1.27468 1.27456
 1.27493 1.2761  1.27659 1.27717 1.27636 1.27717 1.27799 1.27842 1.27863
 1.27783 1.27638 1.2759  1.27572 1.27549 1.27495 1.27446 1.27349 1.27304
 1.27249]