1165073426 0 0 0.000000 0 0 0 0.000000 0.000000 0.000000 0 
1165159826 7999 18411 4.603325 46 2064 1309 42.186273 0.206548 0.092391 4175 
1165246226 8025 18512 4.613583 46 2066 1322 42.415452 0.205509 0.092318 4204 
1165332626 8056 18639 4.627358 46 2074 1327 42.758441 0.205645 0.092396 4256 
1165419026 8089 18782 4.643837 47 2085 1327 43.155396 0.204716 0.093106 4304 
1165505426 8111 18892 4.658365 47 2085 1334 43.462212 0.205960 0.094031 4361 
1165591826 8142 18998 4.666667 48 2096 1344 43.732744 0.205406 0.094281 4402 
1165678226 8160 19096 4.680392 48 2094 1345 44.010539 0.205341 0.094570 4442 
1165764626 8180 19167 4.686308 49 2106 1344 44.159169 0.205199 0.094755 4470 
1165851026 8209 19263 4.693142 49 2113 1350 44.336460 0.204615 0.094391 4492 
1165937426 8236 19381 4.706411 49 2120 1343 44.644245 0.203540 0.094900 4532 
1166023826 8277 19493 4.710161 49 2133 1352 44.822037 0.202464 0.094713 4556 
1166110226 8304 19624 4.726397 49 2139 1354 45.179432 0.201981 0.095220 4621 
1166196626 8330 19736 4.738535 49 2132 1366 45.409604 0.201181 0.095571 4664 
1166283026 8346 19826 4.751018 49 2132 1368 45.671459 0.201410 0.095378 4697 
1166369426 8358 19915 4.765494 49 2125 1365 45.932041 0.200699 0.095919 4726 
1166455826 8382 20012 4.774994 49 2126 1374 46.145789 0.201284 0.096508 4766 
1166542226 8405 20121 4.787864 49 2130 1379 46.442594 0.199761 0.097336 4813 
1166628626 8427 20223 4.799573 49 2128 1384 46.676160 0.200375 0.097784 4846 
1166715026 8455 20365 4.817268 49 2134 1381 47.006978 0.200741 0.098795 4911 
1166801426 8481 20480 4.829619 49 2144 1376 47.291121 0.200485 0.099463 4961 
1166887826 8504 20568 4.837253 49 2148 1377 47.457197 0.200766 0.099652 4991 
1166974226 8516 20633 4.845702 50 2144 1373 47.624472 0.201961 0.100519 5029 
1167060626 8534 20737 4.859855 50 2140 1371 47.900867 0.202666 0.100793 5074 
1167147026 8552 20848 4.875585 51 2142 1365 48.230122 0.202799 0.101674 5137 
1167233426 8566 20912 4.882559 51 2144 1371 48.387579 0.202776 0.101864 5164 
1167319826 8594 21025 4.892949 51 2149 1371 48.596695 0.203209 0.101552 5194 
1167406226 8618 21122 4.901833 51 2155 1374 48.804131 0.202883 0.102133 5229 
1167492626 8635 21217 4.914186 51 2164 1360 49.056862 0.203064 0.101854 5261 
1167579026 8650 21288 4.922081 51 2163 1371 49.249711 0.202771 0.101950 5294 
1167665426 8671 21376 4.930458 51 2167 1375 49.434437 0.202470 0.102302 5325 
1167751826 8689 21484 4.945103 51 2169 1369 49.739901 0.202125 0.102448 5376 
1167838226 8726 21580 4.946138 51 2194 1370 49.868668 0.202581 0.102474 5412 
1167924626 8743 21658 4.954363 51 2197 1368 50.079607 0.202629 0.102619 5443 
1168011026 8769 21769 4.964990 51 2207 1371 50.360817 0.203695 0.102683 5491 
1168097426 8791 21842 4.969173 51 2221 1366 50.487089 0.203034 0.102507 5519 
1168183826 8813 21934 4.977647 52 2224 1376 50.719392 0.202509 0.103283 5561 
1168270226 8844 22043 4.984848 52 2229 1388 50.929670 0.202717 0.103213 5603 
1168356626 8864 22147 4.997067 52 2230 1389 51.221119 0.203446 0.103534 5643 
1168443026 8892 22265 5.007872 52 2231 1389 51.489429 0.203702 0.103352 5688 
1168529426 8920 22366 5.014798 53 2241 1390 51.713453 0.203427 0.103502 5738 
1168615826 8941 22469 5.026060 53 2239 1403 52.006711 0.202172 0.103659 5786 
1168702226 8960 22544 5.032143 53 2244 1404 52.212277 0.202560 0.103736 5820 
1168788626 8980 22625 5.038976 53 2248 1406 52.365256 0.203139 0.103868 5847 
1168875026 9004 22707 5.043758 53 2261 1406 52.532652 0.203633 0.103976 5880 
1168961426 9031 22830 5.055919 53 2271 1401 52.831580 0.203401 0.104558 5932 
1169047826 9068 22940 5.059550 53 2282 1404 52.970666 0.203450 0.105195 5969 
1169134226 9088 23064 5.075704 53 2279 1412 53.302817 0.203066 0.106173 6024 
1169220626 9114 23175 5.085583 53 2286 1416 53.571429 0.202791 0.106213 6060 
1169307026 9139 23270 5.092461 53 2295 1417 53.754240 0.203353 0.106098 6093 
1169393426 9154 23364 5.104654 53 2300 1411 54.070133 0.202565 0.106416 6131 
1169479826 9178 23465 5.113314 54 2310 1411 54.329048 0.202192 0.106915 6165 
1169566226 9208 23573 5.120113 54 2324 1409 54.581451 0.201925 0.107332 6205 
1169652626 9234 23696 5.132337 54 2333 1401 54.900585 0.201941 0.107917 6265 
1169739026 9263 23832 5.145633 54 2330 1417 55.209112 0.201190 0.108190 6317 
1169825426 9290 23938 5.153498 54 2337 1413 55.405167 0.200735 0.108536 6357 
1169911826 9312 24024 5.159794 54 2341 1420 55.584407 0.201369 0.109119 6393 
1169998226 9331 24121 5.170078 54 2341 1427 55.813310 0.201880 0.109529 6429 
1170084626 9356 24241 5.181915 55 2334 1441 56.078452 0.201528 0.109544 6472 
1170171026 9380 24374 5.197015 55 2328 1456 56.430277 0.200769 0.109927 6527 
1170257426 9416 24523 5.208794 55 2334 1464 56.783985 0.199787 0.110741 6598 
1170343826 9437 24670 5.228356 56 2331 1465 57.240437 0.198616 0.111234 6656 
1170430226 9465 24817 5.243951 56 2334 1465 57.601902 0.198716 0.111659 6719 
1170516626 9492 24945 5.256005 57 2333 1468 57.897387 0.196924 0.112767 6774 
1170603026 9511 25053 5.268216 57 2336 1466 58.219115 0.196698 0.112935 6810 
1170689426 9535 25175 5.280545 58 2338 1470 58.494809 0.196792 0.113080 6861 
1170775826 9561 25284 5.288987 59 2349 1467 58.758498 0.197087 0.112906 6906 
1170862226 9597 25411 5.295613 59 2365 1468 58.999687 0.197194 0.112659 6956 
1170948626 9620 25549 5.311642 59 2364 1472 59.341788 0.196724 0.113310 7018 
1171035026 9648 25688 5.325041 59 2365 1480 59.675580 0.196382 0.114019 7076 
1171121426 9679 25801 5.331336 59 2370 1484 59.856803 0.197568 0.114470 7121 
1171207826 9704 25902 5.338417 59 2379 1489 60.068838 0.197094 0.114695 7164 
1171294226 9725 26036 5.354447 59 2376 1487 60.466427 0.197356 0.114428 7213 
1171380626 9752 26188 5.370796 59 2379 1493 60.858080 0.197552 0.114530 7280 
1171467026 9793 26329 5.377106 60 2394 1496 61.112836 0.197591 0.114163 7330 
1171553426 9827 26507 5.394729 60 2404 1485 61.558156 0.196713 0.114340 7398 
1171639826 9854 26606 5.400041 60 2414 1492 61.795007 0.196620 0.114788 7440 
1171726226 9869 26684 5.407640 60 2415 1488 61.970007 0.197264 0.114772 7476 
1171812626 9881 26745 5.413420 60 2417 1484 62.135209 0.197115 0.114786 7499 
1171899026 9892 26805 5.419531 60 2420 1485 62.272139 0.197488 0.114918 7525 
1171985426 9908 26886 5.427130 60 2423 1482 62.490715 0.197841 0.115278 7569 
1172071826 9923 26971 5.436058 60 2424 1475 62.714300 0.198544 0.115457 7605 
1172158226 9952 27105 5.447146 61 2429 1481 63.045016 0.197491 0.115436 7670 
1172244626 9973 27246 5.463953 61 2418 1502 63.459340 0.196831 0.115647 7726 
1172331026 9994 27359 5.475085 61 2424 1505 63.754253 0.196925 0.115386 7770 
1172417426 10016 27464 5.484026 61 2426 1511 64.006989 0.196675 0.115775 7822 
1172503826 10039 27591 5.496763 61 2433 1502 64.317163 0.196034 0.115659 7884 
1172590226 10075 27782 5.515037 61 2441 1502 64.809132 0.194611 0.115919 7956 
1172676626 10105 27941 5.530134 61 2441 1514 65.187135 0.194266 0.116387 8019 
1172763026 10128 28103 5.549566 61 2436 1519 65.636453 0.194071 0.116870 8080 
1172849426 10160 28264 5.563780 61 2443 1513 66.022835 0.193673 0.116464 8142 
1172935826 10174 28341 5.571260 61 2438 1524 66.212502 0.192998 0.116717 8171 
1173022226 10197 28436 5.577327 61 2436 1537 66.395607 0.192561 0.117220 8202 
1173108626 10222 28555 5.586969 61 2438 1542 66.666797 0.192082 0.117042 8246 
1173195026 10254 28742 5.606007 61 2442 1532 67.183538 0.192017 0.117713 8333 
1173281426 10283 28925 5.625790 62 2441 1540 67.696587 0.191576 0.118003 8416 
1173367826 10310 29091 5.643259 63 2447 1540 68.211833 0.190564 0.117613 8480 
1173454226 10335 29232 5.656894 64 2440 1557 68.594678 0.190360 0.118831 8542 
1173540626 10358 29342 5.665573 65 2445 1556 68.876038 0.190162 0.118870 8583 
1173627026 10369 29408 5.672292 65 2438 1567 69.042724 0.189914 0.119120 8611 
1173713426 10384 29511 5.683937 65 2429 1574 69.313752 0.188876 0.119236 8654 
1173799826 10419 29666 5.694596 65 2437 1584 69.613591 0.189901 0.118841 8708 
1173886226 10451 29824 5.707396 65 2437 1588 69.986796 0.189935 0.119683 8774 
1173972626 10473 29987 5.726535 65 2440 1592 70.517521 0.189907 0.119983 8860 
1174059026 10502 30108 5.733765 66 2450 1592 70.786707 0.189454 0.120485 8904 
1174145426 10521 30227 5.746032 66 2447 1600 71.109780 0.189352 0.120737 8951 
1174231826 10539 30330 5.755764 66 2449 1604 71.383053 0.188739 0.120792 8992 
1174318226 10557 30455 5.769632 67 2448 1611 71.757507 0.188158 0.120872 9044 
1174404626 10590 30603 5.779603 67 2465 1596 72.079320 0.188108 0.120026 9093 
1174491026 10621 30752 5.790792 67 2474 1596 72.429715 0.187775 0.120146 9156 
1174577426 10646 30903 5.805561 68 2477 1599 72.851212 0.186774 0.120632 9217 
1174663826 10668 31042 5.819648 69 2477 1597 73.258155 0.186860 0.120962 9274 
1174750226 10689 31142 5.826925 69 2483 1595 73.475161 0.186450 0.120430 9308 
1174836626 10701 31218 5.834595 69 2476 1603 73.671246 0.186235 0.121127 9342 
1174923026 10734 31336 5.838644 69 2483 1613 73.861002 0.186039 0.121289 9384 
1175009426 10766 31474 5.846926 70 2501 1605 74.156418 0.185345 0.120757 9431 
1175095826 10790 31615 5.860056 71 2506 1600 74.538091 0.184771 0.120503 9490 
1175182226 10819 31758 5.870783 71 2513 1605 74.915611 0.184682 0.120773 9552 
1175268626 10847 31866 5.875542 71 2523 1607 75.117913 0.185008 0.120460 9595 
1175355026 10867 31972 5.884237 71 2531 1605 75.380878 0.185130 0.120312 9635 
1175441426 10875 32040 5.892414 71 2523 1611 75.594115 0.185246 0.120707 9670 
1175527826 10893 32151 5.903057 72 2514 1626 75.876067 0.184940 0.120875 9707 
1175614226 10911 32279 5.916781 72 2516 1624 76.254789 0.183598 0.120793 9760 
1175700626 10933 32409 5.928656 72 2515 1631 76.599652 0.184082 0.121085 9820 
1175787026 10952 32529 5.940285 72 2514 1629 76.890248 0.184272 0.120809 9871 
1175873426 10982 32628 5.942087 72 2525 1634 77.042797 0.184286 0.120681 9910 
1175959826 11001 32724 5.949277 72 2527 1637 77.274066 0.184548 0.120446 9944 
1176046226 11025 32821 5.953923 72 2536 1639 77.442902 0.184900 0.120390 9977 
1176132626 11041 32925 5.964134 72 2530 1648 77.677203 0.184484 0.120363 10016 
1176219026 11077 33099 5.976167 72 2542 1646 78.091902 0.184693 0.120481 10085 
1176305426 11109 33303 5.995679 72 2546 1651 78.669727 0.183914 0.120088 10158 
1176391826 11129 33419 6.005751 72 2553 1644 78.993261 0.183552 0.119776 10201 
1176478226 11153 33541 6.014705 73 2558 1649 79.343854 0.184076 0.119321 10255 
1176564626 11167 33640 6.024895 74 2555 1651 79.660428 0.183936 0.119592 10309 
1176651026 11185 33729 6.031113 74 2556 1655 79.870541 0.183928 0.119693 10342 
1176737426 11201 33845 6.043210 74 2549 1663 80.195340 0.183856 0.119641 10390 
1176823826 11227 34024 6.061103 74 2536 1670 80.685668 0.182628 0.120476 10457 
1176910226 11260 34209 6.076199 75 2541 1671 81.170515 0.181804 0.120504 10542 
1176996626 11285 34355 6.088613 75 2539 1671 81.567036 0.181799 0.120392 10600 
1177083026 11321 34518 6.098048 76 2549 1672 81.943115 0.181213 0.120162 10660 
1177169426 11346 34614 6.101534 76 2555 1673 82.085316 0.181502 0.119818 10691 
1177255826 11361 34695 6.107737 76 2555 1674 82.273567 0.181796 0.119367 10721 
1177342226 11378 34816 6.119880 76 2549 1685 82.634734 0.181174 0.119647 10771 
1177428626 11401 34973 6.135076 77 2550 1678 83.059556 0.180770 0.119720 10838 
1177515026 11428 35123 6.146832 77 2552 1684 83.522751 0.180058 0.119681 10904 
1177601426 11457 35284 6.159379 77 2558 1681 83.904513 0.179663 0.119435 10964 
1177687826 11495 35431 6.164593 77 2568 1684 84.136407 0.179713 0.119228 11015 
1177774226 11517 35537 6.171225 77 2574 1683 84.360684 0.179707 0.119347 11065 
1177860626 11532 35629 6.179154 77 2575 1689 84.642386 0.180226 0.119304 11115 
1177947026 11559 35770 6.189117 77 2581 1689 84.992473 0.179916 0.119911 11180 
1178033426 11596 35936 6.197999 78 2600 1690 85.370990 0.179332 0.119861 11238 
1178119826 11623 36074 6.207348 78 2602 1692 85.710574 0.179369 0.120178 11300 
1178206226 11642 36228 6.223673 78 2599 1696 86.185192 0.179388 0.120296 11364 
1178292626 11665 36357 6.233519 78 2597 1698 86.447664 0.179398 0.120476 11424 
1178379026 11685 36494 6.246299 78 2600 1699 86.948567 0.179493 0.120481 11484 
1178465426 11709 36590 6.249893 78 2611 1698 87.106158 0.179318 0.120388 11525 
1178551826 11728 36727 6.263131 78 2609 1697 87.565825 0.179292 0.120053 11591 
1178638226 11750 36913 6.283064 78 2605 1705 88.132255 0.179542 0.119901 11677 
1178724626 11782 37043 6.288067 78 2618 1709 88.405534 0.179197 0.119910 11737 
1178811026 11805 37185 6.299873 78 2609 1719 88.762389 0.179202 0.120063 11803 
1178897426 11835 37331 6.308576 78 2617 1723 89.113139 0.179014 0.119920 11865 
1178983826 11854 37413 6.312300 78 2619 1735 89.263371 0.178993 0.120576 11898 
1179070226 11875 37518 6.318821 78 2626 1732 89.475705 0.178922 0.120397 11940 
1179156626 11901 37666 6.329888 78 2623 1745 89.850937 0.178940 0.120730 11998 
1179243026 11930 37831 6.342163 78 2621 1751 90.294887 0.178168 0.120568 12057 
1179329426 11959 37968 6.349695 78 2633 1758 90.647044 0.178487 0.120377 12109 
1179415826 11986 38104 6.358084 78 2628 1780 90.945603 0.178622 0.120596 12151 
1179502226 12016 38262 6.368509 79 2635 1778 91.336218 0.178194 0.121088 12210 
1179588626 12030 38382 6.381047 79 2632 1777 91.773732 0.177508 0.121404 12264 
1179675026 12044 38464 6.387247 79 2639 1772 91.981900 0.177888 0.121199 12291 
1179761426 12062 38591 6.398773 79 2634 1771 92.355331 0.177532 0.121329 12357 
1179847826 12083 38723 6.409501 79 2640 1768 92.740379 0.177703 0.120989 12413 
1179934226 12104 38863 6.421514 79 2640 1769 93.086583 0.177965 0.121396 12471 
1180020626 12147 39071 6.433029 79 2653 1774 93.513460 0.178311 0.121102 12554 
1180107026 12173 39229 6.445248 80 2665 1772 93.933131 0.177544 0.120686 12615 
1180193426 12191 39339 6.453777 80 2675 1760 94.236568 0.177543 0.120650 12654 
1180279826 12207 39432 6.460555 80 2674 1765 94.453674 0.177585 0.121311 12700 
1180366226 12238 39562 6.465436 80 2683 1772 94.693087 0.177376 0.121186 12751 
1180452626 12259 39709 6.478342 80 2681 1780 95.107105 0.177431 0.121643 12822 
1180539026 12288 39889 6.492350 80 2678 1787 95.541667 0.177511 0.122011 12890 
1180625426 12309 40065 6.509871 80 2675 1790 96.069543 0.177358 0.122181 12968 
1180711826 12337 40213 6.519089 80 2677 1794 96.422793 0.177429 0.122210 13028 
1180798226 12353 40334 6.530236 80 2681 1791 96.829596 0.176953 0.122147 13084 
1180884626 12372 40421 6.534271 80 2685 1795 96.990462 0.176852 0.122296 13118 
1180971026 12392 40526 6.540671 80 2690 1795 97.242414 0.176492 0.122029 13166 
1181057426 12433 40669 6.542106 80 2715 1795 97.511461 0.176001 0.121788 13217 
1181143826 12462 40797 6.547424 80 2721 1804 97.769860 0.175960 0.121921 13260 
1181230226 12497 40938 6.551652 81 2729 1810 97.968632 0.175325 0.122353 13312 
1181316626 12524 41082 6.560524 81 2728 1826 98.314915 0.175183 0.122625 13368 
1181403026 12550 41174 6.561594 81 2738 1828 98.430120 0.174772 0.122740 13395 
1181489426 12576 41283 6.565363 81 2743 1840 98.635973 0.174845 0.122581 13432 
1181575826 12596 41414 6.575738 81 2745 1841 98.996189 0.174700 0.122088 13483 
1181662226 12633 41593 6.584818 81 2752 1857 99.305945 0.175175 0.121654 13548 
1181748626 12668 41751 6.591569 81 2760 1862 99.611936 0.174932 0.121217 13604 
1181835026 12706 41925 6.599244 81 2773 1864 100.028805 0.173960 0.121234 13675 
1181921426 12732 42090 6.611687 81 2770 1874 100.457744 0.174301 0.121140 13746 
1182007826 12749 42213 6.622166 81 2780 1863 100.803828 0.174509 0.121210 13805 
1182094226 12777 42342 6.627847 81 2782 1870 101.076466 0.174303 0.121758 13865 
1182180626 12799 42489 6.639425 81 2783 1876 101.498555 0.173565 0.121640 13917 
1182267026 12824 42639 6.649875 81 2788 1878 101.854336 0.173836 0.121205 13987 
1182353426 12851 42791 6.659560 82 2786 1879 102.213835 0.173436 0.121156 14048 
1182439826 12877 42927 6.667236 82 2791 1884 102.528539 0.173326 0.120709 14101 
1182526226 12919 43108 6.673582 83 2806 1885 102.863225 0.173130 0.120167 14156 
1182612626 12937 43253 6.686713 85 2802 1894 103.342351 0.171882 0.119926 14201 
1182699026 12961 43364 6.691459 85 2808 1899 103.557133 0.172176 0.120369 14246 
1182785426 12999 43514 6.694977 86 2823 1902 103.765520 0.172007 0.120117 14294 
1182871826 13040 43689 6.700767 87 2831 1916 104.121933 0.171800 0.119920 14356 
1182958226 13069 43833 6.707935 87 2838 1920 104.376616 0.171963 0.119631 14408 
1183044626 13106 43981 6.711582 87 2851 1924 104.683046 0.171920 0.119404 14468 
1183131026 13133 44113 6.717886 88 2860 1925 104.950430 0.171824 0.119129 14519 
1183217426 13159 44248 6.725131 88 2876 1910 105.248575 0.171885 0.118637 14568 
1183303826 13173 44345 6.732711 88 2877 1910 105.519168 0.171908 0.118316 14591 
1183390226 13209 44494 6.736922 88 2882 1923 105.785298 0.172130 0.118255 14647 
1183476626 13240 44688 6.750453 88 2884 1922 106.312538 0.172038 0.118753 14727 
1183563026 13278 44832 6.752824 88 2903 1917 106.533665 0.171713 0.118756 14790 
1183649426 13306 44953 6.756801 88 2914 1916 106.781903 0.171916 0.118936 14838 
1183735826 13335 45142 6.770454 88 2912 1918 107.239745 0.172177 0.118984 14916 
1183822226 13352 45270 6.781007 88 2908 1922 107.578640 0.171902 0.118791 14953 
1183908626 13379 45409 6.788101 88 2911 1922 107.847971 0.171575 0.119170 15010 
1183995026 13414 45560 6.792903 89 2927 1932 108.164455 0.171082 0.119006 15073 
1184081426 13456 45733 6.797414 89 2934 1953 108.505945 0.170219 0.118757 15128 
1184167826 13484 45898 6.807772 89 2942 1953 108.932809 0.169947 0.118807 15197 
1184254226 13512 46059 6.817496 90 2942 1965 109.342510 0.169572 0.118870 15266 
1184340626 13536 46224 6.829787 91 2942 1971 109.805703 0.169132 0.118571 15321 
1184427026 13560 46374 6.839823 91 2949 1969 110.217994 0.169627 0.118307 15390 
1184513426 13575 46477 6.847440 91 2956 1964 110.506519 0.169252 0.118319 15444 
1184599826 13603 46673 6.862163 91 2951 1962 110.989929 0.169780 0.118322 15528 
1184686226 13644 46866 6.869833 92 2962 1977 111.429493 0.169469 0.118160 15613 
1184772626 13682 47029 6.874580 93 2971 1988 111.708376 0.168925 0.118102 15669 
1184859026 13721 47216 6.882297 93 2978 1999 112.098972 0.169158 0.117998 15745 
1184945426 13755 47394 6.891167 93 2990 1997 112.527372 0.168532 0.117676 15809 
1185031826 13789 47537 6.894916 93 3008 1999 112.808180 0.168727 0.117462 15858 
1185118226 13818 47654 6.897380 93 3018 2008 112.956578 0.168979 0.117183 15902 
1185204626 13845 47778 6.901842 93 3016 2025 113.172987 0.169119 0.117004 15943 
1185291026 13874 47922 6.908174 93 3032 2015 113.481332 0.169119 0.116860 15993 
1185377426 13907 48081 6.914647 93 3040 2013 113.806860 0.168516 0.116954 16062 
1185463826 13939 48245 6.922304 94 3040 2022 114.150800 0.168601 0.117213 16139 
1185550226 13973 48390 6.926215 94 3047 2033 114.442282 0.168612 0.117141 16196 
1185636626 13998 48535 6.934562 95 3059 2025 114.756537 0.168746 0.117021 16260 
1185723026 14022 48637 6.937241 95 3064 2033 114.914848 0.168761 0.116629 16280 
1185809426 14057 48797 6.942733 95 3079 2023 115.228569 0.169213 0.116278 16351 
1185895826 14091 48975 6.951245 95 3089 2016 115.597757 0.169507 0.116422 16436 
1185982226 14119 49142 6.961116 96 3097 2004 115.956371 0.169201 0.116621 16512 
1186068626 14156 49324 6.968635 96 3104 2014 116.340209 0.168811 0.116724 16594 
1186155026 14198 49500 6.972813 97 3121 2017 116.683899 0.168356 0.116761 16657 
1186241426 14223 49623 6.977853 97 3116 2038 116.881952 0.168602 0.116634 16699 
1186327826 14241 49755 6.987571 97 3120 2032 117.244435 0.168693 0.116209 16762 
1186414226 14281 49933 6.992928 97 3135 2039 117.559135 0.168713 0.116089 16839 
1186500626 14318 50145 7.004470 97 3137 2051 118.042883 0.169028 0.115860 16918 
1186587026 14351 50361 7.018466 97 3129 2063 118.514250 0.169025 0.115763 17008 
1186673426 14387 50583 7.031765 98 3135 2057 119.052478 0.168251 0.115584 17084 
1186759826 14417 50743 7.039329 98 3144 2059 119.439273 0.167783 0.115396 17150 
1186846226 14447 50869 7.042154 98 3157 2061 119.690870 0.167435 0.115218 17203 
1186932626 14467 50986 7.048593 98 3153 2077 119.987696 0.167431 0.115194 17253 
1187019026 14485 51118 7.058060 98 3151 2085 120.369348 0.166965 0.115243 17306 
1187105426 14518 51274 7.063507 98 3165 2093 120.696101 0.167082 0.115116 17371 
1187191826 14547 51447 7.073211 98 3179 2080 121.106345 0.167109 0.114931 17452 
1187278226 14584 51609 7.077482 98 3192 2088 121.394131 0.167437 0.115063 17528 
1187364626 14611 51770 7.086442 98 3191 2092 121.773185 0.167765 0.114701 17599 
1187451026 14630 51916 7.097198 98 3195 2085 122.271497 0.167132 0.115085 17680 
1187537426 14654 52067 7.106183 98 3190 2098 122.685137 0.167151 0.115329 17748 
1187623826 14678 52217 7.115002 98 3187 2112 123.061453 0.167017 0.115504 17830 
1187710226 14708 52399 7.125238 98 3192 2113 123.523525 0.167144 0.115237 17900 
1187796626 14747 52547 7.126466 98 3204 2120 123.703126 0.167193 0.115051 17946 
1187883026 14779 52704 7.132282 98 3215 2122 124.051154 0.167900 0.114720 18010 
1187969426 14823 52875 7.134183 98 3229 2134 124.276057 0.167553 0.114275 18063 
1188055826 14845 53013 7.142203 98 3235 2134 124.618794 0.167605 0.114151 18130 
1188142226 14864 53140 7.150161 98 3234 2137 124.994349 0.167024 0.114088 18182 
1188228626 14892 53329 7.162100 98 3240 2139 125.507118 0.166796 0.113860 18268 
1188315026 14928 53507 7.168676 98 3252 2142 125.925911 0.166253 0.114033 18346 
1188401426 14959 53692 7.178555 99 3260 2145 126.431580 0.165667 0.114185 18420 
1188487826 14984 53863 7.189402 99 3255 2151 126.851308 0.165138 0.114098 18488 
1188574226 15012 54025 7.197575 99 3260 2147 127.204636 0.165799 0.114071 18558 
1188660626 15036 54149 7.202580 99 3268 2150 127.474062 0.165713 0.114086 18601 
1188747026 15055 54253 7.207307 99 3276 2146 127.669877 0.165745 0.113939 18643 
1188833426 15086 54392 7.210924 99 3285 2146 127.941005 0.165579 0.113981 18706 
1188919826 15110 54528 7.217472 100 3287 2149 128.275844 0.165187 0.113655 18764 
1189006226 15141 54711 7.226867 101 3284 2168 128.729939 0.164885 0.113894 18847 
1189092626 15179 54930 7.237631 101 3299 2155 129.239739 0.165026 0.113512 18935 
1189179026 15211 55085 7.242785 102 3311 2156 129.583854 0.164983 0.113599 19006 
1189265426 15243 55213 7.244374 102 3320 2165 129.784557 0.164830 0.113376 19057 
1189351826 15264 55345 7.251703 103 3328 2165 130.126310 0.164354 0.113120 19114 
1189438226 15319 55541 7.251257 103 3353 2168 130.296756 0.164030 0.112869 19187 
1189524626 15345 55704 7.260215 103 3349 2183 130.665363 0.164225 0.113400 19263 
1189611026 15384 55873 7.263781 103 3369 2182 130.985439 0.164144 0.113460 19329 
1189697426 15423 56027 7.265383 103 3377 2197 131.191467 0.164386 0.113375 19379 
1189783826 15449 56169 7.271539 103 3383 2188 131.447602 0.164388 0.113381 19432 
1189870226 15479 56316 7.276439 104 3379 2207 131.719491 0.164268 0.113338 19497 
1189956626 15507 56451 7.280712 104 3392 2204 131.992906 0.164366 0.113478 19556 
1190043026 15544 56616 7.284611 105 3399 2207 132.262223 0.164164 0.113780 19628 
1190129426 15586 56808 7.289619 105 3401 2229 132.566534 0.164359 0.113936 19702 
1190215826 15623 57001 7.297062 105 3402 2245 132.916213 0.164439 0.114062 19781 
1190302226 15679 57222 7.299190 107 3433 2239 133.130812 0.164663 0.113933 19880 
1190388626 15725 57433 7.304674 107 3439 2255 133.526614 0.165183 0.113429 19972 
1190475026 15752 57578 7.310564 107 3447 2257 133.850432 0.165671 0.113409 20031 
1190561426 15788 57698 7.309096 107 3468 2261 133.951355 0.165799 0.113280 20081 
1190647826 15832 57852 7.308236 107 3496 2263 134.177994 0.166256 0.112779 20132 
1190734226 15880 58033 7.308942 107 3512 2264 134.356171 0.166243 0.112626 20198 
1190820626 15928 58212 7.309392 108 3529 2267 134.540809 0.166393 0.112409 20267 
1190907026 15971 58423 7.316135 108 3550 2264 134.996181 0.166486 0.112321 20354 
1190993426 16017 58621 7.319848 108 3569 2264 135.273272 0.166734 0.112064 20415 
1191079826 16053 58741 7.318383 108 3586 2268 135.340933 0.166631 0.111699 20449 
1191166226 16090 58864 7.316843 108 3605 2271 135.441641 0.167027 0.111306 20487 
1191252626 16145 59035 7.313100 108 3631 2280 135.539300 0.166846 0.111179 20550 
1191339026 16195 59260 7.318308 108 3653 2284 135.905897 0.167150 0.111119 20654 
1191425426 16234 59430 7.321671 108 3670 2288 136.192066 0.167245 0.110935 20725 
1191511826 16287 59631 7.322527 108 3696 2285 136.466507 0.166951 0.110864 20812 
1191598226 16329 59813 7.325984 108 3703 2294 136.702186 0.166931 0.110529 20883 
1191684626 16371 59960 7.325148 108 3717 2308 136.873496 0.167166 0.110775 20949 
1191771026 16400 60063 7.324756 109 3732 2304 136.991098 0.167072 0.110670 20988 
1191857426 16433 60248 7.332563 109 3744 2303 137.375647 0.166839 0.110661 21066 
1191943826 16484 60429 7.331837 109 3772 2310 137.540645 0.167204 0.110478 21132 
1192030226 16522 60590 7.334463 109 3791 2310 137.778840 0.167160 0.110161 21199 
1192116626 16568 60773 7.336190 109 3810 2315 138.021246 0.167573 0.109988 21273 
1192203026 16610 60946 7.338471 109 3831 2311 138.260566 0.167821 0.109874 21342 
1192289426 16646 61061 7.336417 109 3852 2312 138.389042 0.167886 0.109552 21384 
1192375826 16671 61172 7.338732 109 3861 2312 138.520545 0.167818 0.109512 21424 
1192462226 16700 61316 7.343234 109 3864 2323 138.840719 0.167529 0.109910 21478 
1192548626 16741 61527 7.350457 109 3867 2330 139.211278 0.167832 0.109784 21559 
1192635026 16783 61719 7.354943 109 3874 2351 139.534767 0.167784 0.109629 21631 
1192721426 16826 61905 7.358255 109 3891 2349 139.825389 0.167898 0.109609 21704 
1192807826 16880 62088 7.356398 109 3922 2354 140.013389 0.167778 0.109208 21773 
1192894226 16903 62201 7.359759 109 3931 2353 140.257469 0.168020 0.109223 21834 
1192980626 16922 62280 7.360832 109 3939 2352 140.330103 0.168223 0.108868 21856 
1193067026 16947 62408 7.365079 110 3948 2350 140.571547 0.168225 0.108593 21900 
1193153426 16978 62596 7.373778 110 3946 2352 140.933325 0.168620 0.108726 21990 
1193239826 17025 62797 7.377034 110 3954 2360 141.157122 0.168633 0.108588 22060 
1193326226 17062 62967 7.380964 110 3969 2363 141.467003 0.168548 0.108222 22124 
1193412626 17108 63144 7.381810 110 3993 2369 141.702128 0.168672 0.107691 22196 
1193499026 17125 63250 7.386861 110 3986 2384 141.950949 0.168590 0.107530 22236 
1193585426 17147 63330 7.386715 111 3997 2388 142.020878 0.168989 0.107533 22269 
1193671826 17173 63429 7.387061 111 4008 2394 142.166308 0.168924 0.107609 22308 
1193758226 17209 63607 7.392295 111 4026 2385 142.493230 0.168893 0.107551 22377 
1193844626 17245 63770 7.395767 111 4034 2399 142.738649 0.168754 0.107238 22436 
1193931026 17278 63896 7.396226 111 4048 2406 142.900104 0.169035 0.107143 22501 
1194017426 17313 64077 7.402183 111 4055 2408 143.259978 0.169062 0.107020 22591 
1194103826 17342 64196 7.403529 111 4068 2409 143.421174 0.168997 0.106944 22637 
1194190226 17364 64313 7.407625 111 4069 2415 143.632688 0.168671 0.107182 22684 
1194276626 17394 64451 7.410716 111 4088 2405 143.849833 0.168941 0.107022 22732 
1194363026 17439 64623 7.411319 111 4096 2414 144.030162 0.169152 0.107234 22798 
1194449426 17477 64791 7.414430 111 4107 2425 144.308405 0.169139 0.107213 22860 
1194535826 17510 64986 7.422730 111 4117 2431 144.798744 0.168759 0.107201 22951 
1194622226 17546 65153 7.426536 111 4128 2437 145.035336 0.169043 0.107408 23020 
1194708626 17580 65296 7.428441 111 4142 2443 145.220933 0.168977 0.107409 23075 
1194795026 17604 65402 7.430357 111 4148 2443 145.357305 0.169205 0.107256 23116 
1194881426 17639 65544 7.431714 111 4162 2447 145.519814 0.169333 0.107069 23160 
1194967826 17682 65749 7.436828 111 4173 2451 145.888587 0.168987 0.106809 23228 
1195054226 17728 65935 7.438515 112 4189 2464 146.085966 0.169074 0.106706 23303 
1195140626 17764 66095 7.441455 112 4205 2462 146.364783 0.169415 0.106816 23379 
1195227026 17800 66261 7.445056 112 4223 2466 146.654157 0.169403 0.106614 23445 
1195313426 17832 66377 7.444706 112 4234 2477 146.791947 0.169913 0.106776 23501 
1195399826 17851 66493 7.449779 112 4239 2484 147.051706 0.169727 0.106928 23549 
1195486226 17882 66631 7.452298 114 4244 2490 147.224583 0.169350 0.106748 23592 
1195572626 17918 66823 7.458757 114 4250 2492 147.542694 0.169344 0.106859 23675 
1195659026 17951 66969 7.461311 114 4265 2488 147.771712 0.169008 0.106693 23724 
1195745426 17968 67072 7.465717 114 4266 2496 147.985864 0.168755 0.106644 23768 
1195831826 17992 67176 7.467319 115 4269 2500 148.183971 0.168263 0.106649 23806 
1195918226 18013 67261 7.468051 115 4276 2507 148.259257 0.168232 0.106466 23830 
1196004626 18031 67373 7.473019 115 4278 2512 148.544174 0.168043 0.106457 23873 
1196091026 18058 67523 7.478458 115 4281 2523 148.859010 0.168298 0.106516 23941 
1196177426 18096 67710 7.483422 115 4279 2548 149.177829 0.168637 0.106761 24019 
1196263826 18137 67883 7.485582 115 4296 2551 149.437614 0.168596 0.106854 24084 
1196350226 18169 68041 7.489790 115 4295 2562 149.742088 0.168793 0.106780 24149 
1196436626 18200 68199 7.494396 115 4296 2570 149.975604 0.169402 0.106556 24213 
1196523026 18226 68308 7.495666 115 4311 2567 150.116098 0.169246 0.106357 24243 
1196609426 18245 68415 7.499589 115 4322 2556 150.375774 0.169020 0.106439 24288 
1196695826 18277 68541 7.500246 115 4337 2562 150.547245 0.168843 0.106478 24342 
1196782226 18298 68716 7.510766 116 4331 2567 150.983933 0.168863 0.106669 24415 
1196868626 18324 68885 7.518555 116 4326 2582 151.369133 0.169015 0.106975 24488 
1196955026 18354 69020 7.520976 117 4333 2591 151.584287 0.168727 0.107332 24548 
1197041426 18390 69188 7.524524 118 4348 2593 151.861555 0.168916 0.107321 24618 
1197127826 18416 69322 7.528454 121 4352 2600 152.185925 0.168255 0.107343 24676 
1197214226 18439 69436 7.531428 121 4359 2603 152.396442 0.168396 0.107223 24730 
1197300626 18466 69548 7.532546 121 4367 2606 152.537420 0.168619 0.107280 24772 
1197387026 18505 69702 7.533315 121 4381 2605 152.697974 0.168696 0.107076 24817 
1197473426 18536 69863 7.538088 121 4386 2612 153.022335 0.168518 0.106837 24883 
1197559826 18569 70011 7.540632 121 4397 2614 153.274921 0.168655 0.106803 24946 
1197646226 18605 70138 7.539694 121 4413 2617 153.429723 0.168301 0.106577 24982 
1197732626 18628 70249 7.542302 121 4413 2629 153.573760 0.168586 0.106649 25032 
1197819026 18645 70335 7.544650 122 4415 2628 153.738160 0.168207 0.106967 25069 
1197905426 18676 70463 7.545834 122 4426 2630 153.883487 0.168031 0.107205 25115 
1197991826 18697 70563 7.548056 122 4437 2629 154.070172 0.168311 0.107123 25163 
1198078226 18741 70710 7.546022 122 4460 2638 154.156555 0.168349 0.107108 25225 
1198164626 18786 70844 7.542212 122 4488 2638 154.184393 0.168550 0.106945 25273 
1198251026 18812 70967 7.544865 122 4494 2645 154.413353 0.168262 0.106804 25316 
1198337426 18844 71088 7.544895 122 4508 2649 154.552537 0.168451 0.106394 25354 
1198423826 18855 71173 7.549509 122 4503 2656 154.830443 0.168555 0.106552 25408 
1198510226 18878 71257 7.549211 122 4520 2653 154.905498 0.168811 0.106398 25445 
1198596626 18892 71354 7.553885 123 4517 2664 155.157421 0.168761 0.106327 25499 
1198683026 18900 71418 7.557460 123 4511 2671 155.314392 0.168853 0.106397 25522 
1198769426 18922 71510 7.558398 123 4519 2674 155.407674 0.168920 0.106284 25556 
1198855826 18942 71631 7.563193 124 4523 2679 155.704677 0.168729 0.106408 25622 
1198942226 18961 71762 7.569432 124 4521 2687 156.002426 0.168575 0.106308 25670 
1199028626 18988 71864 7.569412 124 4530 2697 156.096693 0.168482 0.106115 25701 
1199115026 19015 71997 7.572653 124 4542 2697 156.303339 0.168752 0.106196 25768 
1199201426 19034 72094 7.575286 124 4541 2704 156.446254 0.168906 0.106230 25809 
1199287826 19060 72221 7.578279 124 4548 2711 156.641238 0.169310 0.106143 25855 
1199374226 19094 72337 7.576935 124 4565 2718 156.713732 0.169418 0.105934 25890 
1199460626 19120 72455 7.578975 124 4574 2721 156.883891 0.169216 0.105821 25925 
1199547026 19142 72544 7.579563 124 4585 2725 156.982760 0.169241 0.105752 25955 
1199633426 19170 72648 7.579343 124 4592 2729 157.044653 0.169265 0.105880 25995 
1199719826 19197 72741 7.578372 124 4603 2733 157.107465 0.169529 0.105719 26031 
1199806226 19221 72852 7.580459 124 4606 2743 157.263722 0.169641 0.105673 26074 
1199892626 19238 72954 7.584364 124 4612 2738 157.462626 0.169745 0.105562 26117 
1199979026 19265 73077 7.586504 124 4614 2747 157.632702 0.169737 0.105526 26164 
1200065426 19298 73195 7.585760 124 4629 2750 157.750130 0.169329 0.105499 26200 
1200151826 19329 73309 7.585390 125 4634 2758 157.835791 0.169230 0.105342 26237 
1200238226 19350 73405 7.587080 126 4635 2770 157.963618 0.169191 0.105454 26284 
1200324626 19381 73511 7.585883 126 4643 2780 158.002580 0.169459 0.105538 26322 
1200411026 19405 73650 7.590827 126 4639 2796 158.275805 0.169200 0.105516 26375 
1200497426 19449 73791 7.588154 127 4637 2823 158.300787 0.169374 0.105854 26424 
1200583826 19480 73929 7.590246 127 4648 2832 158.528542 0.169117 0.105852 26481 
1200670226 19511 74070 7.592640 127 4651 2842 158.696223 0.169097 0.105876 26530 
1200756626 19535 74164 7.592936 127 4664 2841 158.771231 0.169130 0.105962 26570 
1200843026 19551 74259 7.596440 128 4661 2844 158.937548 0.169192 0.106309 26609 
1200929426 19573 74379 7.600163 128 4662 2851 159.183263 0.168974 0.106163 26657 
1201015826 19602 74494 7.600653 128 4673 2858 159.326803 0.168762 0.106199 26701 
1201102226 19649 74650 7.598351 128 4696 2861 159.434984 0.168341 0.106331 26765 
1201188626 19682 74791 7.599939 128 4708 2869 159.659994 0.168416 0.106261 26818 
1201275026 19722 74944 7.600041 129 4717 2882 159.769293 0.168549 0.106460 26880 
1201361426 19769 75131 7.600890 129 4727 2894 159.938388 0.168782 0.106409 26956 
1201447826 19806 75306 7.604362 129 4731 2908 160.142583 0.169106 0.106588 27022 
1201534226 19837 75459 7.607904 129 4733 2918 160.350053 0.169307 0.106493 27078 
1201620626 19875 75660 7.613585 129 4735 2931 160.733484 0.169138 0.106515 27171 
1201707026 19919 75819 7.612732 129 4751 2940 160.820322 0.169508 0.106696 27226 
1201793426 19959 75959 7.611504 129 4768 2944 160.913773 0.169688 0.106548 27268 
1201879826 19995 76102 7.612103 129 4779 2951 161.054264 0.169626 0.106597 27318 
1201966226 20017 76201 7.613628 129 4785 2950 161.175701 0.169513 0.106587 27350 
1202052626 20029 76273 7.616256 129 4784 2959 161.312996 0.169521 0.106469 27376 
1202139026 20055 76351 7.614161 129 4802 2955 161.318773 0.169704 0.106502 27403 
1202225426 20077 76454 7.616078 129 4807 2960 161.438462 0.169629 0.106577 27439 
1202311826 20096 76531 7.616541 129 4818 2958 161.534136 0.169520 0.106554 27468 
1202398226 20137 76681 7.615931 129 4828 2973 161.687540 0.169600 0.106348 27515 
1202484626 20181 76833 7.614390 129 4851 2974 161.784451 0.169427 0.106168 27557 
1202571026 20213 77026 7.621432 129 4849 2985 162.185623 0.169441 0.106463 27638 
1202657426 20238 77125 7.621801 129 4859 2992 162.317818 0.169510 0.106387 27674 
1202743826 20272 77277 7.624013 130 4876 2988 162.571922 0.169301 0.106152 27731 
1202830226 20303 77457 7.630104 130 4877 3001 162.965670 0.168994 0.106392 27807 
1202916626 20344 77659 7.634585 130 4884 3008 163.302300 0.169384 0.106364 27888 
1203003026 20383 77833 7.637050 130 4896 3007 163.500172 0.169370 0.106402 27961 
1203089426 20417 77998 7.640496 130 4905 3004 163.734339 0.169592 0.106413 28039 
1203175826 20449 78107 7.639200 130 4915 3012 163.804098 0.169616 0.106443 28076 
1203262226 20470 78214 7.641817 130 4918 3021 163.998437 0.169607 0.106706 28118 
1203348626 20498 78366 7.646209 130 4922 3022 164.281393 0.169510 0.106568 28184 
1203435026 20534 78546 7.650336 130 4920 3029 164.577189 0.169537 0.106667 28258 
1203521426 20569 78721 7.654334 130 4928 3032 164.866061 0.169669 0.106603 28330 
1203607826 20599 78866 7.657265 130 4931 3042 165.046944 0.169690 0.106710 28378 
1203694226 20629 79000 7.659121 130 4933 3050 165.202191 0.169667 0.107044 28432 
1203780626 20660 79129 7.660116 130 4940 3059 165.359439 0.169789 0.106753 28473 
1203867026 20676 79216 7.662604 130 4939 3062 165.511317 0.169735 0.106883 28502 
1203953426 20717 79352 7.660569 130 4957 3068 165.573297 0.169924 0.106715 28549 
1204039826 20756 79522 7.662555 130 4971 3074 165.785701 0.169840 0.106680 28618 
1204126226 20798 79712 7.665352 130 4977 3081 166.056063 0.169751 0.106445 28686 
1204212626 20840 79883 7.666315 130 4996 3085 166.276392 0.169929 0.106358 28747 
1204299026 20891 80046 7.663204 130 5026 3085 166.359006 0.170145 0.106458 28807 
1204385426 20918 80170 7.665169 130 5036 3090 166.569079 0.170395 0.106491 28859 
1204471826 20945 80323 7.669897 130 5044 3096 166.862163 0.170078 0.106315 28915 
1204558226 20969 80442 7.672469 130 5049 3103 167.057847 0.169885 0.106046 28973 
1204644626 21024 80674 7.674467 130 5065 3113 167.286149 0.170024 0.106057 29066 
1204731026 21071 80867 7.675668 130 5076 3130 167.501305 0.169819 0.106130 29143 
1204817426 21112 81061 7.679140 130 5081 3136 167.815839 0.169604 0.106242 29218 
1204903826 21156 81212 7.677444 130 5097 3146 167.905181 0.169992 0.106097 29280 
1204990226 21191 81364 7.679109 130 5108 3154 168.054835 0.170090 0.106122 29336 
1205076626 21231 81491 7.676605 131 5116 3163 168.088550 0.170051 0.106139 29372 
1205163026 21267 81639 7.677529 131 5127 3175 168.250717 0.170096 0.106436 29442 
1205249426 21318 81818 7.675955 131 5149 3178 168.325922 0.170335 0.106607 29526 
1205335826 21363 82001 7.676918 131 5170 3178 168.578851 0.170142 0.106436 29605 
1205422226 21398 82148 7.678101 131 5177 3191 168.722030 0.170457 0.106459 29665 
1205508626 21428 82293 7.680885 131 5195 3192 168.928505 0.170476 0.106175 29723 
1205595026 21455 82398 7.681007 131 5203 3198 169.051969 0.170407 0.106012 29761 
1205681426 21472 82475 7.682098 131 5207 3202 169.145399 0.170409 0.105876 29797 
1205767826 21505 82610 7.682864 131 5223 3205 169.306115 0.170241 0.105885 29856 
1205854226 21559 82809 7.682082 131 5247 3216 169.491720 0.170184 0.105613 29940 
1205940626 21603 82985 7.682729 132 5263 3220 169.660047 0.170077 0.105469 30007 
1206027026 21628 83118 7.686148 132 5263 3223 169.874792 0.170341 0.105586 30064 
1206113426 21665 83262 7.686314 132 5276 3229 170.007754 0.170330 0.105434 30116 
1206199826 21687 83393 7.690598 132 5283 3226 170.276663 0.170420 0.105331 30176 
1206286226 21715 83515 7.691918 132 5296 3227 170.469261 0.170226 0.105260 30234 
1206372626 21736 83624 7.694516 132 5297 3233 170.624402 0.170257 0.105512 30278 
1206459026 21781 83799 7.694688 132 5321 3232 170.812359 0.170382 0.105442 30344 
1206545426 21818 83971 7.697406 132 5335 3240 171.085617 0.170196 0.105250 30414 
1206631826 21859 84146 7.698980 132 5349 3245 171.279107 0.170272 0.104993 30472 
1206718226 21894 84376 7.707682 133 5339 3267 171.713255 0.170111 0.105012 30581 
1206804626 21934 84529 7.707577 133 5349 3271 171.836783 0.170090 0.105114 30639 
1206891026 21972 84675 7.707537 133 5361 3275 171.955034 0.170303 0.105102 30694 
1206977426 22012 84880 7.712157 133 5364 3294 172.285208 0.170260 0.104847 30786 
1207063826 22051 85073 7.716022 134 5376 3298 172.586640 0.169916 0.104923 30864 
1207150226 22113 85302 7.715100 134 5405 3296 172.758016 0.169958 0.104645 30940 
1207236626 22161 85531 7.719056 135 5412 3306 173.068002 0.170002 0.104471 31029 
1207323026 22205 85727 7.721414 136 5424 3299 173.352218 0.169777 0.104415 31117 
1207409426 22251 85916 7.722439 136 5442 3303 173.556784 0.169895 0.104360 31194 
1207495826 22294 86041 7.718758 137 5468 3305 173.597201 0.169815 0.104318 31239 
1207582226 22330 86238 7.723959 137 5468 3319 173.887058 0.169927 0.104211 31308 
1207668626 22368 86439 7.728809 138 5469 3332 174.216112 0.170016 0.104105 31394 
1207755026 22405 86620 7.732203 138 5473 3350 174.450971 0.169884 0.104353 31471 
1207841426 22450 86823 7.734788 138 5485 3349 174.707617 0.169675 0.104181 31544 
1207927826 22507 87031 7.733683 139 5509 3359 174.860443 0.169460 0.104153 31609 
1208014226 22543 87183 7.734818 140 5520 3362 175.045912 0.169390 0.103917 31670 
1208100626 22560 87278 7.737411 140 5519 3369 175.191223 0.169528 0.103847 31708 
1208187026 22598 87431 7.737941 140 5532 3380 175.376051 0.169808 0.103801 31782 
1208273426 22650 87639 7.738543 140 5540 3402 175.514084 0.169869 0.104006 31850 
1208359826 22682 87846 7.745878 140 5536 3406 175.926109 0.169688 0.103794 31915 
1208446226 22725 88075 7.751375 140 5553 3409 176.302574 0.169822 0.103893 32008 
1208532626 22768 88285 7.755183 140 5565 3420 176.604884 0.169541 0.103722 32088 
1208619026 22813 88463 7.755490 140 5581 3423 176.745715 0.169843 0.103671 32164 
1208705426 22829 88550 7.757677 140 5581 3430 176.876429 0.169896 0.103718 32209 
1208791826 22862 88722 7.761526 140 5588 3428 177.143120 0.170195 0.103589 32284 
1208878226 22905 88924 7.764593 140 5603 3434 177.427723 0.170121 0.103541 32377 
1208964626 22950 89127 7.767059 140 5618 3427 177.617168 0.170557 0.103519 32466 
1209051026 23000 89331 7.767913 140 5639 3437 177.849130 0.170677 0.103161 32540 
1209137426 23040 89509 7.769878 140 5649 3454 178.105382 0.170284 0.103239 32615 
1209223826 23066 89608 7.769704 140 5657 3465 178.159802 0.170481 0.103297 32660 
1209310226 23101 89739 7.769274 140 5670 3472 178.288213 0.170578 0.103104 32699 
1209396626 23144 89891 7.767974 140 5695 3468 178.356464 0.170629 0.103075 32749 
1209483026 23197 90104 7.768591 141 5711 3480 178.532396 0.170482 0.103284 32846 
1209569426 23252 90298 7.766902 141 5740 3478 178.652503 0.170712 0.103237 32919 
1209655826 23301 90511 7.768851 141 5756 3483 178.933093 0.170894 0.103061 33020 
1209742226 23344 90736 7.773818 141 5771 3485 179.300548 0.170625 0.102793 33110 
1209828626 23369 90882 7.777996 141 5775 3488 179.585519 0.170500 0.102784 33172 
1209915026 23393 91029 7.782585 141 5776 3493 179.879708 0.170265 0.102573 33230 
1210001426 23435 91219 7.784852 141 5787 3501 180.158993 0.170284 0.102614 33317 
1210087826 23481 91429 7.787488 141 5794 3506 180.408926 0.170220 0.103025 33409 
1210174226 23533 91625 7.786937 142 5817 3511 180.570773 0.170384 0.102846 33485 
1210260626 23574 91822 7.790108 142 5825 3526 180.822856 0.170455 0.102785 33574 
1210347026 23616 91991 7.790566 142 5837 3532 180.979167 0.170517 0.102769 33634 
1210433426 23652 92133 7.790715 143 5850 3534 181.103163 0.170245 0.102685 33690 
1210519826 23677 92280 7.794906 143 5837 3558 181.358280 0.170310 0.102722 33752 
1210606226 23721 92441 7.794022 143 5856 3574 181.503225 0.170254 0.102711 33814 
1210692626 23761 92616 7.795631 143 5867 3575 181.669627 0.170463 0.102691 33884 
1210779026 23819 92838 7.795289 143 5890 3583 181.918552 0.170310 0.102658 33976 
1210865426 23859 93038 7.798986 143 5902 3593 182.218534 0.169994 0.102652 34055 
1210951826 23899 93226 7.801665 143 5922 3588 182.490313 0.169834 0.102780 34129 
1211038226 23937 93361 7.800560 143 5943 3586 182.561557 0.170007 0.102714 34179 
1211124626 23976 93484 7.798131 143 5958 3594 182.565899 0.170109 0.102638 34222 
1211211026 24006 93658 7.802883 143 5962 3600 182.916354 0.169684 0.102797 34295 
1211297426 24062 93852 7.800848 144 5978 3617 182.997673 0.169766 0.102957 34364 
1211383826 24110 94064 7.802903 144 5991 3626 183.184820 0.169820 0.103210 34451 
1211470226 24152 94249 7.804654 145 6002 3636 183.420421 0.169579 0.103240 34518 
1211556626 24200 94447 7.805537 145 6013 3647 183.601405 0.169890 0.103209 34603 
1211643026 24234 94600 7.807213 145 6022 3646 183.807791 0.169632 0.103215 34662 
1211729426 24257 94726 7.810199 145 6020 3649 183.958363 0.169785 0.103256 34721 
1211815826 24285 94845 7.810994 145 6031 3656 184.131274 0.169633 0.103312 34760 
1211902226 24328 95006 7.810424 145 6050 3656 184.284364 0.169628 0.103194 34818 
1211988626 24375 95202 7.811446 146 6062 3672 184.456533 0.169453 0.103050 34886 
1212075026 24416 95400 7.814548 146 6063 3696 184.688401 0.169441 0.103088 34966 
1212161426 24457 95613 7.818866 146 6067 3710 184.975917 0.169444 0.103210 35054 
1212247826 24510 95782 7.815749 146 6095 3712 185.047736 0.169546 0.103057 35120 
1212334226 24537 95899 7.816685 147 6099 3722 185.200391 0.169652 0.103221 35169 
1212420626 24578 96044 7.815445 147 6111 3735 185.277077 0.169708 0.103121 35223 
1212507026 24625 96243 7.816690 148 6126 3741 185.504650 0.169174 0.103165 35307 
1212593426 24673 96454 7.818587 148 6142 3743 185.800186 0.168907 0.103148 35396 
1212679826 24731 96652 7.816263 148 6176 3740 185.903118 0.169059 0.102841 35463 
1212766226 24788 96851 7.814346 148 6200 3752 186.027836 0.169189 0.102889 35540 
1212852626 24836 97026 7.813335 149 6215 3762 186.144146 0.169554 0.102865 35608 
1212939026 24874 97179 7.813701 149 6223 3768 186.291147 0.169450 0.102893 35668 
1213025426 24931 97338 7.808592 149 6241 3789 186.231439 0.169548 0.102948 35719 
1213111826 24975 97509 7.808529 149 6265 3789 186.385345 0.169326 0.102707 35774 
1213198226 25026 97717 7.809238 149 6280 3795 186.558060 0.169641 0.102717 35849 
1213284626 25079 97924 7.809243 150 6292 3809 186.761195 0.169412 0.102644 35931 
1213371026 25127 98109 7.809050 150 6301 3822 186.880726 0.169562 0.102615 35986 
1213457426 25155 98241 7.810853 150 6312 3825 187.077321 0.169643 0.102470 36046 
1213543826 25185 98368 7.811634 150 6323 3834 187.232480 0.169570 0.102354 36092 
1213630226 25249 98573 7.808072 151 6355 3843 187.348964 0.169654 0.102079 36162 
1213716626 25296 98777 7.809693 151 6361 3863 187.615433 0.169768 0.101857 36242 
1213803026 25336 98993 7.814414 151 6370 3872 187.985159 0.169674 0.101919 36343 
1213889426 25376 99185 7.817229 151 6378 3875 188.217528 0.169777 0.101998 36427 
1213975826 25437 99386 7.814286 151 6396 3896 188.261116 0.170196 0.102144 36501 
1214062226 25482 99542 7.812731 151 6413 3906 188.325799 0.170420 0.102210 36564 
1214148626 25512 99689 7.815067 151 6416 3913 188.484791 0.170488 0.102150 36618 
1214235026 25568 99888 7.813517 151 6444 3918 188.553739 0.170659 0.102057 36689 
1214321426 25635 100138 7.812600 151 6448 3952 188.730252 0.170441 0.102151 36763 
1214407826 25689 100344 7.812215 151 6459 3980 188.919304 0.170597 0.102363 36854 
1214494226 25742 100561 7.812990 151 6472 4000 189.113511 0.170783 0.102420 36941 
1214580626 25822 100802 7.807451 152 6519 4003 189.143986 0.170948 0.102214 37037 
1214667026 25881 100974 7.802944 152 6554 4005 189.164484 0.170971 0.102094 37095 
1214753426 25927 101163 7.803680 152 6570 4016 189.353724 0.171007 0.102104 37171 
1214839826 25978 101367 7.804065 152 6581 4032 189.576257 0.171106 0.102282 37256 
1214926226 26044 101605 7.802565 152 6613 4039 189.717248 0.171082 0.102400 37337 
1215012626 26097 101836 7.804422 152 6620 4053 189.996858 0.171247 0.102384 37429 
1215099026 26153 102090 7.807135 152 6638 4066 190.384507 0.170966 0.102217 37544 
1215185426 26203 102259 7.805137 152 6653 4083 190.460405 0.171017 0.102071 37597 
1215271826 26232 102380 7.805733 152 6660 4096 190.577920 0.170867 0.101942 37635 
1215358226 26266 102520 7.806289 152 6672 4097 190.691464 0.171037 0.102060 37696 
1215444626 26321 102734 7.806238 152 6688 4116 190.884389 0.170804 0.102123 37779 
1215531026 26381 102948 7.804708 152 6710 4134 191.016034 0.170877 0.102100 37876 
1215617426 26464 103211 7.800106 152 6752 4144 191.141475 0.170681 0.102135 37971 
1215703826 26538 103456 7.796820 152 6789 4152 191.227297 0.170861 0.102118 38058 
1215790226 26599 103690 7.796534 152 6818 4151 191.396218 0.170855 0.102188 38145 
1215876626 26633 103857 7.799121 152 6819 4153 191.589982 0.170830 0.102111 38201 
1215963026 26672 104026 7.800390 152 6832 4159 191.780444 0.170950 0.102082 38272 
1216049426 26712 104197 7.801512 153 6843 4172 192.039009 0.170668 0.102212 38348 
1216135826 26787 104494 7.801844 153 6872 4185 192.286408 0.171159 0.101988 38459 
1216222226 26848 104747 7.802965 153 6886 4189 192.505885 0.171131 0.101969 38545 
1216308626 26908 104976 7.802587 154 6914 4201 192.741490 0.170772 0.102020 38631 
1216395026 26980 105213 7.799333 154 6946 4209 192.813566 0.170755 0.101810 38715 
1216481426 27014 105382 7.802029 154 6949 4223 193.065299 0.170722 0.101818 38778 
1216567826 27055 105560 7.803364 154 6954 4235 193.270449 0.170584 0.101863 38840 
1216654226 27123 105775 7.799653 154 6976 4260 193.322715 0.170763 0.101755 38918 
1216740626 27210 106070 7.796398 154 7014 4259 193.510474 0.171111 0.101662 39039 
1216827026 27300 106351 7.791282 155 7054 4275 193.567033 0.171312 0.101543 39131 
1216913426 27391 106625 7.785404 155 7091 4291 193.632215 0.171399 0.101792 39248 
1216999826 27463 106863 7.782325 155 7125 4308 193.782835 0.171088 0.101715 39339 
1217086226 27534 107092 7.778892 155 7163 4314 193.855306 0.171030 0.101531 39420 
1217172626 27590 107290 7.777456 156 7177 4333 193.989779 0.170916 0.101400 39495 
1217259026 27651 107505 7.775849 157 7202 4339 194.100828 0.170953 0.101313 39559 
1217345426 27736 107798 7.773147 157 7238 4361 194.302567 0.171004 0.101079 39660 
1217431826 27814 108098 7.772920 157 7262 4385 194.527001 0.171248 0.100990 39772 
1217518226 27896 108396 7.771437 157 7297 4384 194.653355 0.171476 0.100901 39864 
1217604626 27963 108668 7.772271 157 7323 4384 194.856632 0.171640 0.100792 39960 
1217691026 28041 108921 7.768696 157 7352 4402 194.905389 0.171657 0.100652 40050 
1217777426 28096 109130 7.768366 159 7366 4423 195.114607 0.171171 0.100567 40118 
1217863826 28171 109399 7.766781 159 7388 4434 195.332931 0.171364 0.100537 40222 
1217950226 28271 109715 7.761664 159 7432 4451 195.411765 0.171491 0.100248 40333 
1218036626 28366 110061 7.760065 159 7456 4476 195.562504 0.171737 0.100187 40446 
1218123026 28479 110400 7.753081 159 7503 4480 195.554479 0.172036 0.100349 40576 
1218209426 28555 110693 7.752968 159 7526 4495 195.759412 0.172139 0.100153 40692 
1218295826 28599 110917 7.756705 159 7523 4518 196.079513 0.172221 0.100395 40800 
1218382226 28663 111097 7.751945 159 7557 4521 196.053937 0.172088 0.100360 40861 
1218468626 28735 111344 7.749713 159 7571 4553 196.149574 0.171931 0.100532 40949 
1218555026 28827 111638 7.745378 159 7601 4574 196.265792 0.171863 0.100851 41067 
1218641426 28914 111951 7.743723 159 7636 4584 196.491734 0.171907 0.100938 41199 
1218727826 29002 112257 7.741328 159 7656 4617 196.615061 0.171907 0.100991 41307 
1218814226 29073 112547 7.742373 159 7675 4637 196.855570 0.171803 0.101116 41410 
1218900626 29152 112794 7.738337 159 7710 4655 196.860250 0.172105 0.100906 41488 
1218987026 29233 113051 7.734478 159 7739 4673 196.952485 0.172171 0.100733 41591 
1219073426 29306 113378 7.737528 159 7754 4696 197.294957 0.171854 0.101021 41741 
1219159826 29419 113747 7.732894 159 7801 4706 197.467419 0.172358 0.100662 41885 
1219246226 29502 114073 7.733238 159 7826 4715 197.700359 0.172428 0.100809 42008 
1219332626 29600 114418 7.730946 159 7852 4747 197.938311 0.172307 0.100929 42134 
1219419026 29694 114738 7.728026 159 7888 4748 198.059271 0.172362 0.100738 42240 
1219505426 29775 115031 7.726683 159 7914 4771 198.241545 0.172433 0.100895 42359 
1219591826 29843 115265 7.724760 159 7943 4781 198.360755 0.172460 0.100815 42436 
1219678226 29945 115607 7.721289 159 7973 4809 198.503256 0.172520 0.100818 42566 
1219764626 30056 115981 7.717660 160 8024 4822 198.716196 0.172318 0.100726 42700 
1219851026 30143 116323 7.718077 160 8050 4847 199.060412 0.172172 0.100613 42834 
1219937426 30246 116711 7.717450 161 8072 4875 199.291014 0.172562 0.100566 42992 
1220023826 30317 116993 7.717980 161 8088 4881 199.507339 0.172592 0.100411 43093 
1220110226 30395 117233 7.713966 161 8127 4890 199.521961 0.172860 0.100475 43198 
1220196626 30437 117435 7.716595 161 8135 4897 199.785524 0.172982 0.100389 43271 
1220283026 30484 117677 7.720575 161 8142 4909 200.102808 0.172958 0.100438 43369 
1220369426 30526 117874 7.722859 161 8144 4929 200.334403 0.173188 0.100511 43447 
1220455826 30571 118069 7.724248 161 8156 4937 200.565961 0.173269 0.100706 43544 
1220542226 30605 118281 7.729521 161 8158 4948 200.882013 0.173264 0.100557 43635 
1220628626 30650 118500 7.732463 161 8165 4960 201.169070 0.173292 0.100773 43736 
1220715026 30711 118756 7.733776 162 8183 4972 201.425157 0.173257 0.100965 43847 
1220801426 30769 119014 7.735968 162 8197 4976 201.657382 0.173367 0.100995 43940 
1220887826 30850 119307 7.734652 162 8216 5003 201.894652 0.173000 0.101119 44048 
1220974226 30928 119703 7.740753 163 8211 5040 202.339822 0.173078 0.101211 44198 
1221060626 31032 120015 7.734919 163 8266 5047 202.378513 0.173312 0.100974 44317 
1221147026 31110 120312 7.734619 163 8284 5060 202.603922 0.173375 0.100904 44439 
1221233426 31227 120682 7.729337 163 8344 5055 202.662504 0.173436 0.100600 44553 
1221319826 31312 120955 7.725792 164 8376 5076 202.734287 0.173369 0.100627 44659 
1221406226 31373 121239 7.728875 164 8382 5092 202.983903 0.173598 0.100822 44781 
1221492626 31449 121540 7.729340 164 8414 5105 203.249070 0.173465 0.100583 44906 
1221579026 31546 121903 7.728587 165 8445 5104 203.508020 0.173367 0.100434 45068 
1221665426 31681 122396 7.726776 165 8484 5137 203.824942 0.173236 0.100186 45260 
1221751826 31788 122792 7.725683 165 8530 5126 204.009878 0.173392 0.099897 45394 
1221838226 31885 123152 7.724761 166 8552 5159 204.239360 0.173495 0.100099 45547 
1221924626 31977 123458 7.721675 167 8596 5173 204.346061 0.173581 0.100114 45655 
1222011026 32059 123752 7.720266 168 8624 5184 204.509124 0.173860 0.099982 45774 
1222097426 32140 124091 7.721904 168 8643 5207 204.780274 0.174000 0.099847 45900 
1222183826 32240 124462 7.720968 168 8675 5221 204.993983 0.173900 0.099639 46021 
1222270226 32344 124817 7.718093 169 8689 5273 205.127999 0.173639 0.099648 46126 
1222356626 32448 125203 7.717147 169 8728 5291 205.365939 0.173730 0.099774 46276 
1222443026 32541 125535 7.715497 169 8755 5320 205.535355 0.173916 0.099984 46403 
1222529426 32613 125793 7.714286 169 8776 5331 205.692270 0.173946 0.099969 46507 
1222615826 32689 126025 7.710545 169 8804 5331 205.677934 0.174106 0.099986 46580 
1222702226 32786 126364 7.708412 171 8846 5344 205.929482 0.173727 0.099981 46714 
1222788626 32863 126799 7.716824 171 8849 5368 206.538660 0.173735 0.099993 46890 
1222875026 32981 127193 7.713108 172 8884 5403 206.760377 0.173500 0.100028 47046 
1222961426 33064 127618 7.719453 172 8900 5420 207.312848 0.173503 0.099841 47197 
1223047826 33162 128029 7.721428 172 8933 5419 207.681684 0.173534 0.099586 47356 
1223134226 33243 128365 7.722829 172 8958 5432 207.974912 0.173510 0.099638 47495 
1223220626 33303 128645 7.725730 173 8978 5435 208.263460 0.173395 0.099613 47602 
1223307026 33390 128968 7.724948 174 9006 5440 208.438754 0.173636 0.099666 47728 
1223393426 33489 129377 7.726537 174 9038 5451 208.802174 0.173750 0.099643 47916 
1223479826 33619 129844 7.724442 177 9095 5456 209.108778 0.173811 0.099820 48110 
1223566226 33734 130201 7.719274 177 9137 5485 209.166005 0.174187 0.099769 48256 
1223652626 33845 130653 7.720668 177 9147 5516 209.501669 0.174143 0.100002 48413 
1223739026 33927 130969 7.720635 177 9171 5525 209.718042 0.174191 0.099862 48542 
1223825426 33997 131227 7.719916 177 9193 5540 209.845928 0.174420 0.099945 48649 
1223911826 34083 131635 7.724379 178 9214 5551 210.317226 0.174248 0.100211 48826 
1223998226 34201 132156 7.728195 178 9233 5574 210.758867 0.174392 0.100331 49034 
1224084626 34315 132568 7.726534 179 9257 5612 211.011686 0.174630 0.100288 49205 
1224171026 34414 133004 7.729645 179 9275 5640 211.369849 0.174781 0.100442 49390 
1224257426 34542 133511 7.730357 179 9313 5670 211.743848 0.174794 0.100368 49597 
1224343826 34628 133814 7.728659 180 9330 5703 211.922433 0.174861 0.100275 49713 
1224430226 34695 134043 7.726935 180 9365 5703 212.012855 0.174899 0.100210 49794 
1224516626 34790 134446 7.729003 181 9364 5739 212.321874 0.174960 0.100208 49935 
1224603026 34922 134960 7.729225 181 9397 5762 212.583529 0.175112 0.100007 50119 
1224689426 35047 135435 7.728764 181 9445 5774 212.988159 0.174700 0.099693 50330 
1224775826 35173 135936 7.729565 181 9477 5808 213.333523 0.174925 0.099707 50529 
1224862226 35288 136408 7.731127 181 9508 5822 213.724666 0.174765 0.099911 50701 
1224948626 35369 136747 7.732591 181 9522 5845 214.012497 0.174837 0.100093 50852 
1225035026 35431 136996 7.733115 181 9546 5850 214.237363 0.174685 0.100169 50941 
1225121426 35526 137326 7.731014 181 9584 5866 214.367843 0.174721 0.100173 51059 
1225207826 35642 137781 7.731384 182 9622 5878 214.694742 0.174868 0.100093 51240 
1225294226 35757 138206 7.730291 182 9641 5914 214.902481 0.175050 0.100373 51394 
1225380626 35864 138648 7.731876 182 9661 5946 215.262659 0.175234 0.100388 51565 
1225467026 35985 139069 7.729276 182 9713 5965 215.507850 0.175273 0.100035 51713 
1225553426 36050 139357 7.731318 182 9721 5984 215.737642 0.175299 0.100054 51829 
1225639826 36122 139631 7.731078 182 9740 5983 215.895742 0.175428 0.100187 51934 
1225726226 36204 139990 7.733400 182 9765 5994 216.244172 0.175411 0.100035 52084 
1225812626 36328 140483 7.734144 182 9801 6011 216.590784 0.175408 0.100055 52265 
1225899026 36446 140882 7.730999 182 9833 6037 216.670362 0.175740 0.100201 52415 
1225985426 36561 141356 7.732611 182 9871 6044 216.968190 0.175868 0.100507 52615 
1226071826 36700 141833 7.729319 182 9939 6053 217.229046 0.175648 0.100196 52783 
1226158226 36793 142252 7.732558 182 9945 6099 217.600250 0.175561 0.100280 52952 
1226244626 36865 142575 7.734979 182 9965 6116 217.889326 0.175615 0.100364 53074 
1226331026 36978 143133 7.741522 182 9969 6141 218.479204 0.175539 0.100633 53300 
1226417426 37120 143731 7.744127 182 10001 6176 218.949892 0.175577 0.100703 53524 
1226503826 37265 144286 7.743781 182 10039 6206 219.309003 0.175471 0.100622 53734 
1226590226 37431 144862 7.740215 184 10103 6238 219.506185 0.175748 0.100522 53967 
1226676626 37601 145461 7.737081 185 10174 6249 219.759421 0.175763 0.100076 54169 
1226763026 37707 145933 7.740367 186 10187 6276 220.165593 0.175645 0.100232 54343 
1226849426 37792 146339 7.744443 186 10211 6295 220.578376 0.175661 0.100599 54510 
1226935826 37912 146808 7.744672 186 10241 6322 220.888742 0.175543 0.100458 54671 
1227022226 38063 147392 7.744634 186 10276 6366 221.208575 0.175498 0.100657 54883 
1227108626 38192 147926 7.746439 187 10297 6406 221.650607 0.175495 0.100476 55075 
1227195026 38332 148473 7.746687 187 10348 6427 222.048732 0.175373 0.100440 55293 
1227281426 38481 149030 7.745641 187 10401 6450 222.298693 0.175587 0.100472 55488 
1227367826 38596 149436 7.743600 188 10422 6476 222.446575 0.175660 0.100898 55617 
1227454226 38683 149804 7.745211 188 10436 6499 222.758835 0.175370 0.101080 55765 
1227540626 38809 150288 7.745008 189 10477 6515 223.081244 0.175079 0.101006 55977 
1227627026 38960 150833 7.742967 192 10527 6547 223.371817 0.174724 0.101216 56180 
1227713426 39069 151351 7.747882 192 10536 6578 223.810387 0.174958 0.101374 56392 
1227799826 39180 151780 7.747831 192 10549 6616 223.989280 0.175178 0.101362 56544 
1227886226 39285 152168 7.746875 192 10584 6642 224.226753 0.175177 0.101423 56700 
1227972626 39380 152549 7.747537 194 10611 6668 224.578314 0.174864 0.101409 56865 
1228059026 39497 152969 7.745854 194 10662 6678 224.753677 0.174889 0.101245 57032 
1228145426 39605 153443 7.748668 197 10685 6710 225.207777 0.174584 0.101321 57215 
1228231826 39742 154005 7.750239 198 10723 6724 225.567359 0.174674 0.101455 57441 
1228318226 39882 154594 7.752570 198 10760 6739 226.063688 0.174753 0.101237 57686 
1228404626 40023 155238 7.757439 199 10794 6762 226.678510 0.174513 0.101086 57930 
1228491026 40193 155885 7.756823 199 10826 6814 227.003757 0.174672 0.101177 58170 
1228577426 40294 156382 7.762049 200 10839 6825 227.516603 0.174391 0.101114 58371 
1228663826 40387 156818 7.765766 202 10831 6854 227.883923 0.174218 0.101336 58533 
1228750226 40517 157355 7.767357 202 10866 6880 228.288323 0.174228 0.101608 58767 
1228836626 40676 158042 7.770774 202 10907 6899 228.889615 0.174224 0.101627 59057 
1228923026 40811 158583 7.771581 202 10949 6930 229.204038 0.174526 0.101590 59292 
1229009426 40947 159151 7.773512 203 10983 6949 229.585366 0.174526 0.101415 59510 
1229095826 41096 159777 7.775793 203 11011 7003 230.008760 0.174519 0.101549 59759 
1229182226 41215 160212 7.774451 203 11059 7014 230.189300 0.174540 0.101558 59930 
1229268626 41323 160617 7.773734 203 11078 7036 230.371754 0.174533 0.101649 60079 
1229355026 41447 161131 7.775279 203 11113 7067 230.731102 0.174386 0.101887 60269 
1229441426 41614 161783 7.775412 203 11151 7101 230.997453 0.174838 0.101849 60513 
1229527826 41773 162459 7.778182 203 11194 7126 231.416465 0.174976 0.101814 60757 
1229614226 41929 163074 7.778578 203 11253 7124 231.813065 0.174851 0.101735 60997 
1229700626 42083 163661 7.778010 203 11300 7151 232.155645 0.174988 0.101742 61228 
1229787026 42198 164195 7.782122 203 11299 7188 232.596616 0.174958 0.101803 61431 
1229873426 42297 164669 7.786321 204 11312 7204 233.016999 0.174795 0.101849 61607 
1229959826 42434 165331 7.792383 204 11342 7198 233.624264 0.174670 0.102143 61895 
1230046226 42571 165986 7.798079 204 11361 7235 234.320406 0.174368 0.102065 62162 
1230132626 42698 166555 7.801536 205 11374 7272 234.762097 0.174081 0.101957 62381 
1230219026 42801 167020 7.804491 205 11382 7314 235.166702 0.174093 0.102040 62571 
1230305426 42903 167401 7.803697 206 11414 7328 235.334965 0.174139 0.102139 62732 
1230391826 43027 167861 7.802589 208 11456 7354 235.572919 0.174073 0.102181 62907 
1230478226 43133 168335 7.805393 208 11485 7372 235.994111 0.174083 0.102189 63098 
1230564626 43285 168936 7.805753 209 11525 7411 236.340487 0.174019 0.102200 63343 
1230651026 43476 169634 7.803570 209 11573 7462 236.608244 0.174481 0.102465 63607 
1230737426 43664 170318 7.801301 209 11635 7500 236.894925 0.174597 0.102488 63890 
1230823826 43814 170851 7.798923 211 11682 7521 237.117177 0.174454 0.102384 64089 
1230910226 43962 171459 7.800328 211 11716 7548 237.508303 0.174398 0.102228 64321 
1230996626 44108 172017 7.799810 211 11755 7589 237.786569 0.174571 0.102397 64535 
1231083026 44201 172561 7.808013 211 11752 7615 238.455374 0.174043 0.102618 64772 
1231169426 44338 173171 7.811403 211 11798 7618 238.972349 0.173847 0.102638 65031 
1231255826 44466 173926 7.822876 213 11785 7659 239.895246 0.173622 0.102934 65352 
1231342226 44578 174686 7.837319 213 11761 7693 240.901341 0.173277 0.103055 65682 
1231428626 44680 175398 7.851298 213 11735 7724 241.906893 0.172824 0.103395 66018 
1231515026 44781 176084 7.864228 214 11730 7715 242.854112 0.172579 0.103470 66318 
1231601426 44857 176673 7.877165 215 11705 7745 243.691196 0.172490 0.103318 66573 
1231687826 44937 177177 7.885573 216 11689 7765 244.276120 0.172234 0.103494 66773 
1231774226 45025 177774 7.896680 217 11702 7743 245.093926 0.172309 0.103445 67048 
1231860626 45130 178466 7.908974 217 11715 7746 246.038201 0.172130 0.103413 67336 
1231947026 45227 179157 7.922568 217 11714 7744 247.034515 0.171595 0.103532 67651 
1232033426 45335 179798 7.931973 217 11699 7767 247.797772 0.171408 0.103655 67933 
1232119826 45416 180433 7.945790 217 11666 7802 248.787652 0.171111 0.103826 68212 
1232206226 45501 181010 7.956309 217 11652 7830 249.551966 0.170715 0.104029 68451 
1232292626 45573 181549 7.967393 219 11635 7841 250.310798 0.170426 0.104087 68687 
1232379026 45633 182078 7.980102 219 11614 7847 251.168891 0.170274 0.104531 68933 
1232465426 45711 182714 7.994312 220 11581 7861 252.107020 0.169953 0.104842 69198 
1232551826 45792 183272 8.004542 221 11560 7878 252.774764 0.169799 0.105027 69441 
1232638226 45812 183401 8.006679 222 11551 7894 252.980093 0.169694 0.105017 69500 
