1165073426 0 0 0.000000 0 0 0 0.000000 0.000000 0.000000 0 
1165159826 7999 18411 4.603325 46 2061 1319 42.188774 0.206571 0.091287 4163 
1165246226 8025 18512 4.613583 47 2073 1308 42.427664 0.206829 0.091567 4194 
1165332626 8056 18639 4.627358 47 2072 1316 42.739573 0.205747 0.091948 4235 
1165419026 8089 18782 4.643837 47 2088 1309 43.136111 0.205348 0.092653 4293 
1165505426 8111 18892 4.658365 47 2094 1304 43.500185 0.205432 0.092422 4331 
1165591826 8142 18998 4.666667 47 2106 1311 43.696143 0.204961 0.092686 4362 
1165678226 8160 19096 4.680392 47 2107 1307 43.964216 0.205267 0.093082 4396 
1165764626 8180 19167 4.686308 47 2118 1309 44.172372 0.206316 0.093027 4425 
1165851026 8209 19263 4.693142 47 2136 1312 44.361554 0.207524 0.092886 4454 
1165937426 8236 19381 4.706411 47 2147 1308 44.705197 0.206046 0.093033 4497 
1166023826 8277 19493 4.710161 47 2165 1308 44.876888 0.206744 0.092729 4529 
1166110226 8304 19624 4.726397 47 2166 1314 45.246387 0.206513 0.092494 4568 
1166196626 8330 19736 4.738535 47 2169 1321 45.518848 0.206750 0.092619 4604 
1166283026 8346 19826 4.751018 47 2164 1329 45.758447 0.206482 0.093310 4637 
1166369426 8358 19915 4.765494 47 2159 1330 46.056951 0.206332 0.093612 4671 
1166455826 8382 20012 4.774994 47 2168 1332 46.277738 0.204944 0.094019 4697 
1166542226 8405 20121 4.787864 47 2165 1341 46.554670 0.204632 0.094561 4738 
1166628626 8427 20223 4.799573 47 2174 1339 46.836122 0.204404 0.094488 4770 
1166715026 8455 20365 4.817268 47 2182 1337 47.247073 0.203852 0.094154 4829 
1166801426 8481 20480 4.829619 47 2189 1341 47.586841 0.203944 0.094374 4864 
1166887826 8504 20568 4.837253 47 2203 1334 47.795390 0.204165 0.094012 4894 
1166974226 8516 20633 4.845702 47 2204 1340 48.027243 0.203701 0.093970 4911 
1167060626 8534 20737 4.859855 48 2201 1343 48.346848 0.202952 0.094118 4947 
1167147026 8552 20848 4.875585 48 2206 1335 48.736436 0.202595 0.094200 4991 
1167233426 8566 20912 4.882559 48 2207 1335 48.896568 0.202508 0.094695 5019 
1167319826 8594 21025 4.892949 50 2216 1342 49.214801 0.201713 0.095097 5063 
1167406226 8618 21122 4.901833 50 2227 1343 49.491529 0.202436 0.095495 5104 
1167492626 8635 21217 4.914186 51 2230 1339 49.820730 0.201824 0.095759 5136 
1167579026 8650 21288 4.922081 51 2230 1347 49.995145 0.201283 0.095968 5154 
1167665426 8671 21376 4.930458 52 2236 1351 50.227655 0.200584 0.096481 5181 
1167751826 8689 21484 4.945103 52 2237 1356 50.561169 0.200722 0.097060 5227 
1167838226 8726 21580 4.946138 52 2256 1357 50.672931 0.200795 0.096585 5252 
1167924626 8743 21658 4.954363 52 2257 1357 50.865149 0.200047 0.096615 5273 
1168011026 8769 21769 4.964990 52 2258 1369 51.109591 0.200318 0.097467 5314 
1168097426 8791 21842 4.969173 52 2270 1370 51.281310 0.199827 0.097268 5340 
1168183826 8813 21934 4.977647 52 2276 1368 51.508226 0.198776 0.097102 5366 
1168270226 8844 22043 4.984848 53 2287 1371 51.773632 0.196486 0.097428 5403 
1168356626 8864 22147 4.997067 53 2296 1371 52.087094 0.195671 0.097224 5451 
1168443026 8892 22265 5.007872 53 2305 1371 52.381242 0.196359 0.096943 5490 
1168529426 8920 22366 5.014798 53 2313 1380 52.538117 0.196849 0.096950 5533 
1168615826 8941 22469 5.026060 53 2320 1382 52.802371 0.196770 0.096805 5575 
1168702226 8960 22544 5.032143 53 2334 1377 53.012054 0.195611 0.097107 5612 
1168788626 8980 22625 5.038976 53 2345 1373 53.228953 0.196493 0.096869 5650 
1168875026 9004 22707 5.043758 53 2356 1376 53.390049 0.195546 0.096826 5683 
1168961426 9031 22830 5.055919 53 2363 1371 53.659617 0.195804 0.097041 5738 
1169047826 9068 22940 5.059550 53 2387 1369 53.864579 0.196478 0.096240 5770 
1169134226 9088 23064 5.075704 53 2384 1381 54.297095 0.196742 0.096191 5820 
1169220626 9114 23175 5.085583 55 2393 1377 54.601492 0.196767 0.096407 5866 
1169307026 9139 23270 5.092461 56 2402 1384 54.828099 0.195658 0.096067 5892 
1169393426 9154 23364 5.104654 57 2398 1391 55.108368 0.195479 0.096414 5928 
1169479826 9178 23465 5.113314 57 2403 1402 55.331881 0.195569 0.096917 5974 
1169566226 9208 23573 5.120113 57 2413 1401 55.508905 0.194726 0.097151 6012 
1169652626 9234 23696 5.132337 57 2414 1411 55.807667 0.193112 0.097247 6053 
1169739026 9263 23832 5.145633 57 2416 1419 56.180719 0.194275 0.096844 6096 
1169825426 9290 23938 5.153498 57 2430 1417 56.449300 0.194539 0.096927 6129 
1169911826 9312 24024 5.159794 57 2434 1423 56.619201 0.194925 0.097239 6162 
1169998226 9331 24121 5.170078 57 2435 1427 56.891866 0.194859 0.097315 6194 
1170084626 9356 24241 5.181915 57 2444 1423 57.231937 0.194816 0.097692 6249 
1170171026 9380 24374 5.197015 57 2452 1415 57.599787 0.194912 0.097845 6286 
1170257426 9416 24523 5.208794 57 2468 1411 57.992566 0.192901 0.098181 6338 
1170343826 9437 24670 5.228356 57 2463 1424 58.568613 0.191168 0.098909 6393 
1170430226 9465 24817 5.243951 57 2463 1431 59.004332 0.190962 0.099560 6458 
1170516626 9492 24945 5.256005 57 2459 1443 59.334598 0.191043 0.100731 6506 
1170603026 9511 25053 5.268216 57 2461 1449 59.657870 0.190711 0.100508 6537 
1170689426 9535 25175 5.280545 58 2459 1461 59.988044 0.190339 0.100438 6577 
1170775826 9561 25284 5.288987 58 2461 1466 60.221943 0.190892 0.100296 6612 
1170862226 9597 25411 5.295613 59 2471 1475 60.527248 0.189052 0.100636 6651 
1170948626 9620 25549 5.311642 60 2465 1484 60.958212 0.187964 0.100481 6699 
1171035026 9648 25688 5.325041 60 2473 1476 61.289386 0.188091 0.100994 6749 
1171121426 9679 25801 5.331336 60 2487 1475 61.563385 0.188409 0.101023 6792 
1171207826 9704 25902 5.338417 60 2493 1484 61.750618 0.188220 0.101696 6829 
1171294226 9725 26036 5.354447 60 2498 1475 62.215116 0.188789 0.101697 6885 
1171380626 9752 26188 5.370796 60 2500 1478 62.650533 0.188304 0.101691 6933 
1171467026 9793 26329 5.377106 60 2513 1495 62.919228 0.188926 0.101396 6979 
1171553426 9827 26507 5.394729 60 2522 1499 63.477969 0.188241 0.100941 7043 
1171639826 9854 26606 5.400041 60 2533 1501 63.666531 0.188880 0.100691 7076 
1171726226 9869 26684 5.407640 60 2538 1499 63.878002 0.189288 0.101127 7107 
1171812626 9881 26745 5.413420 60 2546 1495 64.065378 0.188703 0.100985 7135 
1171899026 9892 26805 5.419531 60 2548 1493 64.267085 0.188325 0.100988 7160 
1171985426 9908 26886 5.427130 60 2551 1497 64.468107 0.187628 0.101229 7192 
1172071826 9923 26971 5.436058 60 2547 1505 64.717122 0.187691 0.101486 7223 
1172158226 9952 27105 5.447146 60 2551 1516 65.075965 0.187275 0.101972 7273 
1172244626 9973 27246 5.463953 61 2547 1520 65.512885 0.187713 0.102374 7323 
1172331026 9994 27359 5.475085 61 2544 1530 65.830498 0.186988 0.102600 7360 
1172417426 10016 27464 5.484026 62 2556 1517 66.110423 0.187056 0.102170 7401 
1172503826 10039 27591 5.496763 62 2552 1515 66.433908 0.186941 0.102723 7446 
1172590226 10075 27782 5.515037 63 2547 1537 66.993151 0.187692 0.103422 7517 
1172676626 10105 27941 5.530134 63 2563 1524 67.423850 0.187098 0.103461 7588 
1172763026 10128 28103 5.549566 63 2561 1529 67.900671 0.186675 0.103913 7645 
1172849426 10160 28264 5.563780 66 2564 1536 68.368701 0.186344 0.103394 7706 
1172935826 10174 28341 5.571260 66 2567 1539 68.580303 0.185559 0.103348 7735 
1173022226 10197 28436 5.577327 67 2581 1535 68.839266 0.184445 0.103397 7775 
1173108626 10222 28555 5.586969 68 2589 1537 69.196830 0.183248 0.103157 7810 
1173195026 10254 28742 5.606007 68 2590 1542 69.812951 0.182190 0.103099 7883 
1173281426 10283 28925 5.625790 68 2581 1556 70.399689 0.181754 0.103548 7958 
1173367826 10310 29091 5.643259 68 2587 1554 70.947430 0.182326 0.103714 8028 
1173454226 10335 29232 5.656894 68 2582 1573 71.353846 0.180683 0.104307 8078 
1173540626 10358 29342 5.665573 69 2590 1573 71.677930 0.180232 0.104033 8121 
1173627026 10369 29408 5.672292 69 2590 1569 71.826406 0.179748 0.104175 8143 
1173713426 10384 29511 5.683937 69 2595 1564 72.191448 0.179588 0.104085 8189 
1173799826 10419 29666 5.694596 69 2603 1569 72.513677 0.180246 0.104071 8242 
1173886226 10451 29824 5.707396 69 2609 1573 72.948043 0.179997 0.103928 8296 
1173972626 10473 29987 5.726535 69 2607 1582 73.486871 0.179988 0.104445 8360 
1174059026 10502 30108 5.733765 69 2620 1586 73.756808 0.179833 0.104838 8404 
1174145426 10521 30227 5.746032 70 2623 1582 74.128505 0.179029 0.104850 8442 
1174231826 10539 30330 5.755764 72 2622 1587 74.421672 0.178686 0.104696 8479 
1174318226 10557 30455 5.769632 72 2609 1604 74.773894 0.179119 0.104625 8522 
1174404626 10590 30603 5.779603 72 2627 1596 75.168272 0.179718 0.104058 8568 
1174491026 10621 30752 5.790792 72 2639 1598 75.596460 0.180332 0.104061 8633 
1174577426 10646 30903 5.805561 72 2643 1594 76.021041 0.179636 0.104011 8692 
1174663826 10668 31042 5.819648 72 2650 1587 76.475628 0.178334 0.103565 8739 
1174750226 10689 31142 5.826925 72 2649 1596 76.708018 0.178046 0.104075 8780 
1174836626 10701 31218 5.834595 72 2647 1601 76.938604 0.178467 0.104285 8812 
1174923026 10734 31336 5.838644 73 2664 1606 77.234395 0.177920 0.104430 8856 
1175009426 10766 31474 5.846926 75 2681 1601 77.538176 0.177199 0.104050 8907 
1175095826 10790 31615 5.860056 75 2683 1604 77.945690 0.177205 0.104333 8970 
1175182226 10819 31758 5.870783 75 2688 1608 78.330714 0.177251 0.104540 9023 
1175268626 10847 31866 5.875542 76 2703 1608 78.573430 0.176572 0.104416 9057 
1175355026 10867 31972 5.884237 76 2708 1603 78.853409 0.176387 0.104219 9090 
1175441426 10875 32040 5.892414 76 2708 1603 79.098299 0.176150 0.104227 9121 
1175527826 10893 32151 5.903057 76 2705 1612 79.425686 0.175737 0.104290 9157 
1175614226 10911 32279 5.916781 76 2700 1620 79.830813 0.175117 0.104647 9207 
1175700626 10933 32409 5.928656 76 2700 1627 80.269459 0.175390 0.104749 9249 
1175787026 10952 32529 5.940285 76 2705 1627 80.680058 0.175101 0.104797 9303 
1175873426 10982 32628 5.942087 77 2719 1632 80.817884 0.174733 0.104842 9337 
1175959826 11001 32724 5.949277 77 2725 1636 81.072812 0.174836 0.104521 9370 
1176046226 11025 32821 5.953923 77 2736 1633 81.278186 0.174289 0.104364 9400 
1176132626 11041 32925 5.964134 77 2731 1644 81.552758 0.174413 0.104657 9437 
1176219026 11077 33099 5.976167 77 2736 1656 81.990431 0.173420 0.104399 9491 
1176305426 11109 33303 5.995679 79 2740 1661 82.608696 0.172716 0.104601 9557 
1176391826 11129 33419 6.005751 79 2741 1668 82.929284 0.173402 0.104850 9607 
1176478226 11153 33541 6.014705 79 2747 1664 83.245943 0.173716 0.104633 9651 
1176564626 11167 33640 6.024895 79 2749 1666 83.557983 0.174614 0.104680 9689 
1176651026 11185 33729 6.031113 79 2754 1668 83.736254 0.175038 0.105151 9734 
1176737426 11201 33845 6.043210 80 2751 1675 84.092135 0.174718 0.105850 9777 
1176823826 11227 34024 6.061103 80 2747 1683 84.638105 0.174468 0.106322 9853 
1176910226 11260 34209 6.076199 80 2755 1687 85.184547 0.174156 0.105848 9922 
1176996626 11285 34355 6.088613 81 2758 1690 85.614710 0.174202 0.105647 9975 
1177083026 11321 34518 6.098048 81 2766 1702 86.012543 0.174522 0.105665 10041 
1177169426 11346 34614 6.101534 81 2777 1701 86.193020 0.174328 0.105608 10070 
1177255826 11361 34695 6.107737 81 2773 1702 86.369510 0.174182 0.105638 10097 
1177342226 11378 34816 6.119880 81 2777 1699 86.747056 0.173734 0.105408 10150 
1177428626 11401 34973 6.135076 81 2779 1700 87.255153 0.173582 0.105855 10216 
1177515026 11428 35123 6.146832 81 2782 1705 87.666258 0.173973 0.105662 10267 
1177601426 11457 35284 6.159379 81 2782 1711 88.106485 0.173750 0.105896 10335 
1177687826 11495 35431 6.164593 81 2795 1712 88.410439 0.174011 0.105675 10390 
1177774226 11517 35537 6.171225 81 2806 1714 88.688547 0.173908 0.104991 10420 
1177860626 11532 35629 6.179154 81 2806 1720 88.930108 0.173182 0.105363 10458 
1177947026 11559 35770 6.189117 81 2808 1727 89.319318 0.172418 0.106159 10511 
1178033426 11596 35936 6.197999 81 2829 1725 89.690755 0.172206 0.106055 10585 
1178119826 11623 36074 6.207348 81 2833 1726 90.060570 0.172422 0.106445 10649 
1178206226 11642 36228 6.223673 82 2828 1730 90.577392 0.172239 0.106575 10710 
1178292626 11665 36357 6.233519 82 2819 1746 90.917274 0.171798 0.106878 10761 
1178379026 11685 36494 6.246299 82 2821 1744 91.317587 0.171885 0.107358 10815 
1178465426 11709 36590 6.249893 82 2821 1755 91.476471 0.172158 0.107547 10842 
1178551826 11728 36727 6.263131 82 2819 1763 91.930082 0.171532 0.107569 10898 
1178638226 11750 36913 6.283064 83 2813 1765 92.572766 0.171773 0.108166 10990 
1178724626 11782 37043 6.288067 83 2825 1780 92.872517 0.172171 0.108265 11055 
1178811026 11805 37185 6.299873 83 2833 1772 93.324862 0.171724 0.108117 11121 
1178897426 11835 37331 6.308576 84 2846 1769 93.749556 0.170857 0.107802 11174 
1178983826 11854 37413 6.312300 84 2848 1776 93.965075 0.170842 0.108247 11208 
1179070226 11875 37518 6.318821 84 2854 1781 94.230400 0.170561 0.108314 11252 
1179156626 11901 37666 6.329888 84 2857 1786 94.631207 0.170976 0.108474 11320 
1179243026 11930 37831 6.342163 85 2870 1781 95.065046 0.170952 0.108643 11392 
1179329426 11959 37968 6.349695 85 2883 1779 95.419182 0.170665 0.108784 11447 
1179415826 11986 38104 6.358084 85 2889 1788 95.777407 0.170044 0.108741 11508 
1179502226 12016 38262 6.368509 85 2896 1790 96.187084 0.170512 0.108939 11582 
1179588626 12030 38382 6.381047 85 2887 1793 96.586367 0.170279 0.109267 11630 
1179675026 12044 38464 6.387247 85 2890 1787 96.806045 0.170024 0.109336 11658 
1179761426 12062 38591 6.398773 85 2887 1792 97.184712 0.169979 0.109264 11710 
1179847826 12083 38723 6.409501 85 2896 1781 97.608375 0.169767 0.109768 11760 
1179934226 12104 38863 6.421514 85 2904 1772 98.017680 0.169611 0.109247 11816 
1180020626 12147 39071 6.433029 85 2912 1772 98.463654 0.170360 0.109049 11899 
1180107026 12173 39229 6.445248 86 2919 1776 98.995153 0.170849 0.109235 11981 
1180193426 12191 39339 6.453777 86 2925 1774 99.287835 0.171184 0.108885 12026 
1180279826 12207 39432 6.460555 86 2934 1765 99.570902 0.171058 0.109035 12069 
1180366226 12238 39562 6.465436 86 2950 1768 99.828567 0.171241 0.108718 12117 
1180452626 12259 39709 6.478342 86 2954 1771 100.344726 0.170682 0.108572 12188 
1180539026 12288 39889 6.492350 86 2946 1790 100.879395 0.170689 0.108988 12265 
1180625426 12309 40065 6.509871 86 2946 1791 101.537737 0.169529 0.108884 12341 
1180711826 12337 40213 6.519089 86 2953 1801 101.933695 0.169128 0.108653 12389 
1180798226 12353 40334 6.530236 86 2943 1813 102.342103 0.168532 0.108895 12438 
1180884626 12372 40421 6.534271 86 2953 1810 102.551083 0.168560 0.108635 12463 
1180971026 12392 40526 6.540671 86 2962 1806 102.827954 0.168429 0.108495 12509 
1181057426 12433 40669 6.542106 86 2987 1804 103.103676 0.168805 0.108371 12574 
1181143826 12462 40797 6.547424 87 3007 1798 103.426737 0.169164 0.108207 12620 
1181230226 12497 40938 6.551652 87 3013 1813 103.614948 0.169537 0.108183 12661 
1181316626 12524 41082 6.560524 87 3021 1811 103.989780 0.169921 0.108159 12735 
1181403026 12550 41174 6.561594 87 3037 1813 104.134024 0.169425 0.107968 12769 
1181489426 12576 41283 6.565363 87 3049 1817 104.378340 0.169082 0.107913 12807 
1181575826 12596 41414 6.575738 87 3051 1821 104.772309 0.168768 0.107894 12858 
1181662226 12633 41593 6.584818 87 3058 1827 105.167577 0.169254 0.108008 12938 
1181748626 12668 41751 6.591569 87 3070 1831 105.527155 0.169412 0.108259 13002 
1181835026 12706 41925 6.599244 87 3086 1827 105.870612 0.169988 0.108593 13084 
1181921426 12732 42090 6.611687 87 3091 1834 106.440936 0.169350 0.108978 13156 
1182007826 12749 42213 6.622166 88 3091 1838 106.857479 0.169272 0.108688 13200 
1182094226 12777 42342 6.627847 88 3098 1844 107.141426 0.169248 0.108552 13238 
1182180626 12799 42489 6.639425 89 3100 1845 107.664505 0.168304 0.109119 13311 
1182267026 12824 42639 6.649875 89 3102 1847 108.079538 0.168155 0.108997 13366 
1182353426 12851 42791 6.659560 89 3108 1847 108.487277 0.168824 0.108780 13419 
1182439826 12877 42927 6.667236 89 3113 1849 108.904403 0.169240 0.108582 13484 
1182526226 12919 43108 6.673582 89 3122 1861 109.260159 0.168439 0.108929 13569 
1182612626 12937 43253 6.686713 89 3120 1870 109.739352 0.168300 0.108815 13633 
1182699026 12961 43364 6.691459 89 3124 1874 109.947998 0.167879 0.108767 13677 
1182785426 12999 43514 6.694977 89 3138 1879 110.207708 0.168257 0.108844 13741 
1182871826 13040 43689 6.700767 89 3165 1868 110.626380 0.168430 0.108414 13809 
1182958226 13069 43833 6.707935 89 3174 1865 110.948045 0.168555 0.108137 13865 
1183044626 13106 43981 6.711582 90 3196 1862 111.255150 0.168369 0.108157 13929 
1183131026 13133 44113 6.717886 90 3202 1870 111.604203 0.168180 0.108284 13990 
1183217426 13159 44248 6.725131 91 3219 1864 112.000608 0.167701 0.108144 14044 
1183303826 13173 44345 6.732711 91 3218 1867 112.303196 0.167251 0.107917 14080 
1183390226 13209 44494 6.736922 91 3230 1879 112.575214 0.167050 0.108026 14137 
1183476626 13240 44688 6.750453 92 3237 1882 113.178852 0.166354 0.108024 14212 
1183563026 13278 44832 6.752824 93 3256 1881 113.444495 0.166220 0.107693 14261 
1183649426 13306 44953 6.756801 93 3272 1884 113.704194 0.166372 0.107753 14319 
1183735826 13335 45142 6.770454 94 3273 1890 114.313161 0.165877 0.108043 14397 
1183822226 13352 45270 6.781007 94 3270 1890 114.700419 0.166071 0.107858 14448 
1183908626 13379 45409 6.788101 95 3272 1900 115.053890 0.165587 0.107873 14508 
1183995026 13414 45560 6.792903 95 3281 1911 115.333830 0.165723 0.107507 14564 
1184081426 13456 45733 6.797414 95 3293 1923 115.698573 0.165346 0.107461 14644 
1184167826 13484 45898 6.807772 95 3299 1927 116.144023 0.166039 0.107563 14712 
1184254226 13512 46059 6.817496 95 3298 1941 116.588514 0.165663 0.107870 14764 
1184340626 13536 46224 6.829787 96 3294 1957 117.082447 0.165422 0.108205 14831 
1184427026 13560 46374 6.839823 97 3304 1952 117.556490 0.164960 0.108186 14901 
1184513426 13575 46477 6.847440 97 3309 1951 117.882726 0.164695 0.108076 14942 
1184599826 13603 46673 6.862163 97 3315 1948 118.439315 0.165056 0.108098 15017 
1184686226 13644 46866 6.869833 98 3318 1965 118.838757 0.165553 0.108657 15098 
1184772626 13682 47029 6.874580 98 3335 1969 119.155094 0.165734 0.108603 15163 
1184859026 13721 47216 6.882297 98 3344 1978 119.598717 0.166004 0.108673 15234 
1184945426 13755 47394 6.891167 99 3354 1985 120.124609 0.165628 0.109070 15320 
1185031826 13789 47537 6.894916 100 3370 1989 120.417434 0.165636 0.108679 15376 
1185118226 13818 47654 6.897380 100 3379 1994 120.596034 0.165613 0.108609 15415 
1185204626 13845 47778 6.901842 100 3390 1986 120.856194 0.165517 0.108318 15462 
1185291026 13874 47922 6.908174 100 3401 1985 121.151218 0.165491 0.108213 15528 
1185377426 13907 48081 6.914647 102 3411 1991 121.515927 0.165486 0.108160 15591 
1185463826 13939 48245 6.922304 102 3412 2008 121.958390 0.165366 0.108310 15663 
1185550226 13973 48390 6.926215 103 3424 2014 122.245617 0.165356 0.108486 15732 
1185636626 13998 48535 6.934562 104 3427 2018 122.692099 0.165189 0.108548 15803 
1185723026 14022 48637 6.937241 104 3434 2022 122.887748 0.165223 0.108684 15851 
1185809426 14057 48797 6.942733 104 3446 2019 123.185744 0.165368 0.108625 15908 
1185895826 14091 48975 6.951245 104 3452 2023 123.587680 0.165578 0.108285 15968 
1185982226 14119 49142 6.961116 104 3455 2038 124.155677 0.165557 0.108643 16050 
1186068626 14156 49324 6.968635 105 3466 2045 124.572619 0.165748 0.108410 16135 
1186155026 14198 49500 6.972813 105 3483 2052 124.877870 0.166260 0.108410 16208 
1186241426 14223 49623 6.977853 105 3496 2048 125.137032 0.166268 0.108236 16254 
1186327826 14241 49755 6.987571 105 3497 2047 125.549751 0.166606 0.108076 16322 
1186414226 14281 49933 6.992928 105 3510 2058 125.908550 0.166737 0.107753 16385 
1186500626 14318 50145 7.004470 106 3528 2049 126.435256 0.167073 0.107351 16468 
1186587026 14351 50361 7.018466 106 3525 2052 126.994913 0.166766 0.107106 16558 
1186673426 14387 50583 7.031765 106 3534 2053 127.621603 0.166512 0.107249 16661 
1186759826 14417 50743 7.039329 106 3535 2066 128.063814 0.167390 0.106952 16726 
1186846226 14447 50869 7.042154 106 3542 2074 128.291133 0.167595 0.106792 16776 
1186932626 14467 50986 7.048593 106 3549 2071 128.579111 0.167457 0.106690 16826 
1187019026 14485 51118 7.058060 106 3554 2074 128.974802 0.167249 0.106743 16882 
1187105426 14518 51274 7.063507 106 3551 2099 129.252376 0.167537 0.107385 16943 
1187191826 14547 51447 7.073211 106 3548 2116 129.685158 0.167248 0.107298 17014 
1187278226 14584 51609 7.077482 106 3561 2125 129.992869 0.167384 0.106885 17065 
1187364626 14611 51770 7.086442 107 3574 2115 130.446924 0.167034 0.106798 17134 
1187451026 14630 51916 7.097198 107 3575 2113 130.890636 0.166877 0.106747 17199 
1187537426 14654 52067 7.106183 108 3581 2121 131.359902 0.167412 0.106634 17266 
1187623826 14678 52217 7.115002 108 3590 2119 131.786483 0.167423 0.106735 17335 
1187710226 14708 52399 7.125238 108 3597 2126 132.297797 0.167165 0.106992 17419 
1187796626 14747 52547 7.126466 108 3613 2134 132.466942 0.167299 0.106805 17471 
1187883026 14779 52704 7.132282 108 3612 2149 132.780432 0.166761 0.106567 17522 
1187969426 14823 52875 7.134183 108 3633 2156 133.051744 0.166679 0.106232 17582 
1188055826 14845 53013 7.142203 108 3641 2153 133.478208 0.166070 0.106301 17650 
1188142226 14864 53140 7.150161 109 3641 2161 133.859661 0.165808 0.106458 17714 
1188228626 14892 53329 7.162100 109 3640 2165 134.374966 0.165563 0.107125 17799 
1188315026 14928 53507 7.168676 109 3642 2180 134.742095 0.165220 0.107373 17881 
1188401426 14959 53692 7.178555 109 3654 2178 135.238585 0.165028 0.107029 17951 
1188487826 14984 53863 7.189402 109 3643 2202 135.744394 0.165137 0.107549 18024 
1188574226 15012 54025 7.197575 110 3652 2205 136.267786 0.164643 0.107818 18097 
1188660626 15036 54149 7.202580 111 3665 2204 136.600426 0.164579 0.107813 18164 
1188747026 15055 54253 7.207307 111 3669 2201 136.840518 0.164606 0.107686 18213 
1188833426 15086 54392 7.210924 111 3683 2204 137.161739 0.164572 0.107539 18265 
1188919826 15110 54528 7.217472 111 3682 2216 137.505493 0.164164 0.107469 18317 
1189006226 15141 54711 7.226867 112 3687 2224 137.981111 0.164008 0.107656 18408 
1189092626 15179 54930 7.237631 112 3695 2227 138.592793 0.163492 0.107277 18505 
1189179026 15211 55085 7.242785 112 3710 2227 138.926435 0.163170 0.107038 18550 
1189265426 15243 55213 7.244374 112 3722 2235 139.133766 0.163359 0.107073 18609 
1189351826 15264 55345 7.251703 112 3721 2235 139.504979 0.163385 0.107455 18667 
1189438226 15319 55541 7.251257 112 3747 2237 139.715778 0.163634 0.107509 18760 
1189524626 15345 55704 7.260215 112 3752 2241 140.109743 0.163697 0.107193 18837 
1189611026 15384 55873 7.263781 113 3765 2248 140.426157 0.163290 0.107361 18905 
1189697426 15423 56027 7.265383 113 3787 2248 140.730467 0.163508 0.107126 18974 
1189783826 15449 56169 7.271539 113 3796 2254 141.080070 0.163415 0.107060 19031 
1189870226 15479 56316 7.276439 114 3810 2245 141.457458 0.162916 0.107014 19105 
1189956626 15507 56451 7.280712 114 3823 2243 141.774295 0.162951 0.107014 19165 
1190043026 15544 56616 7.284611 114 3839 2236 142.119532 0.162971 0.106875 19230 
1190129426 15586 56808 7.289619 114 3854 2244 142.529578 0.163254 0.106809 19324 
1190215826 15623 57001 7.297062 114 3866 2250 142.947705 0.163415 0.106834 19410 
1190302226 15679 57222 7.299190 116 3888 2254 143.345239 0.162794 0.106674 19497 
1190388626 15725 57433 7.304674 116 3911 2254 143.769793 0.162810 0.106533 19580 
1190475026 15752 57578 7.310564 117 3919 2255 144.152235 0.162614 0.106567 19648 
1190561426 15788 57698 7.309096 117 3937 2259 144.269572 0.162631 0.106744 19696 
1190647826 15832 57852 7.308236 117 3951 2273 144.452249 0.162874 0.106670 19742 
1190734226 15880 58033 7.308942 118 3973 2278 144.719521 0.162931 0.106894 19817 
1190820626 15928 58212 7.309392 118 3993 2287 144.968483 0.162906 0.106661 19884 
1190907026 15971 58423 7.316135 118 4012 2288 145.440110 0.162726 0.106335 19978 
1190993426 16017 58621 7.319848 119 4027 2302 145.818693 0.162426 0.106221 20055 
1191079826 16053 58741 7.318383 119 4038 2311 145.943437 0.162472 0.106204 20104 
1191166226 16090 58864 7.316843 119 4053 2322 146.058297 0.162377 0.106192 20147 
1191252626 16145 59035 7.313100 119 4076 2334 146.208857 0.161746 0.105870 20214 
1191339026 16195 59260 7.318308 119 4084 2354 146.629701 0.161714 0.106131 20313 
1191425426 16234 59430 7.321671 119 4086 2373 146.954047 0.161704 0.106251 20375 
1191511826 16287 59631 7.322527 119 4112 2376 147.283969 0.161516 0.106096 20453 
1191598226 16329 59813 7.325984 119 4128 2377 147.567763 0.162019 0.106077 20519 
1191684626 16371 59960 7.325148 119 4152 2383 147.736974 0.162101 0.105835 20573 
1191771026 16400 60063 7.324756 120 4159 2395 147.820244 0.162434 0.105886 20617 
1191857426 16433 60248 7.332563 120 4170 2398 148.311081 0.161860 0.105698 20692 
1191943826 16484 60429 7.331837 121 4187 2413 148.536399 0.161760 0.105794 20770 
1192030226 16522 60590 7.334463 121 4204 2412 148.864665 0.161489 0.105658 20837 
1192116626 16568 60773 7.336190 121 4222 2420 149.117455 0.161949 0.105246 20916 
1192203026 16610 60946 7.338471 121 4233 2429 149.355930 0.162002 0.105153 20979 
1192289426 16646 61061 7.336417 121 4246 2440 149.418839 0.161744 0.105216 21014 
1192375826 16671 61172 7.338732 121 4259 2444 149.644892 0.162005 0.105406 21066 
1192462226 16700 61316 7.343234 121 4270 2450 150.008024 0.161975 0.105588 21129 
1192548626 16741 61527 7.350457 121 4279 2462 150.473448 0.161398 0.105649 21204 
1192635026 16783 61719 7.354943 123 4298 2469 150.930465 0.161343 0.105724 21300 
1192721426 16826 61905 7.358255 123 4315 2476 151.276833 0.161267 0.105513 21384 
1192807826 16880 62088 7.356398 123 4336 2488 151.468602 0.161722 0.105694 21464 
1192894226 16903 62201 7.359759 123 4343 2495 151.727977 0.161574 0.106203 21523 
1192980626 16922 62280 7.360832 123 4350 2494 151.866919 0.161158 0.106467 21557 
1193067026 16947 62408 7.365079 124 4348 2512 152.110344 0.160750 0.106597 21604 
1193153426 16978 62596 7.373778 124 4359 2513 152.593238 0.161137 0.106553 21696 
1193239826 17025 62797 7.377034 124 4385 2512 153.019325 0.160812 0.106386 21787 
1193326226 17062 62967 7.380964 124 4390 2531 153.279803 0.161111 0.107052 21866 
1193412626 17108 63144 7.381810 124 4407 2537 153.500234 0.161281 0.106947 21935 
1193499026 17125 63250 7.386861 125 4412 2539 153.841869 0.160931 0.106699 21984 
1193585426 17147 63330 7.386715 125 4424 2538 153.923602 0.160935 0.106912 22019 
1193671826 17173 63429 7.387061 125 4432 2544 154.103302 0.161235 0.106951 22067 
1193758226 17209 63607 7.392295 125 4437 2554 154.432099 0.161278 0.106914 22140 
1193844626 17245 63770 7.395767 126 4456 2545 154.676834 0.161002 0.106950 22215 
1193931026 17278 63896 7.396226 126 4469 2548 154.840607 0.160756 0.107033 22267 
1194017426 17313 64077 7.402183 128 4479 2546 155.279732 0.160194 0.106878 22343 
1194103826 17342 64196 7.403529 128 4483 2559 155.467420 0.160193 0.106953 22386 
1194190226 17364 64313 7.407625 128 4488 2568 155.734163 0.159987 0.107073 22438 
1194276626 17394 64451 7.410716 128 4492 2584 155.951363 0.159864 0.107057 22490 
1194363026 17439 64623 7.411319 129 4511 2590 156.218820 0.159314 0.107113 22572 
1194449426 17477 64791 7.414430 131 4537 2577 156.564170 0.159040 0.106805 22642 
1194535826 17510 64986 7.422730 131 4542 2585 157.112964 0.159067 0.107140 22737 
1194622226 17546 65153 7.426536 132 4546 2602 157.475094 0.158871 0.107143 22814 
1194708626 17580 65296 7.428441 132 4546 2624 157.680319 0.159338 0.107377 22877 
1194795026 17604 65402 7.430357 132 4552 2627 157.918768 0.159211 0.107570 22932 
1194881426 17639 65544 7.431714 132 4565 2635 158.150462 0.159482 0.107316 22993 
1194967826 17682 65749 7.436828 132 4578 2640 158.563850 0.158997 0.107472 23077 
1195054226 17728 65935 7.438515 132 4603 2635 158.869359 0.159104 0.107103 23148 
1195140626 17764 66095 7.441455 133 4609 2652 159.144337 0.158941 0.107074 23219 
1195227026 17800 66261 7.445056 133 4621 2661 159.502247 0.159046 0.106724 23302 
1195313426 17832 66377 7.444706 133 4633 2670 159.612831 0.159100 0.106638 23341 
1195399826 17851 66493 7.449779 133 4637 2673 159.937819 0.159292 0.106568 23393 
1195486226 17882 66631 7.452298 133 4646 2683 160.201543 0.159283 0.106436 23445 
1195572626 17918 66823 7.458757 133 4655 2689 160.643933 0.159561 0.106405 23544 
1195659026 17951 66969 7.461311 133 4668 2689 160.888307 0.159685 0.106650 23599 
1195745426 17968 67072 7.465717 133 4672 2689 161.202026 0.159849 0.106730 23647 
1195831826 17992 67176 7.467319 133 4676 2699 161.399511 0.159746 0.106872 23690 
1195918226 18013 67261 7.468051 133 4682 2710 161.494032 0.159941 0.106949 23725 
1196004626 18031 67373 7.473019 133 4688 2711 161.843935 0.159995 0.107231 23787 
1196091026 18058 67523 7.478458 133 4692 2717 162.240447 0.160208 0.107382 23857 
1196177426 18096 67710 7.483422 133 4702 2727 162.641026 0.160355 0.107691 23954 
1196263826 18137 67883 7.485582 133 4719 2731 162.905001 0.160916 0.107537 24030 
1196350226 18169 68041 7.489790 133 4734 2734 163.260939 0.161024 0.107815 24115 
1196436626 18200 68199 7.494396 134 4736 2744 163.593846 0.161117 0.108119 24184 
1196523026 18226 68308 7.495666 134 4747 2749 163.759684 0.161039 0.108230 24231 
1196609426 18245 68415 7.499589 134 4754 2753 164.048452 0.161075 0.108091 24268 
1196695826 18277 68541 7.500246 134 4767 2756 164.253980 0.160947 0.107855 24303 
1196782226 18298 68716 7.510766 134 4767 2758 164.807411 0.160877 0.107897 24391 
1196868626 18324 68885 7.518555 134 4773 2758 165.237066 0.160639 0.107753 24459 
1196955026 18354 69020 7.520976 134 4780 2764 165.445244 0.160615 0.107940 24511 
1197041426 18390 69188 7.524524 135 4795 2774 165.798586 0.160778 0.108036 24584 
1197127826 18416 69322 7.528454 135 4798 2777 166.035295 0.160541 0.108448 24641 
1197214226 18439 69436 7.531428 136 4803 2776 166.215630 0.160426 0.108702 24694 
1197300626 18466 69548 7.532546 136 4813 2776 166.399870 0.160527 0.108427 24740 
1197387026 18505 69702 7.533315 136 4828 2777 166.626966 0.160659 0.108330 24789 
1197473426 18536 69863 7.538088 137 4826 2784 166.933535 0.160741 0.108615 24859 
1197559826 18569 70011 7.540632 137 4845 2778 167.182401 0.160465 0.108545 24915 
1197646226 18605 70138 7.539694 138 4867 2774 167.341467 0.160191 0.108336 24962 
1197732626 18628 70249 7.542302 138 4874 2777 167.571183 0.160038 0.108037 24999 
1197819026 18645 70335 7.544650 138 4882 2772 167.770341 0.159861 0.107932 25048 
1197905426 18676 70463 7.545834 139 4898 2768 168.019812 0.159622 0.108100 25099 
1197991826 18697 70563 7.548056 139 4898 2776 168.205701 0.159471 0.108186 25140 
1198078226 18741 70710 7.546022 139 4918 2788 168.383437 0.159208 0.107934 25199 
1198164626 18786 70844 7.542212 139 4947 2789 168.429362 0.159330 0.108053 25253 
1198251026 18812 70967 7.544865 139 4954 2794 168.677334 0.158925 0.107929 25298 
1198337426 18844 71088 7.544895 139 4973 2794 168.873594 0.159052 0.107662 25351 
1198423826 18855 71173 7.549509 139 4970 2802 169.104322 0.158880 0.107740 25386 
1198510226 18878 71257 7.549211 140 4978 2807 169.212205 0.159014 0.107695 25425 
1198596626 18892 71354 7.553885 140 4982 2801 169.480309 0.159016 0.107615 25474 
1198683026 18900 71418 7.557460 140 4984 2803 169.678307 0.159040 0.107621 25507 
1198769426 18922 71510 7.558398 140 4994 2806 169.838072 0.159063 0.107935 25554 
1198855826 18942 71631 7.563193 140 4999 2805 170.152043 0.158798 0.107794 25607 
1198942226 18961 71762 7.569432 142 5003 2803 170.548705 0.158153 0.107709 25673 
1199028626 18988 71864 7.569412 142 5023 2799 170.712661 0.158224 0.107510 25721 
1199115026 19015 71997 7.572653 142 5031 2800 171.023087 0.158230 0.107318 25778 
1199201426 19034 72094 7.575286 143 5040 2799 171.260586 0.157743 0.107252 25826 
1199287826 19060 72221 7.578279 143 5048 2803 171.513012 0.157913 0.106980 25885 
1199374226 19094 72337 7.576935 143 5068 2811 171.659265 0.157962 0.106895 25940 
1199460626 19120 72455 7.578975 143 5073 2822 171.903452 0.157725 0.107004 26000 
1199547026 19142 72544 7.579563 143 5080 2828 172.028315 0.157833 0.106865 26028 
1199633426 19170 72648 7.579343 144 5096 2834 172.169953 0.157659 0.106720 26069 
1199719826 19197 72741 7.578372 144 5106 2838 172.253998 0.157580 0.107002 26107 
1199806226 19221 72852 7.580459 145 5115 2848 172.526091 0.157417 0.106816 26146 
1199892626 19238 72954 7.584364 146 5114 2858 172.838341 0.157439 0.106912 26208 
1199979026 19265 73077 7.586504 147 5125 2861 173.139372 0.157063 0.106884 26266 
1200065426 19298 73195 7.585760 148 5148 2863 173.333921 0.157034 0.106653 26321 
1200151826 19329 73309 7.585390 149 5162 2866 173.462673 0.156778 0.106744 26367 
1200238226 19350 73405 7.587080 150 5165 2877 173.631008 0.156741 0.106813 26411 
1200324626 19381 73511 7.585883 150 5185 2883 173.789794 0.156889 0.106751 26466 
1200411026 19405 73650 7.590827 150 5193 2884 174.172121 0.156945 0.106773 26539 
1200497426 19449 73791 7.588154 151 5213 2891 174.306648 0.156531 0.106653 26593 
1200583826 19480 73929 7.590246 151 5220 2900 174.562628 0.156190 0.106825 26656 
1200670226 19511 74070 7.592640 151 5236 2896 174.816770 0.156010 0.106853 26720 
1200756626 19535 74164 7.592936 151 5244 2903 174.952342 0.156241 0.106916 26764 
1200843026 19551 74259 7.596440 151 5248 2905 175.177126 0.156343 0.106881 26810 
1200929426 19573 74379 7.600163 151 5252 2913 175.451898 0.156570 0.106890 26873 
1201015826 19602 74494 7.600653 151 5264 2915 175.636262 0.156371 0.106906 26922 
1201102226 19649 74650 7.598351 151 5294 2911 175.745738 0.156645 0.106661 26985 
1201188626 19682 74791 7.599939 151 5308 2914 175.998374 0.156738 0.106690 27058 
1201275026 19722 74944 7.600041 152 5336 2903 176.204442 0.156952 0.106767 27137 
1201361426 19769 75131 7.600890 152 5356 2911 176.500683 0.157046 0.106554 27229 
1201447826 19806 75306 7.604362 154 5378 2907 176.823993 0.156763 0.106676 27325 
1201534226 19837 75459 7.607904 154 5389 2909 177.125069 0.156838 0.106785 27387 
1201620626 19875 75660 7.613585 154 5396 2916 177.595874 0.156810 0.106862 27498 
1201707026 19919 75819 7.612732 154 5416 2926 177.778905 0.156893 0.106776 27568 
1201793426 19959 75959 7.611504 154 5438 2934 177.942983 0.157069 0.106792 27630 
1201879826 19995 76102 7.612103 154 5463 2930 178.129732 0.157134 0.106656 27689 
1201966226 20017 76201 7.613628 154 5475 2926 178.302243 0.156752 0.106547 27727 
1202052626 20029 76273 7.616256 154 5476 2933 178.442259 0.156894 0.106543 27763 
1202139026 20055 76351 7.614161 155 5490 2941 178.489055 0.156922 0.106697 27801 
1202225426 20077 76454 7.616078 155 5496 2944 178.727400 0.157190 0.106658 27853 
1202311826 20096 76531 7.616541 155 5507 2943 178.833798 0.157129 0.106464 27890 
1202398226 20137 76681 7.615931 155 5523 2951 179.016139 0.156993 0.106451 27957 
1202484626 20181 76833 7.614390 155 5544 2951 179.153659 0.156948 0.106472 28022 
1202571026 20213 77026 7.621432 155 5557 2948 179.614604 0.156966 0.106632 28116 
1202657426 20238 77125 7.621801 155 5566 2949 179.752644 0.157075 0.106555 28160 
1202743826 20272 77277 7.624013 155 5578 2957 180.030485 0.156899 0.106675 28220 
1202830226 20303 77457 7.630104 155 5596 2942 180.429690 0.156994 0.106286 28311 
1202916626 20344 77659 7.634585 155 5602 2965 180.814786 0.157181 0.106809 28400 
1203003026 20383 77833 7.637050 155 5615 2968 181.126723 0.157477 0.106949 28478 
1203089426 20417 77998 7.640496 156 5627 2972 181.514032 0.157399 0.106775 28557 
1203175826 20449 78107 7.639200 156 5646 2979 181.622769 0.157300 0.106683 28599 
1203262226 20470 78214 7.641817 156 5643 2995 181.813679 0.157274 0.106791 28638 
1203348626 20498 78366 7.646209 156 5655 2998 182.220607 0.156995 0.106776 28707 
1203435026 20534 78546 7.650336 156 5666 3007 182.604169 0.157012 0.107009 28794 
1203521426 20569 78721 7.654334 156 5683 3008 182.957266 0.156887 0.106820 28873 
1203607826 20599 78866 7.657265 158 5703 3005 183.346182 0.156807 0.106676 28946 
1203694226 20629 79000 7.659121 159 5707 3017 183.596878 0.156873 0.106509 29008 
1203780626 20660 79129 7.660116 159 5720 3014 183.769700 0.156856 0.106623 29062 
1203867026 20676 79216 7.662604 159 5715 3025 183.962855 0.156871 0.106733 29097 
1203953426 20717 79352 7.660569 159 5743 3032 184.095477 0.156867 0.106544 29159 
1204039826 20756 79522 7.662555 159 5759 3046 184.422625 0.157049 0.106526 29237 
1204126226 20798 79712 7.665352 159 5775 3050 184.736417 0.157053 0.106617 29329 
1204212626 20840 79883 7.666315 159 5790 3062 184.957774 0.157409 0.106830 29413 
1204299026 20891 80046 7.663204 159 5817 3067 185.108133 0.157203 0.106856 29486 
1204385426 20918 80170 7.665169 159 5826 3075 185.359212 0.157419 0.106967 29545 
1204471826 20945 80323 7.669897 160 5836 3077 185.738076 0.157297 0.106958 29611 
1204558226 20969 80442 7.672469 160 5842 3084 185.998188 0.157282 0.106916 29670 
1204644626 21024 80674 7.674467 161 5860 3102 186.361111 0.157459 0.106878 29768 
1204731026 21071 80867 7.675668 161 5875 3106 186.585734 0.157626 0.106928 29855 
1204817426 21112 81061 7.679140 162 5895 3111 187.040167 0.157402 0.106854 29951 
1204903826 21156 81212 7.677444 162 5919 3113 187.127151 0.157771 0.106552 30013 
1204990226 21191 81364 7.679109 162 5937 3114 187.411448 0.158013 0.106559 30105 
1205076626 21231 81491 7.676605 162 5965 3109 187.529367 0.158047 0.106420 30156 
1205163026 21267 81639 7.677529 162 5979 3118 187.772135 0.158192 0.106326 30220 
1205249426 21318 81818 7.675955 163 6003 3131 187.915752 0.157996 0.106122 30291 
1205335826 21363 82001 7.676918 163 6019 3131 188.143800 0.158151 0.105955 30371 
1205422226 21398 82148 7.678101 163 6039 3134 188.456585 0.158105 0.106216 30450 
1205508626 21428 82293 7.680885 164 6041 3149 188.742953 0.158248 0.106468 30527 
1205595026 21455 82398 7.681007 164 6054 3156 188.880820 0.158174 0.106360 30570 
1205681426 21472 82475 7.682098 164 6060 3158 188.992083 0.158341 0.106364 30616 
1205767826 21505 82610 7.682864 164 6083 3148 189.144385 0.158434 0.106442 30679 
1205854226 21559 82809 7.682082 164 6112 3150 189.413795 0.158108 0.106243 30763 
1205940626 21603 82985 7.682729 164 6135 3150 189.731519 0.158165 0.105988 30849 
1206027026 21628 83118 7.686148 164 6144 3151 189.999723 0.158265 0.105897 30908 
1206113426 21665 83262 7.686314 164 6157 3159 190.201246 0.158442 0.106030 30972 
1206199826 21687 83393 7.690598 165 6170 3158 190.550376 0.158177 0.105845 31036 
1206286226 21715 83515 7.691918 165 6176 3167 190.698964 0.158116 0.105982 31097 
1206372626 21736 83624 7.694516 166 6184 3164 190.951417 0.158109 0.105934 31147 
1206459026 21781 83799 7.694688 166 6207 3168 191.206648 0.158022 0.105835 31221 
1206545426 21818 83971 7.697406 167 6225 3165 191.590338 0.157595 0.105698 31303 
1206631826 21859 84146 7.698980 167 6242 3171 191.915001 0.157592 0.105527 31381 
1206718226 21894 84376 7.707682 167 6251 3169 192.491276 0.157447 0.105773 31507 
1206804626 21934 84529 7.707577 167 6264 3178 192.692715 0.157384 0.105758 31590 
1206891026 21972 84675 7.707537 167 6276 3193 192.909430 0.157265 0.105772 31662 
1206977426 22012 84880 7.712157 168 6289 3197 193.321915 0.157061 0.105790 31757 
1207063826 22051 85073 7.716022 168 6304 3202 193.726180 0.156974 0.105745 31856 
1207150226 22113 85302 7.715100 168 6343 3204 194.064668 0.157273 0.105822 31976 
1207236626 22161 85531 7.719056 168 6360 3216 194.459907 0.157434 0.105666 32079 
1207323026 22205 85727 7.721414 169 6375 3231 194.783878 0.157694 0.105450 32179 
1207409426 22251 85916 7.722439 169 6395 3233 195.064941 0.157572 0.105319 32270 
1207495826 22294 86041 7.718758 169 6423 3235 195.142729 0.157507 0.105356 32331 
1207582226 22330 86238 7.723959 169 6422 3259 195.598298 0.157352 0.105461 32426 
1207668626 22368 86439 7.728809 170 6428 3267 195.969689 0.157022 0.105654 32523 
1207755026 22405 86620 7.732203 171 6444 3269 196.380629 0.156903 0.105493 32606 
1207841426 22450 86823 7.734788 171 6462 3279 196.722851 0.156704 0.105743 32708 
1207927826 22507 87031 7.733683 172 6488 3291 196.911272 0.157095 0.105728 32798 
1208014226 22543 87183 7.734818 172 6500 3294 197.171184 0.157067 0.105874 32870 
1208100626 22560 87278 7.737411 172 6503 3299 197.404876 0.157328 0.105813 32921 
1208187026 22598 87431 7.737941 172 6520 3304 197.631118 0.157487 0.105741 32992 
1208273426 22650 87639 7.738543 172 6549 3303 197.891302 0.157514 0.105717 33089 
1208359826 22682 87846 7.745878 172 6548 3308 198.428445 0.157246 0.105618 33188 
1208446226 22725 88075 7.751375 173 6563 3313 198.914675 0.157426 0.105373 33293 
1208532626 22768 88285 7.755183 173 6586 3315 199.277758 0.157446 0.105093 33383 
1208619026 22813 88463 7.755490 175 6605 3320 199.456889 0.157476 0.104901 33460 
1208705426 22829 88550 7.757677 175 6613 3320 199.631083 0.157557 0.104978 33517 
1208791826 22862 88722 7.761526 175 6627 3323 199.949786 0.157748 0.105098 33612 
1208878226 22905 88924 7.764593 176 6636 3346 200.338005 0.157684 0.105140 33703 
1208964626 22950 89127 7.767059 176 6649 3354 200.661351 0.157713 0.105104 33793 
1209051026 23000 89331 7.767913 176 6670 3361 200.965565 0.157721 0.105253 33888 
1209137426 23040 89509 7.769878 177 6677 3377 201.321007 0.157830 0.105600 33976 
1209223826 23066 89608 7.769704 177 6691 3383 201.397555 0.157974 0.105458 34006 
1209310226 23101 89739 7.769274 177 6707 3388 201.552747 0.157981 0.105407 34066 
1209396626 23144 89891 7.767974 178 6725 3390 201.697805 0.158013 0.105411 34145 
1209483026 23197 90104 7.768591 179 6741 3413 202.047506 0.157794 0.105335 34240 
1209569426 23252 90298 7.766902 180 6765 3419 202.265870 0.157422 0.105440 34315 
1209655826 23301 90511 7.768851 180 6791 3417 202.655079 0.157732 0.105302 34410 
1209742226 23344 90736 7.773818 181 6801 3425 203.105723 0.157820 0.105267 34513 
1209828626 23369 90882 7.777996 182 6802 3431 203.413411 0.157502 0.105473 34573 
1209915026 23393 91029 7.782585 182 6803 3447 203.731116 0.157562 0.105544 34653 
1210001426 23435 91219 7.784852 182 6821 3454 204.113847 0.157620 0.105418 34733 
1210087826 23481 91429 7.787488 183 6841 3466 204.552106 0.157331 0.105522 34843 
1210174226 23533 91625 7.786937 184 6857 3474 204.768283 0.157053 0.105816 34930 
1210260626 23574 91822 7.790108 184 6861 3490 205.098159 0.157010 0.106155 35022 
1210347026 23616 91991 7.790566 184 6869 3498 205.252202 0.156882 0.106364 35103 
1210433426 23652 92133 7.790715 184 6879 3513 205.366565 0.156977 0.106328 35151 
1210519826 23677 92280 7.794906 185 6875 3531 205.656038 0.157181 0.106409 35226 
1210606226 23721 92441 7.794022 185 6889 3541 205.820159 0.157315 0.106232 35286 
1210692626 23761 92616 7.795631 185 6905 3543 206.088801 0.157257 0.106086 35357 
1210779026 23819 92838 7.795289 185 6915 3563 206.282044 0.157596 0.106003 35454 
1210865426 23859 93038 7.798986 186 6911 3579 206.607989 0.157560 0.106295 35557 
1210951826 23899 93226 7.801665 186 6920 3582 206.890665 0.157331 0.106231 35642 
1211038226 23937 93361 7.800560 186 6934 3591 207.001128 0.157346 0.106150 35695 
1211124626 23976 93484 7.798131 186 6954 3597 207.073073 0.157430 0.105897 35735 
1211211026 24006 93658 7.802883 186 6953 3604 207.461468 0.157352 0.106324 35839 
1211297426 24062 93852 7.800848 186 6967 3619 207.550827 0.157653 0.106659 35923 
1211383826 24110 94064 7.802903 186 6972 3642 207.844795 0.157614 0.106966 36025 
1211470226 24152 94249 7.804654 188 6978 3654 208.143342 0.157247 0.106871 36112 
1211556626 24200 94447 7.805537 188 6990 3664 208.410661 0.157021 0.106698 36197 
1211643026 24234 94600 7.807213 188 6990 3678 208.571676 0.157237 0.106819 36261 
1211729426 24257 94726 7.810199 188 6991 3686 208.806283 0.157261 0.106939 36316 
1211815826 24285 94845 7.810994 188 7000 3692 208.988429 0.157161 0.106825 36369 
1211902226 24328 95006 7.810424 188 7017 3704 209.085087 0.157480 0.106640 36428 
1211988626 24375 95202 7.811446 188 7029 3700 209.283610 0.157668 0.106838 36527 
1212075026 24416 95400 7.814548 190 7035 3715 209.568152 0.157587 0.107024 36617 
1212161426 24457 95613 7.818866 190 7029 3736 209.913235 0.157609 0.106776 36717 
1212247826 24510 95782 7.815749 190 7064 3736 210.027907 0.157794 0.106762 36792 
1212334226 24537 95899 7.816685 191 7067 3742 210.166769 0.157730 0.106604 36832 
1212420626 24578 96044 7.815445 191 7077 3750 210.240947 0.157746 0.106671 36894 
1212507026 24625 96243 7.816690 191 7086 3771 210.501766 0.157873 0.106692 36979 
1212593426 24673 96454 7.818587 191 7093 3788 210.824869 0.157742 0.106627 37076 
1212679826 24731 96652 7.816263 191 7101 3821 210.922324 0.157668 0.106791 37148 
1212766226 24788 96851 7.814346 191 7118 3841 211.077699 0.157658 0.106610 37227 
1212852626 24836 97026 7.813335 191 7119 3869 211.214769 0.157632 0.106791 37305 
1212939026 24874 97179 7.813701 191 7129 3884 211.424298 0.157717 0.107086 37379 
1213025426 24931 97338 7.808592 191 7167 3885 211.388873 0.157879 0.106687 37425 
1213111826 24975 97509 7.808529 191 7185 3886 211.569169 0.157685 0.106635 37487 
1213198226 25026 97717 7.809238 191 7192 3902 211.821466 0.157627 0.106575 37563 
1213284626 25079 97924 7.809243 191 7207 3913 212.019379 0.157625 0.106532 37651 
1213371026 25127 98109 7.809050 193 7226 3922 212.242528 0.157376 0.106450 37735 
1213457426 25155 98241 7.810853 193 7229 3936 212.431962 0.157534 0.106744 37797 
1213543826 25185 98368 7.811634 193 7239 3942 212.533175 0.157740 0.106793 37843 
1213630226 25249 98573 7.808072 193 7272 3930 212.611826 0.157667 0.106503 37919 
1213716626 25296 98777 7.809693 193 7283 3932 212.830013 0.157836 0.106391 37999 
1213803026 25336 98993 7.814414 193 7285 3934 213.195690 0.157913 0.106636 38109 
1213889426 25376 99185 7.817229 193 7291 3936 213.467371 0.157904 0.106659 38193 
1213975826 25437 99386 7.814286 193 7327 3937 213.606322 0.158082 0.106426 38279 
1214062226 25482 99542 7.812731 193 7343 3948 213.681265 0.158224 0.106323 38342 
1214148626 25512 99689 7.815067 193 7344 3958 213.869787 0.158226 0.106423 38403 
1214235026 25568 99888 7.813517 193 7353 3982 213.984277 0.158521 0.106227 38489 
1214321426 25635 100138 7.812600 193 7357 4007 214.165477 0.158683 0.106411 38586 
1214407826 25689 100344 7.812215 194 7367 4027 214.339912 0.158582 0.106416 38671 
1214494226 25742 100561 7.812990 194 7380 4040 214.577111 0.158458 0.106302 38760 
1214580626 25822 100802 7.807451 195 7418 4046 214.598637 0.158324 0.105893 38861 
1214667026 25881 100974 7.802944 195 7451 4045 214.629883 0.158407 0.105646 38929 
1214753426 25927 101163 7.803680 195 7457 4059 214.888032 0.158355 0.105795 39012 
1214839826 25978 101367 7.804065 195 7474 4064 215.119794 0.158119 0.105581 39080 
1214926226 26044 101605 7.802565 196 7500 4084 215.308939 0.157939 0.105565 39179 
1215012626 26097 101836 7.804422 196 7508 4101 215.557037 0.158073 0.105451 39273 
1215099026 26153 102090 7.807135 197 7511 4125 215.941804 0.158013 0.105533 39392 
1215185426 26203 102259 7.805137 197 7533 4130 216.080983 0.157844 0.105372 39450 
1215271826 26232 102380 7.805733 197 7537 4139 216.192589 0.158034 0.105536 39501 
1215358226 26266 102520 7.806289 197 7549 4140 216.331303 0.158222 0.105427 39564 
1215444626 26321 102734 7.806238 197 7564 4152 216.499677 0.158145 0.105397 39650 
1215531026 26381 102948 7.804708 198 7593 4150 216.666010 0.158382 0.105128 39725 
1215617426 26464 103211 7.800106 198 7631 4156 216.723473 0.158721 0.105066 39845 
1215703826 26538 103456 7.796820 200 7655 4179 216.832617 0.158600 0.105087 39949 
1215790226 26599 103690 7.796534 202 7682 4182 217.093199 0.158547 0.105172 40060 
1215876626 26633 103857 7.799121 202 7691 4191 217.322420 0.158566 0.105166 40129 
1215963026 26672 104026 7.800390 202 7698 4203 217.529769 0.158464 0.105188 40197 
1216049426 26712 104197 7.801512 204 7709 4216 217.771339 0.158127 0.105194 40268 
1216135826 26787 104494 7.801844 205 7724 4244 218.108859 0.157950 0.105606 40399 
1216222226 26848 104747 7.802965 205 7738 4254 218.418951 0.157839 0.105449 40498 
1216308626 26908 104976 7.802587 205 7749 4266 218.588227 0.158044 0.105374 40601 
1216395026 26980 105213 7.799333 205 7771 4284 218.654781 0.158297 0.105390 40692 
1216481426 27014 105382 7.802029 205 7776 4292 218.945880 0.158132 0.105654 40772 
1216567826 27055 105560 7.803364 205 7777 4309 219.137904 0.158173 0.105770 40842 
1216654226 27123 105775 7.799653 205 7801 4324 219.192051 0.158203 0.105972 40934 
1216740626 27210 106070 7.796398 205 7824 4356 219.403896 0.158170 0.106093 41055 
1216827026 27300 106351 7.791282 206 7857 4374 219.368571 0.158578 0.105942 41166 
1216913426 27391 106625 7.785404 206 7903 4385 219.455442 0.158632 0.106076 41283 
1216999826 27463 106863 7.782325 206 7931 4399 219.651822 0.158686 0.106016 41389 
1217086226 27534 107092 7.778892 208 7967 4402 219.702622 0.158839 0.106081 41485 
1217172626 27590 107290 7.777456 208 7983 4411 219.804132 0.158842 0.106104 41557 
1217259026 27651 107505 7.775849 209 7997 4434 219.915157 0.158928 0.105954 41650 
1217345426 27736 107798 7.773147 210 8027 4455 220.128209 0.159152 0.106344 41785 
1217431826 27814 108098 7.772920 211 8057 4469 220.483857 0.158671 0.106383 41916 
1217518226 27896 108396 7.771437 211 8080 4486 220.705979 0.158717 0.106472 42051 
1217604626 27963 108668 7.772271 212 8093 4504 220.958052 0.158455 0.106369 42166 
1217691026 28041 108921 7.768696 212 8127 4510 221.067366 0.158506 0.106384 42275 
1217777426 28096 109130 7.768366 212 8144 4518 221.328303 0.158520 0.106476 42368 
1217863826 28171 109399 7.766781 213 8171 4532 221.498633 0.158578 0.106460 42488 
1217950226 28271 109715 7.761664 213 8201 4556 221.590110 0.158631 0.106807 42612 
1218036626 28366 110061 7.760065 214 8220 4599 221.888458 0.158364 0.107095 42759 
1218123026 28479 110400 7.753081 215 8269 4630 221.961375 0.158326 0.107396 42890 
1218209426 28555 110693 7.752968 215 8295 4634 222.204167 0.158039 0.107346 43007 
1218295826 28599 110917 7.756705 216 8296 4648 222.567922 0.158012 0.107282 43095 
1218382226 28663 111097 7.751945 217 8324 4663 222.523951 0.157868 0.107182 43159 
1218468626 28735 111344 7.749713 217 8357 4678 222.661215 0.157955 0.107043 43243 
1218555026 28827 111638 7.745378 217 8399 4677 222.739029 0.158037 0.106911 43376 
1218641426 28914 111951 7.743723 217 8418 4694 222.967006 0.158043 0.107052 43510 
1218727826 29002 112257 7.741328 217 8449 4711 223.133232 0.158260 0.106961 43643 
1218814226 29073 112547 7.742373 217 8469 4719 223.440925 0.158203 0.106824 43771 
1218900626 29152 112794 7.738337 217 8506 4730 223.471872 0.158481 0.106523 43882 
1218987026 29233 113051 7.734478 217 8526 4766 223.515479 0.158516 0.106550 43954 
1219073426 29306 113378 7.737528 217 8547 4781 223.897427 0.158626 0.106370 44102 
1219159826 29419 113747 7.732894 218 8597 4799 224.155750 0.158822 0.106253 44273 
1219246226 29502 114073 7.733238 218 8632 4808 224.477324 0.158731 0.106250 44439 
1219332626 29600 114418 7.730946 218 8663 4835 224.746149 0.158565 0.106320 44588 
1219419026 29694 114738 7.728026 218 8689 4847 224.912440 0.158521 0.106425 44735 
1219505426 29775 115031 7.726683 219 8705 4871 225.066868 0.158316 0.106357 44841 
1219591826 29843 115265 7.724760 220 8726 4890 225.201153 0.158173 0.106433 44945 
1219678226 29945 115607 7.721289 220 8747 4931 225.317549 0.158345 0.106619 45060 
1219764626 30056 115981 7.717660 220 8787 4950 225.525552 0.158629 0.106527 45214 
1219851026 30143 116323 7.718077 220 8802 4972 225.756560 0.158797 0.106575 45355 
1219937426 30246 116711 7.717450 220 8839 4976 226.089070 0.158868 0.106407 45525 
1220023826 30317 116993 7.717980 221 8852 5000 226.324241 0.158906 0.106446 45640 
1220110226 30395 117233 7.713966 221 8874 5020 226.323408 0.158995 0.106751 45737 
1220196626 30437 117435 7.716595 221 8886 5023 226.620561 0.158865 0.106814 45826 
1220283026 30484 117677 7.720575 221 8888 5051 227.005905 0.158859 0.107021 45944 
1220369426 30526 117874 7.722859 221 8895 5058 227.246544 0.158871 0.106992 46039 
1220455826 30571 118069 7.724248 223 8903 5081 227.502666 0.158556 0.107065 46123 
1220542226 30605 118281 7.729521 223 8903 5090 227.941382 0.158376 0.107252 46229 
1220628626 30650 118500 7.732463 224 8909 5091 228.235432 0.158041 0.107557 46339 
1220715026 30711 118756 7.733776 224 8911 5129 228.522288 0.157864 0.107674 46448 
1220801426 30769 119014 7.735968 224 8907 5167 228.784881 0.157907 0.107639 46559 
1220887826 30850 119307 7.734652 225 8939 5184 228.996953 0.157823 0.107663 46694 
1220974226 30928 119703 7.740753 225 8941 5203 229.493339 0.157661 0.107738 46858 
1221060626 31032 120015 7.734919 225 8990 5210 229.537123 0.157648 0.108007 46989 
1221147026 31110 120312 7.734619 225 8999 5251 229.780521 0.157771 0.108143 47134 
1221233426 31227 120682 7.729337 225 9035 5296 229.855125 0.158160 0.108075 47284 
1221319826 31312 120955 7.725792 225 9062 5316 229.927504 0.158210 0.108031 47397 
1221406226 31373 121239 7.728875 226 9060 5341 230.254040 0.157989 0.108152 47520 
1221492626 31449 121540 7.729340 226 9049 5391 230.425578 0.158024 0.108437 47636 
1221579026 31546 121903 7.728587 228 9055 5422 230.538832 0.158280 0.108278 47754 
1221665426 31681 122396 7.726776 228 9082 5451 230.746504 0.158164 0.108408 47921 
1221751826 31788 122792 7.725683 228 9087 5479 230.928401 0.158315 0.108984 48092 
1221838226 31885 123152 7.724761 228 9096 5507 231.104469 0.158336 0.108864 48211 
1221924626 31977 123458 7.721675 228 9121 5532 231.199737 0.158562 0.108699 48329 
1222011026 32059 123752 7.720266 228 9133 5563 231.284382 0.158820 0.108936 48436 
1222097426 32140 124091 7.721904 228 9124 5603 231.552520 0.159003 0.109088 48574 
1222183826 32240 124462 7.720968 228 9148 5615 231.709553 0.159180 0.108794 48699 
1222270226 32344 124817 7.718093 228 9169 5643 231.721185 0.159394 0.108619 48820 
1222356626 32448 125203 7.717147 228 9169 5675 231.789571 0.159622 0.108529 48962 
1222443026 32541 125535 7.715497 230 9172 5717 231.962570 0.159639 0.108725 49080 
1222529426 32613 125793 7.714286 230 9193 5739 232.128292 0.159553 0.108582 49187 
1222615826 32689 126025 7.710545 230 9224 5748 232.090428 0.159687 0.108187 49282 
1222702226 32786 126364 7.708412 230 9250 5774 232.186970 0.159678 0.108133 49415 
1222788626 32863 126799 7.716824 231 9244 5772 232.810699 0.159440 0.108048 49611 
1222875026 32981 127193 7.713108 232 9269 5813 232.912950 0.159505 0.107934 49757 
1222961426 33064 127618 7.719453 232 9254 5837 233.420034 0.159401 0.107965 49929 
1223047826 33162 128029 7.721428 234 9265 5865 233.763042 0.159348 0.107845 50087 
1223134226 33243 128365 7.722829 236 9275 5882 234.066661 0.159260 0.107825 50215 
1223220626 33303 128645 7.725730 236 9281 5882 234.354983 0.159225 0.108037 50326 
1223307026 33390 128968 7.724948 236 9284 5913 234.464031 0.159376 0.108195 50448 
1223393426 33489 129377 7.726537 236 9295 5924 234.727403 0.159463 0.108043 50595 
1223479826 33619 129844 7.724442 236 9336 5938 234.943871 0.159556 0.108016 50754 
1223566226 33734 130201 7.719274 236 9367 5960 234.940475 0.159823 0.107826 50876 
1223652626 33845 130653 7.720668 236 9363 5986 235.173645 0.160119 0.108128 51041 
1223739026 33927 130969 7.720635 236 9378 6003 235.424411 0.160191 0.108154 51186 
1223825426 33997 131227 7.719916 236 9387 6022 235.529782 0.160262 0.108000 51284 
1223911826 34083 131635 7.724379 236 9384 6038 235.870375 0.160613 0.108190 51461 
1223998226 34201 132156 7.728195 237 9379 6076 236.261981 0.160787 0.108257 51676 
1224084626 34315 132568 7.726534 237 9415 6086 236.429899 0.160872 0.108220 51827 
1224171026 34414 133004 7.729645 240 9411 6111 236.861103 0.160681 0.108305 52011 
1224257426 34542 133511 7.730357 240 9417 6156 237.253604 0.160626 0.108855 52217 
1224343826 34628 133814 7.728659 240 9427 6182 237.344519 0.160759 0.108978 52329 
1224430226 34695 134043 7.726935 240 9441 6200 237.377778 0.160789 0.108848 52407 
1224516626 34790 134446 7.729003 240 9448 6217 237.679276 0.160893 0.108673 52554 
1224603026 34922 134960 7.729225 240 9455 6254 237.886032 0.161186 0.108859 52746 
1224689426 35047 135435 7.728764 240 9463 6294 238.040916 0.161430 0.108871 52910 
1224775826 35173 135936 7.729565 240 9498 6283 238.278737 0.161693 0.108789 53101 
1224862226 35288 136408 7.731127 240 9502 6310 238.583201 0.161931 0.109005 53289 
1224948626 35369 136747 7.732591 240 9492 6343 238.761175 0.162185 0.109493 53422 
1225035026 35431 136996 7.733115 240 9496 6355 238.919421 0.162305 0.109697 53527 
1225121426 35526 137326 7.731014 240 9520 6386 238.982661 0.162573 0.109636 53657 
1225207826 35642 137781 7.731384 240 9543 6402 239.189271 0.162817 0.109390 53820 
1225294226 35757 138206 7.730291 240 9566 6433 239.415331 0.162803 0.109536 53980 
1225380626 35864 138648 7.731876 240 9572 6449 239.711856 0.162852 0.109446 54141 
1225467026 35985 139069 7.729276 240 9599 6474 239.872002 0.162867 0.109305 54298 
1225553426 36050 139357 7.731318 240 9613 6477 240.088877 0.163038 0.109260 54426 
1225639826 36122 139631 7.731078 240 9624 6489 240.224129 0.162951 0.109499 54529 
1225726226 36204 139990 7.733400 241 9621 6523 240.474091 0.163154 0.109297 54659 
1225812626 36328 140483 7.734144 241 9631 6564 240.774279 0.163294 0.109685 54867 
1225899026 36446 140882 7.730999 241 9662 6575 240.835373 0.163351 0.109766 55019 
1225985426 36561 141356 7.732611 241 9688 6600 241.182407 0.163111 0.109490 55190 
1226071826 36700 141833 7.729319 243 9726 6621 241.334005 0.163210 0.109452 55390 
1226158226 36793 142252 7.732558 243 9710 6658 241.650803 0.163253 0.109575 55549 
1226244626 36865 142575 7.734979 243 9710 6676 241.890519 0.163511 0.109880 55685 
1226331026 36978 143133 7.741522 244 9702 6706 242.441344 0.163569 0.109965 55924 
1226417426 37120 143731 7.744127 244 9713 6732 242.808675 0.163669 0.109771 56151 
1226503826 37265 144286 7.743781 244 9748 6757 243.092553 0.163978 0.110088 56385 
1226590226 37431 144862 7.740215 244 9801 6787 243.278673 0.164157 0.109804 56580 
1226676626 37601 145461 7.737081 245 9838 6808 243.483950 0.164250 0.109828 56791 
1226763026 37707 145933 7.740367 245 9854 6812 243.869892 0.164251 0.110325 56990 
1226849426 37792 146339 7.744443 245 9855 6827 244.242803 0.164076 0.110535 57149 
1226935826 37912 146808 7.744672 245 9866 6861 244.506594 0.163955 0.110433 57314 
1227022226 38063 147392 7.744634 245 9910 6870 244.810709 0.163855 0.110092 57546 
1227108626 38192 147926 7.746439 246 9935 6859 245.133326 0.163659 0.109948 57735 
1227195026 38332 148473 7.746687 246 9977 6873 245.529010 0.163620 0.109926 57956 
1227281426 38481 149030 7.745641 247 10003 6914 245.743822 0.163872 0.109734 58180 
1227367826 38596 149436 7.743600 248 10012 6948 245.829050 0.164265 0.109650 58316 
1227454226 38683 149804 7.745211 248 10015 6969 246.092289 0.164261 0.110204 58475 
1227540626 38809 150288 7.745008 251 10028 7007 246.376717 0.163981 0.110738 58670 
1227627026 38960 150833 7.742967 252 10057 7031 246.521509 0.164032 0.110550 58852 
1227713426 39069 151351 7.747882 252 10052 7049 246.936702 0.164109 0.110828 59062 
1227799826 39180 151780 7.747831 252 10069 7062 247.135171 0.164298 0.111044 59258 
1227886226 39285 152168 7.746875 252 10091 7068 247.267914 0.164282 0.111038 59406 
1227972626 39380 152549 7.747537 252 10117 7073 247.470645 0.164411 0.110993 59556 
1228059026 39497 152969 7.745854 252 10139 7102 247.650454 0.164354 0.111122 59718 
1228145426 39605 153443 7.748668 253 10144 7121 247.993486 0.164530 0.111009 59906 
1228231826 39742 154005 7.750239 253 10164 7141 248.297720 0.164708 0.111330 60139 
1228318226 39882 154594 7.752570 253 10182 7151 248.702272 0.164813 0.111661 60394 
1228404626 40023 155238 7.757439 253 10205 7155 249.330585 0.164727 0.111341 60657 
1228491026 40193 155885 7.756823 253 10233 7197 249.606747 0.164875 0.110959 60883 
1228577426 40294 156382 7.762049 253 10217 7220 249.940140 0.165020 0.110948 61057 
1228663826 40387 156818 7.765766 253 10216 7231 250.261074 0.165104 0.111020 61234 
1228750226 40517 157355 7.767357 253 10245 7259 250.580250 0.165124 0.110841 61420 
1228836626 40676 158042 7.770774 254 10270 7285 251.027584 0.165071 0.110430 61684 
1228923026 40811 158583 7.771581 254 10304 7286 251.212369 0.165466 0.110246 61878 
1229009426 40947 159151 7.773512 254 10334 7306 251.618434 0.165690 0.110145 62101 
1229095826 41096 159777 7.775793 254 10351 7317 251.953572 0.165616 0.109785 62304 
1229182226 41215 160212 7.774451 254 10377 7332 252.073760 0.165831 0.109738 62454 
1229268626 41323 160617 7.773734 254 10414 7330 252.221717 0.165891 0.109569 62606 
1229355026 41447 161131 7.775279 254 10451 7332 252.619056 0.165667 0.109731 62812 
1229441426 41614 161783 7.775412 256 10489 7346 253.049070 0.165500 0.109590 63088 
1229527826 41773 162459 7.778182 256 10511 7383 253.420248 0.165764 0.109720 63367 
1229614226 41929 163074 7.778578 256 10548 7399 253.620024 0.166248 0.109400 63584 
1229700626 42083 163661 7.778010 257 10582 7414 253.888078 0.166386 0.109073 63826 
1229787026 42198 164195 7.782122 257 10589 7445 254.347078 0.166433 0.109135 64054 
1229873426 42297 164669 7.786321 257 10591 7446 254.740809 0.166472 0.109116 64253 
1229959826 42434 165331 7.792383 257 10594 7469 255.316303 0.166328 0.109319 64520 
1230046226 42571 165986 7.798079 257 10590 7504 255.822743 0.166254 0.109357 64749 
1230132626 42698 166555 7.801536 257 10577 7553 256.196028 0.166211 0.109222 64960 
1230219026 42801 167020 7.804491 257 10581 7580 256.565454 0.166483 0.109166 65145 
1230305426 42903 167401 7.803697 257 10610 7597 256.619537 0.166694 0.108972 65254 
1230391826 43027 167861 7.802589 258 10625 7632 256.728054 0.166874 0.108927 65399 
1230478226 43133 168335 7.805393 258 10628 7667 257.057056 0.166682 0.108883 65573 
1230564626 43285 168936 7.805753 258 10654 7690 257.347950 0.166570 0.108910 65799 
1230651026 43476 169634 7.803570 260 10693 7736 257.585656 0.166467 0.108751 66066 
1230737426 43664 170318 7.801301 262 10757 7759 257.856083 0.166574 0.108511 66328 
1230823826 43814 170851 7.798923 262 10783 7787 257.930844 0.166852 0.108237 66495 
1230910226 43962 171459 7.800328 264 10804 7799 258.219144 0.166757 0.108263 66733 
1230996626 44108 172017 7.799810 265 10836 7837 258.367371 0.166845 0.108172 66942 
1231083026 44201 172561 7.808013 266 10819 7857 259.031379 0.166564 0.108320 67171 
1231169426 44338 173171 7.811403 266 10840 7877 259.438315 0.166678 0.108371 67437 
1231255826 44466 173926 7.822876 268 10838 7869 260.376872 0.166045 0.108729 67771 
1231342226 44578 174686 7.837319 268 10806 7886 261.293373 0.165862 0.108838 68099 
1231428626 44680 175398 7.851298 268 10778 7891 262.293554 0.165661 0.108841 68421 
1231515026 44781 176084 7.864228 268 10716 7937 263.188049 0.165344 0.108976 68713 
1231601426 44857 176673 7.877165 268 10685 7962 264.022739 0.165364 0.109426 68982 
1231687826 44937 177177 7.885573 269 10670 7988 264.624919 0.165215 0.109224 69177 
1231774226 45025 177774 7.896680 270 10667 7985 265.397179 0.165289 0.109282 69450 
1231860626 45130 178466 7.908974 270 10627 8025 266.187193 0.165403 0.109732 69728 
1231947026 45227 179157 7.922568 272 10596 8035 267.169788 0.165296 0.109674 70044 
1232033426 45335 179798 7.931973 273 10565 8063 267.872416 0.165494 0.109785 70328 
1232119826 45416 180433 7.945790 273 10520 8085 268.817641 0.165379 0.110039 70626 
1232206226 45501 181010 7.956309 273 10492 8090 269.531791 0.165187 0.110352 70877 
1232292626 45573 181549 7.967393 273 10467 8111 270.254624 0.165080 0.110345 71122 
1232379026 45633 182078 7.980102 273 10403 8124 270.944448 0.165079 0.110729 71338 
1232465426 45711 182714 7.994312 274 10376 8108 271.904749 0.164875 0.110743 71628 
1232551826 45792 183272 8.004542 275 10359 8129 272.637535 0.164726 0.110840 71885 
1232638226 45812 183401 8.006679 275 10357 8129 272.757662 0.164801 0.110814 71938 
