1165073426 0 0 0.000000 0 0 0 0.000000 0.000000 0.000000 0 
1165159826 7999 18411 4.603325 46 2054 1325 42.156020 0.206940 0.092324 4164 
1165246226 8025 18512 4.613583 46 2061 1322 42.361371 0.206660 0.093246 4197 
1165332626 8056 18639 4.627358 47 2072 1317 42.665343 0.205105 0.092930 4236 
1165419026 8089 18782 4.643837 47 2071 1318 42.988256 0.202573 0.094202 4288 
1165505426 8111 18892 4.658365 48 2059 1326 43.273086 0.201786 0.094933 4330 
1165591826 8142 18998 4.666667 48 2065 1339 43.455416 0.201770 0.095665 4365 
1165678226 8160 19096 4.680392 48 2060 1345 43.734559 0.200572 0.096119 4393 
1165764626 8180 19167 4.686308 48 2069 1343 43.904645 0.199757 0.097414 4424 
1165851026 8209 19263 4.693142 48 2076 1343 44.062858 0.200058 0.097495 4453 
1165937426 8236 19381 4.706411 48 2084 1339 44.356484 0.199520 0.098291 4502 
1166023826 8277 19493 4.710161 48 2101 1345 44.520720 0.200053 0.098476 4526 
1166110226 8304 19624 4.726397 49 2106 1331 44.863198 0.198723 0.098197 4566 
1166196626 8330 19736 4.738535 49 2115 1330 45.125810 0.197681 0.098294 4604 
1166283026 8346 19826 4.751018 50 2112 1336 45.383896 0.197297 0.098581 4628 
1166369426 8358 19915 4.765494 50 2102 1341 45.632687 0.196647 0.099200 4660 
1166455826 8382 20012 4.774994 50 2104 1353 45.847769 0.196797 0.099021 4690 
1166542226 8405 20121 4.787864 50 2106 1355 46.104462 0.196593 0.099375 4724 
1166628626 8427 20223 4.799573 51 2102 1367 46.396820 0.194015 0.099744 4759 
1166715026 8455 20365 4.817268 52 2089 1380 46.724305 0.193258 0.101172 4804 
1166801426 8481 20480 4.829619 52 2091 1392 46.998939 0.194059 0.101477 4847 
1166887826 8504 20568 4.837253 52 2096 1392 47.176152 0.193540 0.101283 4860 
1166974226 8516 20633 4.845702 52 2090 1405 47.354861 0.192921 0.101567 4876 
1167060626 8534 20737 4.859855 52 2080 1409 47.617296 0.192482 0.102197 4917 
1167147026 8552 20848 4.875585 52 2069 1414 47.936623 0.191778 0.103210 4964 
1167233426 8566 20912 4.882559 52 2072 1406 48.081018 0.190702 0.103481 4983 
1167319826 8594 21025 4.892949 52 2079 1409 48.306493 0.190326 0.103689 5023 
1167406226 8618 21122 4.901833 52 2087 1401 48.486656 0.190301 0.103775 5053 
1167492626 8635 21217 4.914186 52 2086 1406 48.722872 0.190259 0.103917 5081 
1167579026 8650 21288 4.922081 52 2088 1411 48.926012 0.190369 0.103663 5106 
1167665426 8671 21376 4.930458 52 2094 1412 49.109907 0.189927 0.103837 5133 
1167751826 8689 21484 4.945103 52 2080 1429 49.431925 0.189312 0.103777 5176 
1167838226 8726 21580 4.946138 53 2101 1426 49.527848 0.189177 0.102907 5196 
1167924626 8743 21658 4.954363 53 2100 1427 49.700560 0.188709 0.103524 5219 
1168011026 8769 21769 4.964990 54 2100 1429 49.955525 0.187815 0.104012 5262 
1168097426 8791 21842 4.969173 54 2108 1434 50.128768 0.187424 0.104650 5299 
1168183826 8813 21934 4.977647 54 2113 1429 50.347895 0.187126 0.104989 5337 
1168270226 8844 22043 4.984848 54 2116 1445 50.554726 0.186580 0.105879 5380 
1168356626 8864 22147 4.997067 54 2118 1436 50.788132 0.186284 0.106140 5416 
1168443026 8892 22265 5.007872 54 2124 1428 51.022042 0.185440 0.105813 5447 
1168529426 8920 22366 5.014798 54 2133 1437 51.221973 0.185011 0.105756 5471 
1168615826 8941 22469 5.026060 54 2137 1432 51.470753 0.183539 0.105867 5505 
1168702226 8960 22544 5.032143 54 2144 1428 51.639063 0.183756 0.105605 5536 
1168788626 8980 22625 5.038976 55 2151 1432 51.822717 0.182715 0.106007 5564 
1168875026 9004 22707 5.043758 55 2158 1438 51.943136 0.182942 0.106612 5585 
1168961426 9031 22830 5.055919 56 2156 1441 52.207507 0.182884 0.107684 5633 
1169047826 9068 22940 5.059550 56 2175 1448 52.326423 0.182956 0.106996 5657 
1169134226 9088 23064 5.075704 56 2166 1455 52.676496 0.183105 0.107855 5705 
1169220626 9114 23175 5.085583 56 2174 1453 52.922756 0.183637 0.107749 5743 
1169307026 9139 23270 5.092461 56 2187 1452 53.150454 0.183172 0.107654 5772 
1169393426 9154 23364 5.104654 56 2182 1459 53.390212 0.183865 0.108530 5804 
1169479826 9178 23465 5.113314 56 2189 1452 53.590978 0.184564 0.108757 5849 
1169566226 9208 23573 5.120113 56 2197 1458 53.766073 0.184456 0.108739 5892 
1169652626 9234 23696 5.132337 56 2193 1468 54.062378 0.183232 0.109355 5929 
1169739026 9263 23832 5.145633 57 2188 1474 54.336392 0.183009 0.109322 5964 
1169825426 9290 23938 5.153498 57 2193 1484 54.573305 0.183330 0.109839 6002 
1169911826 9312 24024 5.159794 57 2203 1478 54.724012 0.183243 0.110597 6040 
1169998226 9331 24121 5.170078 57 2199 1485 54.979102 0.183137 0.111072 6077 
1170084626 9356 24241 5.181915 57 2190 1505 55.241129 0.182992 0.112368 6116 
1170171026 9380 24374 5.197015 57 2187 1507 55.566098 0.181419 0.112483 6159 
1170257426 9416 24523 5.208794 58 2190 1515 55.918224 0.180439 0.112430 6205 
1170343826 9437 24670 5.228356 59 2176 1520 56.356045 0.178476 0.113168 6251 
1170430226 9465 24817 5.243951 60 2179 1520 56.678711 0.177817 0.113243 6304 
1170516626 9492 24945 5.256005 60 2184 1521 57.004003 0.177458 0.113483 6350 
1170603026 9511 25053 5.268216 60 2179 1517 57.267164 0.177423 0.113830 6380 
1170689426 9535 25175 5.280545 61 2176 1528 57.589093 0.176857 0.113932 6427 
1170775826 9561 25284 5.288987 61 2187 1521 57.826169 0.177515 0.114462 6469 
1170862226 9597 25411 5.295613 61 2200 1521 58.033969 0.177181 0.114774 6502 
1170948626 9620 25549 5.311642 62 2189 1527 58.347193 0.177309 0.114787 6543 
1171035026 9648 25688 5.325041 62 2188 1536 58.639925 0.177748 0.114666 6590 
1171121426 9679 25801 5.331336 62 2201 1535 58.867238 0.177265 0.114734 6633 
1171207826 9704 25902 5.338417 62 2200 1544 59.059975 0.176704 0.114996 6671 
1171294226 9725 26036 5.354447 62 2200 1534 59.376247 0.176248 0.116191 6731 
1171380626 9752 26188 5.370796 62 2196 1537 59.765997 0.176164 0.116127 6789 
1171467026 9793 26329 5.377106 62 2211 1538 60.003472 0.176590 0.116019 6844 
1171553426 9827 26507 5.394729 62 2216 1534 60.422102 0.176258 0.116413 6910 
1171639826 9854 26606 5.400041 62 2228 1534 60.608484 0.176842 0.116328 6946 
1171726226 9869 26684 5.407640 63 2225 1540 60.788327 0.177250 0.116085 6967 
1171812626 9881 26745 5.413420 63 2221 1547 60.913875 0.176955 0.116124 6988 
1171899026 9892 26805 5.419531 63 2224 1537 61.040841 0.177066 0.116536 7011 
1171985426 9908 26886 5.427130 63 2227 1534 61.208115 0.176858 0.116645 7039 
1172071826 9923 26971 5.436058 63 2229 1536 61.437872 0.176927 0.117018 7069 
1172158226 9952 27105 5.447146 63 2233 1545 61.777331 0.176334 0.117039 7114 
1172244626 9973 27246 5.463953 63 2224 1552 62.143387 0.175342 0.117109 7157 
1172331026 9994 27359 5.475085 63 2217 1562 62.464479 0.174678 0.117699 7198 
1172417426 10016 27464 5.484026 63 2223 1555 62.688898 0.174467 0.117645 7231 
1172503826 10039 27591 5.496763 65 2217 1560 63.031577 0.173396 0.118246 7275 
1172590226 10075 27782 5.515037 65 2212 1575 63.496576 0.172400 0.117972 7349 
1172676626 10105 27941 5.530134 65 2209 1580 63.840475 0.173132 0.118299 7407 
1172763026 10128 28103 5.549566 65 2205 1577 64.281793 0.172897 0.118905 7472 
1172849426 10160 28264 5.563780 65 2206 1584 64.650787 0.171816 0.119322 7533 
1172935826 10174 28341 5.571260 65 2203 1586 64.800865 0.172289 0.119392 7558 
1173022226 10197 28436 5.577327 65 2207 1594 64.985388 0.172747 0.119422 7606 
1173108626 10222 28555 5.586969 65 2206 1602 65.224027 0.172373 0.120525 7658 
1173195026 10254 28742 5.606007 66 2204 1605 65.679540 0.172508 0.120769 7728 
1173281426 10283 28925 5.625790 66 2193 1624 66.181659 0.171915 0.121278 7795 
1173367826 10310 29091 5.643259 66 2192 1615 66.629292 0.170751 0.121913 7853 
1173454226 10335 29232 5.656894 66 2191 1619 67.014998 0.169738 0.122478 7916 
1173540626 10358 29342 5.665573 67 2196 1613 67.277853 0.168383 0.122623 7959 
1173627026 10369 29408 5.672292 68 2191 1618 67.438712 0.167906 0.122777 7979 
1173713426 10384 29511 5.683937 68 2186 1624 67.716487 0.167377 0.123302 8017 
1173799826 10419 29666 5.694596 68 2190 1628 68.002112 0.167999 0.123922 8077 
1173886226 10451 29824 5.707396 68 2196 1622 68.330112 0.167793 0.123493 8123 
1173972626 10473 29987 5.726535 68 2194 1620 68.801299 0.166930 0.123627 8189 
1174059026 10502 30108 5.733765 68 2198 1624 69.006094 0.166220 0.123339 8229 
1174145426 10521 30227 5.746032 68 2202 1623 69.343408 0.166364 0.122998 8272 
1174231826 10539 30330 5.755764 68 2196 1633 69.569219 0.165717 0.123192 8304 
1174318226 10557 30455 5.769632 68 2186 1649 69.896751 0.164843 0.123370 8352 
1174404626 10590 30603 5.779603 68 2195 1646 70.167894 0.164626 0.123504 8408 
1174491026 10621 30752 5.790792 69 2199 1651 70.503907 0.164440 0.123146 8452 
1174577426 10646 30903 5.805561 69 2199 1651 70.888785 0.163737 0.123111 8509 
1174663826 10668 31042 5.819648 69 2188 1655 71.263030 0.164247 0.123764 8561 
1174750226 10689 31142 5.826925 69 2188 1656 71.439611 0.164238 0.124227 8602 
1174836626 10701 31218 5.834595 69 2183 1662 71.618540 0.164278 0.124446 8628 
1174923026 10734 31336 5.838644 69 2199 1667 71.815726 0.163232 0.123956 8657 
1175009426 10766 31474 5.846926 69 2208 1661 72.094928 0.162617 0.124219 8708 
1175095826 10790 31615 5.860056 70 2215 1653 72.488601 0.161759 0.124042 8756 
1175182226 10819 31758 5.870783 70 2213 1658 72.788982 0.161449 0.123799 8799 
1175268626 10847 31866 5.875542 70 2219 1660 72.947543 0.161246 0.124201 8840 
1175355026 10867 31972 5.884237 70 2220 1663 73.200883 0.160816 0.124259 8877 
1175441426 10875 32040 5.892414 70 2221 1657 73.393655 0.160832 0.124295 8899 
1175527826 10893 32151 5.903057 70 2221 1656 73.661250 0.161125 0.124480 8945 
1175614226 10911 32279 5.916781 70 2220 1657 73.976354 0.161524 0.124939 9000 
1175700626 10933 32409 5.928656 71 2221 1656 74.308241 0.161021 0.125243 9057 
1175787026 10952 32529 5.940285 71 2222 1652 74.605917 0.160954 0.125280 9098 
1175873426 10982 32628 5.942087 71 2243 1644 74.739027 0.160798 0.125173 9138 
1175959826 11001 32724 5.949277 71 2247 1642 74.948823 0.160898 0.125464 9178 
1176046226 11025 32821 5.953923 71 2258 1641 75.137959 0.160583 0.125491 9208 
1176132626 11041 32925 5.964134 71 2253 1649 75.393714 0.160528 0.125667 9246 
1176219026 11077 33099 5.976167 71 2262 1653 75.827571 0.160278 0.125381 9302 
1176305426 11109 33303 5.995679 73 2261 1654 76.365469 0.159503 0.125826 9382 
1176391826 11129 33419 6.005751 73 2268 1641 76.678947 0.158832 0.125719 9428 
1176478226 11153 33541 6.014705 74 2269 1647 76.986820 0.158146 0.125925 9483 
1176564626 11167 33640 6.024895 74 2272 1645 77.261753 0.157890 0.126228 9521 
1176651026 11185 33729 6.031113 74 2277 1641 77.414037 0.158009 0.126532 9554 
1176737426 11201 33845 6.043210 74 2277 1642 77.782162 0.157211 0.126428 9599 
1176823826 11227 34024 6.061103 75 2278 1639 78.253318 0.157379 0.126977 9683 
1176910226 11260 34209 6.076199 75 2272 1645 78.630906 0.158000 0.127467 9751 
1176996626 11285 34355 6.088613 75 2275 1642 78.976872 0.157196 0.127571 9803 
1177083026 11321 34518 6.098048 75 2289 1637 79.306422 0.156747 0.127353 9862 
1177169426 11346 34614 6.101534 75 2298 1640 79.462542 0.157005 0.127809 9896 
1177255826 11361 34695 6.107737 75 2296 1640 79.631899 0.156932 0.128128 9916 
1177342226 11378 34816 6.119880 75 2292 1641 79.924767 0.156136 0.129037 9965 
1177428626 11401 34973 6.135076 76 2290 1633 80.335409 0.155322 0.128577 10024 
1177515026 11428 35123 6.146832 76 2290 1643 80.656983 0.155287 0.128315 10069 
1177601426 11457 35284 6.159379 76 2291 1648 81.042332 0.155136 0.128038 10131 
1177687826 11495 35431 6.164593 76 2306 1651 81.299870 0.155273 0.127861 10177 
1177774226 11517 35537 6.171225 76 2307 1659 81.526439 0.154980 0.128029 10214 
1177860626 11532 35629 6.179154 76 2302 1661 81.732223 0.154934 0.128245 10253 
1177947026 11559 35770 6.189117 76 2293 1675 82.034778 0.155214 0.128615 10314 
1178033426 11596 35936 6.197999 76 2300 1681 82.332701 0.154956 0.128959 10378 
1178119826 11623 36074 6.207348 76 2303 1686 82.578680 0.154977 0.128498 10419 
1178206226 11642 36228 6.223673 76 2291 1686 82.955334 0.154882 0.128641 10480 
1178292626 11665 36357 6.233519 76 2291 1692 83.263438 0.154615 0.128577 10529 
1178379026 11685 36494 6.246299 76 2287 1704 83.603766 0.154735 0.128786 10586 
1178465426 11709 36590 6.249893 77 2294 1705 83.732343 0.154264 0.128723 10622 
1178551826 11728 36727 6.263131 77 2289 1698 84.072988 0.153536 0.129096 10672 
1178638226 11750 36913 6.283064 78 2284 1699 84.655319 0.152009 0.129212 10748 
1178724626 11782 37043 6.288067 79 2294 1705 84.894245 0.152684 0.129332 10801 
1178811026 11805 37185 6.299873 79 2290 1702 85.247268 0.152379 0.129428 10854 
1178897426 11835 37331 6.308576 80 2297 1707 85.529193 0.151782 0.129470 10909 
1178983826 11854 37413 6.312300 80 2306 1702 85.646027 0.152223 0.129273 10941 
1179070226 11875 37518 6.318821 80 2308 1707 85.866105 0.151833 0.129796 10990 
1179156626 11901 37666 6.329888 80 2310 1717 86.242165 0.151664 0.129897 11039 
1179243026 11930 37831 6.342163 80 2309 1724 86.621961 0.151382 0.129868 11106 
1179329426 11959 37968 6.349695 80 2314 1731 86.869303 0.150987 0.130153 11156 
1179415826 11986 38104 6.358084 80 2322 1728 87.140330 0.150810 0.130143 11201 
1179502226 12016 38262 6.368509 81 2325 1731 87.460553 0.151040 0.130232 11261 
1179588626 12030 38382 6.381047 81 2320 1727 87.774397 0.150770 0.130352 11316 
1179675026 12044 38464 6.387247 81 2320 1733 87.948356 0.150773 0.131024 11351 
1179761426 12062 38591 6.398773 81 2318 1736 88.280053 0.150450 0.131437 11411 
1179847826 12083 38723 6.409501 82 2320 1732 88.619714 0.150252 0.131264 11458 
1179934226 12104 38863 6.421514 82 2316 1736 88.994382 0.149661 0.131251 11513 
1180020626 12147 39071 6.433029 82 2333 1730 89.332345 0.150002 0.130961 11596 
1180107026 12173 39229 6.445248 82 2334 1736 89.694734 0.149830 0.130577 11650 
1180193426 12191 39339 6.453777 82 2330 1739 89.919449 0.150014 0.130542 11696 
1180279826 12207 39432 6.460555 82 2327 1743 90.129598 0.149541 0.130754 11729 
1180366226 12238 39562 6.465436 82 2336 1750 90.350547 0.148864 0.130368 11768 
1180452626 12259 39709 6.478342 82 2335 1747 90.649971 0.148987 0.130027 11824 
1180539026 12288 39889 6.492350 82 2333 1755 91.070313 0.148726 0.130574 11891 
1180625426 12309 40065 6.509871 84 2313 1763 91.553660 0.147726 0.131202 11962 
1180711826 12337 40213 6.519089 85 2311 1772 91.864311 0.147030 0.130499 12009 
1180798226 12353 40334 6.530236 85 2313 1770 92.261799 0.145886 0.130538 12061 
1180884626 12372 40421 6.534271 85 2318 1777 92.420466 0.145869 0.130333 12093 
1180971026 12392 40526 6.540671 86 2323 1782 92.676081 0.146085 0.130270 12140 
1181057426 12433 40669 6.542106 87 2343 1777 92.783721 0.146039 0.129392 12177 
1181143826 12462 40797 6.547424 87 2352 1776 93.042208 0.145260 0.129518 12224 
1181230226 12497 40938 6.551652 88 2369 1773 93.269105 0.144376 0.129454 12277 
1181316626 12524 41082 6.560524 89 2364 1788 93.544395 0.144261 0.129926 12343 
1181403026 12550 41174 6.561594 89 2376 1788 93.634741 0.144472 0.130016 12375 
1181489426 12576 41283 6.565363 89 2380 1791 93.772265 0.144271 0.129906 12411 
1181575826 12596 41414 6.575738 90 2377 1799 94.088441 0.143513 0.129690 12459 
1181662226 12633 41593 6.584818 90 2391 1803 94.463073 0.143355 0.129256 12527 
1181748626 12668 41751 6.591569 90 2406 1808 94.714556 0.143756 0.128934 12588 
1181835026 12706 41925 6.599244 90 2414 1811 95.012435 0.143752 0.129157 12655 
1181921426 12732 42090 6.611687 92 2409 1826 95.381244 0.143488 0.129289 12725 
1182007826 12749 42213 6.622166 92 2400 1831 95.656287 0.143711 0.129427 12772 
1182094226 12777 42342 6.627847 92 2416 1828 95.894028 0.143821 0.129164 12822 
1182180626 12799 42489 6.639425 94 2417 1824 96.299242 0.143267 0.129039 12877 
1182267026 12824 42639 6.649875 94 2411 1834 96.596694 0.143711 0.129441 12939 
1182353426 12851 42791 6.659560 94 2421 1828 96.920707 0.143562 0.129382 13008 
1182439826 12877 42927 6.667236 94 2420 1835 97.200901 0.143378 0.129564 13061 
1182526226 12919 43108 6.673582 95 2435 1830 97.483706 0.142963 0.129141 13124 
1182612626 12937 43253 6.686713 95 2423 1842 97.855763 0.143148 0.129883 13187 
1182699026 12961 43364 6.691459 95 2422 1854 98.035491 0.143428 0.130183 13233 
1182785426 12999 43514 6.694977 95 2437 1858 98.227402 0.143442 0.129819 13279 
1182871826 13040 43689 6.700767 95 2450 1865 98.489110 0.142986 0.130033 13349 
1182958226 13069 43833 6.707935 95 2445 1878 98.715280 0.143260 0.130155 13402 
1183044626 13106 43981 6.711582 95 2464 1876 98.942164 0.142999 0.130140 13457 
1183131026 13133 44113 6.717886 95 2466 1886 99.139115 0.143141 0.130497 13508 
1183217426 13159 44248 6.725131 95 2469 1888 99.417889 0.142792 0.131063 13574 
1183303826 13173 44345 6.732711 95 2470 1892 99.614211 0.143007 0.131444 13621 
1183390226 13209 44494 6.736922 95 2477 1898 99.837081 0.142885 0.131307 13669 
1183476626 13240 44688 6.750453 95 2475 1907 100.290332 0.142486 0.131293 13732 
1183563026 13278 44832 6.752824 95 2494 1900 100.469197 0.142300 0.130947 13778 
1183649426 13306 44953 6.756801 95 2506 1895 100.658801 0.141838 0.130932 13819 
1183735826 13335 45142 6.770454 96 2506 1900 101.105512 0.141213 0.131075 13897 
1183822226 13352 45270 6.781007 96 2507 1900 101.414769 0.141262 0.130872 13959 
1183908626 13379 45409 6.788101 96 2514 1898 101.698333 0.141058 0.130957 14022 
1183995026 13414 45560 6.792903 97 2530 1894 101.968689 0.140897 0.130473 14077 
1184081426 13456 45733 6.797414 97 2547 1900 102.228002 0.140749 0.130438 14144 
1184167826 13484 45898 6.807772 98 2546 1905 102.580837 0.140322 0.130551 14219 
1184254226 13512 46059 6.817496 98 2541 1909 102.894612 0.140822 0.130941 14286 
1184340626 13536 46224 6.829787 98 2533 1913 103.215573 0.140499 0.131068 14364 
1184427026 13560 46374 6.839823 98 2537 1910 103.565782 0.140610 0.130848 14424 
1184513426 13575 46477 6.847440 98 2534 1907 103.814070 0.140395 0.130653 14475 
1184599826 13603 46673 6.862163 98 2528 1916 104.237301 0.140182 0.131252 14566 
1184686226 13644 46866 6.869833 98 2541 1912 104.467312 0.140210 0.131821 14656 
1184772626 13682 47029 6.874580 98 2553 1919 104.701798 0.140434 0.131614 14731 
1184859026 13721 47216 6.882297 98 2567 1917 104.984039 0.140685 0.131959 14805 
1184945426 13755 47394 6.891167 98 2568 1923 105.337114 0.140351 0.131837 14870 
1185031826 13789 47537 6.894916 98 2580 1930 105.502212 0.140887 0.132029 14923 
1185118226 13818 47654 6.897380 98 2588 1926 105.638008 0.140730 0.131943 14969 
1185204626 13845 47778 6.901842 99 2593 1934 105.856844 0.140607 0.131951 15011 
1185291026 13874 47922 6.908174 99 2596 1943 106.112296 0.139921 0.131927 15068 
1185377426 13907 48081 6.914647 100 2611 1931 106.359819 0.139658 0.131727 15119 
1185463826 13939 48245 6.922304 100 2602 1944 106.613961 0.140068 0.132175 15194 
1185550226 13973 48390 6.926215 100 2617 1943 106.844200 0.139894 0.132480 15259 
1185636626 13998 48535 6.934562 100 2620 1946 107.149021 0.139633 0.132454 15317 
1185723026 14022 48637 6.937241 100 2632 1946 107.293539 0.139583 0.132141 15355 
1185809426 14057 48797 6.942733 100 2643 1943 107.541581 0.139343 0.132256 15419 
1185895826 14091 48975 6.951245 101 2644 1955 107.844014 0.139536 0.133017 15501 
1185982226 14119 49142 6.961116 102 2645 1955 108.162193 0.139231 0.133189 15564 
1186068626 14156 49324 6.968635 102 2643 1972 108.406471 0.139560 0.133198 15628 
1186155026 14198 49500 6.972813 102 2663 1967 108.650937 0.139592 0.132828 15696 
1186241426 14223 49623 6.977853 102 2664 1974 108.845954 0.139512 0.133188 15742 
1186327826 14241 49755 6.987571 102 2649 1989 109.102029 0.139723 0.133924 15797 
1186414226 14281 49933 6.992928 102 2655 2001 109.347105 0.139989 0.134065 15861 
1186500626 14318 50145 7.004470 102 2664 1996 109.723704 0.139858 0.133963 15948 
1186587026 14351 50361 7.018466 102 2662 1997 110.240123 0.139210 0.134226 16027 
1186673426 14387 50583 7.031765 102 2656 2001 110.667130 0.139398 0.134365 16119 
1186759826 14417 50743 7.039329 102 2659 2006 110.924048 0.139801 0.134321 16178 
1186846226 14447 50869 7.042154 103 2672 2004 111.111511 0.139978 0.133977 16223 
1186932626 14467 50986 7.048593 104 2677 2006 111.357158 0.139348 0.133873 16260 
1187019026 14485 51118 7.058060 104 2679 2001 111.713635 0.138737 0.134132 16329 
1187105426 14518 51274 7.063507 104 2685 1999 111.945723 0.138817 0.133845 16383 
1187191826 14547 51447 7.073211 104 2681 2008 112.293394 0.138430 0.134381 16457 
1187278226 14584 51609 7.077482 104 2691 2016 112.501646 0.138639 0.133969 16514 
1187364626 14611 51770 7.086442 104 2688 2021 112.831428 0.138190 0.134276 16577 
1187451026 14630 51916 7.097198 104 2687 2018 113.200137 0.138063 0.134444 16635 
1187537426 14654 52067 7.106183 105 2693 2012 113.525454 0.137385 0.134488 16704 
1187623826 14678 52217 7.115002 105 2690 2015 113.802970 0.137146 0.134477 16762 
1187710226 14708 52399 7.125238 105 2688 2022 114.120071 0.136958 0.134181 16836 
1187796626 14747 52547 7.126466 105 2712 2009 114.292263 0.136553 0.133807 16897 
1187883026 14779 52704 7.132282 105 2721 2010 114.527370 0.136771 0.133712 16956 
1187969426 14823 52875 7.134183 106 2741 2008 114.772043 0.136265 0.133101 17027 
1188055826 14845 53013 7.142203 107 2742 2011 115.093567 0.135985 0.132933 17087 
1188142226 14864 53140 7.150161 107 2737 2012 115.373385 0.136145 0.133739 17148 
1188228626 14892 53329 7.162100 108 2735 2017 115.806608 0.135812 0.134007 17231 
1188315026 14928 53507 7.168676 108 2741 2019 116.078108 0.136148 0.133940 17299 
1188401426 14959 53692 7.178555 109 2749 2021 116.462865 0.135703 0.133528 17367 
1188487826 14984 53863 7.189402 109 2742 2029 116.834223 0.135850 0.133374 17428 
1188574226 15012 54025 7.197575 109 2742 2032 117.115907 0.135724 0.133229 17495 
1188660626 15036 54149 7.202580 109 2750 2024 117.336659 0.135431 0.133113 17551 
1188747026 15055 54253 7.207307 109 2750 2030 117.566788 0.135604 0.133042 17592 
1188833426 15086 54392 7.210924 109 2761 2041 117.765610 0.135683 0.132955 17649 
1188919826 15110 54528 7.217472 109 2765 2029 118.008339 0.135725 0.133134 17710 
1189006226 15141 54711 7.226867 109 2763 2042 118.413711 0.135557 0.132994 17784 
1189092626 15179 54930 7.237631 109 2762 2045 118.766585 0.135776 0.133394 17884 
1189179026 15211 55085 7.242785 109 2774 2041 119.000066 0.135595 0.133337 17936 
1189265426 15243 55213 7.244374 109 2782 2051 119.140852 0.135659 0.133375 17976 
1189351826 15264 55345 7.251703 109 2792 2043 119.404743 0.135411 0.132981 18026 
1189438226 15319 55541 7.251257 109 2812 2055 119.580913 0.135171 0.132908 18092 
1189524626 15345 55704 7.260215 109 2816 2052 119.921668 0.135005 0.132806 18167 
1189611026 15384 55873 7.263781 109 2821 2066 120.116875 0.135003 0.132952 18242 
1189697426 15423 56027 7.265383 109 2829 2080 120.330416 0.134966 0.132971 18302 
1189783826 15449 56169 7.271539 109 2832 2069 120.572853 0.134649 0.132997 18363 
1189870226 15479 56316 7.276439 109 2836 2073 120.797726 0.134708 0.132738 18429 
1189956626 15507 56451 7.280712 110 2847 2065 121.008577 0.134468 0.132426 18483 
1190043026 15544 56616 7.284611 110 2859 2068 121.201750 0.134663 0.132468 18549 
1190129426 15586 56808 7.289619 110 2868 2076 121.481971 0.134634 0.132985 18630 
1190215826 15623 57001 7.297062 110 2873 2085 121.833963 0.134439 0.133335 18715 
1190302226 15679 57222 7.299190 110 2892 2090 122.081000 0.134551 0.133412 18814 
1190388626 15725 57433 7.304674 111 2903 2102 122.420223 0.134317 0.133626 18901 
1190475026 15752 57578 7.310564 111 2905 2109 122.651346 0.134094 0.133633 18952 
1190561426 15788 57698 7.309096 111 2924 2110 122.726628 0.134305 0.133680 18992 
1190647826 15832 57852 7.308236 112 2949 2100 122.839439 0.134124 0.133354 19050 
1190734226 15880 58033 7.308942 113 2970 2103 123.056675 0.133317 0.133256 19116 
1190820626 15928 58212 7.309392 114 2993 2102 123.256781 0.132878 0.132650 19180 
1190907026 15971 58423 7.316135 115 3010 2097 123.621314 0.132686 0.132530 19260 
1190993426 16017 58621 7.319848 115 3026 2098 123.819567 0.132936 0.132526 19340 
1191079826 16053 58741 7.318383 115 3049 2092 123.918146 0.132795 0.132538 19383 
1191166226 16090 58864 7.316843 115 3066 2090 123.980858 0.132652 0.132451 19426 
1191252626 16145 59035 7.313100 115 3098 2095 124.051781 0.132152 0.132625 19487 
1191339026 16195 59260 7.318308 116 3112 2089 124.390738 0.131679 0.132313 19563 
1191425426 16234 59430 7.321671 116 3128 2089 124.648023 0.131606 0.131899 19626 
1191511826 16287 59631 7.322527 116 3148 2093 124.821146 0.131572 0.131630 19707 
1191598226 16329 59813 7.325984 116 3156 2110 125.030192 0.131555 0.131780 19776 
1191684626 16371 59960 7.325148 116 3180 2115 125.166819 0.131263 0.131592 19828 
1191771026 16400 60063 7.324756 116 3192 2116 125.287805 0.130762 0.131573 19864 
1191857426 16433 60248 7.332563 116 3194 2126 125.647417 0.130424 0.131469 19937 
1191943826 16484 60429 7.331837 116 3212 2134 125.775176 0.130385 0.131374 19991 
1192030226 16522 60590 7.334463 117 3226 2134 125.944438 0.130294 0.130938 20053 
1192116626 16568 60773 7.336190 118 3244 2139 126.175278 0.130198 0.130713 20122 
1192203026 16610 60946 7.338471 118 3253 2146 126.366285 0.129971 0.130754 20179 
1192289426 16646 61061 7.336417 118 3268 2154 126.405983 0.129969 0.130411 20215 
1192375826 16671 61172 7.338732 118 3275 2146 126.519825 0.130010 0.130096 20256 
1192462226 16700 61316 7.343234 118 3283 2149 126.743473 0.129927 0.130260 20314 
1192548626 16741 61527 7.350457 118 3287 2158 127.081775 0.129789 0.130288 20415 
1192635026 16783 61719 7.354943 119 3289 2172 127.340523 0.129785 0.130593 20495 
1192721426 16826 61905 7.358255 119 3309 2179 127.646618 0.129794 0.130249 20573 
1192807826 16880 62088 7.356398 119 3332 2192 127.744194 0.130296 0.130115 20637 
1192894226 16903 62201 7.359759 119 3339 2190 127.906880 0.130053 0.130106 20679 
1192980626 16922 62280 7.360832 119 3347 2189 128.004137 0.130051 0.130045 20712 
1193067026 16947 62408 7.365079 119 3355 2192 128.222576 0.130119 0.129917 20765 
1193153426 16978 62596 7.373778 119 3354 2206 128.608199 0.130095 0.129863 20834 
1193239826 17025 62797 7.377034 120 3371 2208 128.811865 0.130143 0.129420 20915 
1193326226 17062 62967 7.380964 120 3375 2220 129.028015 0.129985 0.129363 20983 
1193412626 17108 63144 7.381810 120 3388 2229 129.161913 0.129965 0.129352 21043 
1193499026 17125 63250 7.386861 120 3388 2239 129.363854 0.129915 0.129722 21090 
1193585426 17147 63330 7.386715 120 3397 2239 129.413075 0.130001 0.129414 21118 
1193671826 17173 63429 7.387061 121 3402 2248 129.514121 0.129893 0.129496 21156 
1193758226 17209 63607 7.392295 122 3411 2251 129.774304 0.129827 0.129376 21237 
1193844626 17245 63770 7.395767 122 3415 2265 129.997101 0.129674 0.129391 21299 
1193931026 17278 63896 7.396226 122 3431 2265 130.089825 0.129998 0.128979 21342 
1194017426 17313 64077 7.402183 123 3427 2265 130.340900 0.129815 0.129110 21424 
1194103826 17342 64196 7.403529 123 3435 2265 130.431669 0.129767 0.129146 21466 
1194190226 17364 64313 7.407625 123 3424 2281 130.581778 0.129845 0.129591 21507 
1194276626 17394 64451 7.410716 123 3433 2287 130.796712 0.129732 0.129418 21569 
1194363026 17439 64623 7.411319 123 3447 2291 130.951431 0.129825 0.129243 21625 
1194449426 17477 64791 7.414430 125 3456 2299 131.158666 0.130044 0.128947 21669 
1194535826 17510 64986 7.422730 125 3459 2305 131.548487 0.129925 0.128863 21749 
1194622226 17546 65153 7.426536 125 3465 2318 131.731107 0.130220 0.128742 21813 
1194708626 17580 65296 7.428441 125 3478 2313 131.858817 0.130281 0.128911 21871 
1194795026 17604 65402 7.430357 125 3488 2315 131.983526 0.130422 0.128720 21914 
1194881426 17639 65544 7.431714 126 3499 2316 132.101026 0.130355 0.128993 21968 
1194967826 17682 65749 7.436828 126 3525 2303 132.387965 0.130646 0.128892 22060 
1195054226 17728 65935 7.438515 126 3546 2300 132.561823 0.130846 0.128431 22125 
1195140626 17764 66095 7.441455 126 3553 2315 132.731930 0.131073 0.128716 22194 
1195227026 17800 66261 7.445056 126 3566 2316 132.910787 0.131308 0.128662 22258 
1195313426 17832 66377 7.444706 126 3579 2321 133.007402 0.131248 0.128231 22300 
1195399826 17851 66493 7.449779 126 3576 2328 133.213938 0.130959 0.128595 22351 
1195486226 17882 66631 7.452298 126 3587 2332 133.372442 0.130695 0.128781 22403 
1195572626 17918 66823 7.458757 126 3596 2335 133.691818 0.130832 0.128484 22476 
1195659026 17951 66969 7.461311 126 3601 2343 133.880787 0.130621 0.128466 22529 
1195745426 17968 67072 7.465717 126 3602 2347 134.069568 0.130467 0.128453 22569 
1195831826 17992 67176 7.467319 126 3617 2344 134.229435 0.130570 0.128249 22613 
1195918226 18013 67261 7.468051 126 3626 2347 134.287681 0.130743 0.128441 22641 
1196004626 18031 67373 7.473019 126 3630 2345 134.508014 0.130942 0.128372 22696 
1196091026 18058 67523 7.478458 126 3632 2354 134.788349 0.131236 0.128418 22767 
1196177426 18096 67710 7.483422 127 3635 2365 135.036583 0.130802 0.128939 22848 
1196263826 18137 67883 7.485582 127 3642 2382 135.214203 0.130704 0.129323 22906 
1196350226 18169 68041 7.489790 127 3646 2391 135.450383 0.130583 0.129775 22981 
1196436626 18200 68199 7.494396 127 3645 2402 135.691648 0.130652 0.130065 23054 
1196523026 18226 68308 7.495666 127 3650 2407 135.791726 0.130791 0.130255 23114 
1196609426 18245 68415 7.499589 127 3651 2412 135.968649 0.130898 0.130142 23159 
1196695826 18277 68541 7.500246 128 3667 2413 136.079554 0.131044 0.130155 23212 
1196782226 18298 68716 7.510766 128 3656 2423 136.451197 0.130894 0.130028 23286 
1196868626 18324 68885 7.518555 128 3655 2425 136.759987 0.130711 0.130117 23355 
1196955026 18354 69020 7.520976 128 3661 2433 136.952708 0.130611 0.130223 23414 
1197041426 18390 69188 7.524524 130 3675 2429 137.233496 0.130173 0.129968 23485 
1197127826 18416 69322 7.528454 130 3681 2431 137.433645 0.130444 0.129952 23549 
1197214226 18439 69436 7.531428 130 3682 2441 137.604317 0.130572 0.129809 23604 
1197300626 18466 69548 7.532546 130 3692 2446 137.728257 0.130558 0.129966 23654 
1197387026 18505 69702 7.533315 130 3710 2453 137.881437 0.130578 0.129790 23712 
1197473426 18536 69863 7.538088 130 3714 2456 138.115235 0.130461 0.129775 23780 
1197559826 18569 70011 7.540632 130 3720 2469 138.300393 0.130431 0.129648 23839 
1197646226 18605 70138 7.539694 130 3740 2475 138.390863 0.130628 0.129647 23894 
1197732626 18628 70249 7.542302 131 3751 2477 138.551213 0.130602 0.129652 23949 
1197819026 18645 70335 7.544650 131 3754 2479 138.657013 0.130810 0.129671 23990 
1197905426 18676 70463 7.545834 131 3765 2487 138.823088 0.130535 0.129715 24042 
1197991826 18697 70563 7.548056 131 3769 2486 138.997272 0.130049 0.129661 24085 
1198078226 18741 70710 7.546022 131 3795 2489 139.114348 0.130153 0.129540 24138 
1198164626 18786 70844 7.542212 132 3818 2495 139.126051 0.130237 0.129573 24186 
1198251026 18812 70967 7.544865 132 3825 2503 139.295662 0.130514 0.129678 24248 
1198337426 18844 71088 7.544895 132 3835 2514 139.401189 0.130605 0.130020 24292 
1198423826 18855 71173 7.549509 132 3831 2513 139.564996 0.130600 0.130075 24324 
1198510226 18878 71257 7.549211 132 3844 2511 139.616591 0.130757 0.129865 24361 
1198596626 18892 71354 7.553885 132 3838 2522 139.778636 0.130830 0.129766 24393 
1198683026 18900 71418 7.557460 132 3834 2525 139.921799 0.130967 0.129750 24423 
1198769426 18922 71510 7.558398 132 3842 2530 140.019131 0.131028 0.129774 24460 
1198855826 18942 71631 7.563193 132 3848 2523 140.243586 0.130781 0.129668 24513 
1198942226 18961 71762 7.569432 132 3847 2525 140.491535 0.130703 0.129734 24568 
1199028626 18988 71864 7.569412 132 3855 2533 140.620392 0.130544 0.129707 24618 
1199115026 19015 71997 7.572653 132 3866 2527 140.795793 0.130342 0.129589 24655 
1199201426 19034 72094 7.575286 133 3871 2527 140.945466 0.130249 0.129489 24689 
1199287826 19060 72221 7.578279 134 3872 2536 141.109129 0.130063 0.129353 24734 
1199374226 19094 72337 7.576935 134 3889 2539 141.194930 0.130139 0.129208 24777 
1199460626 19120 72455 7.578975 134 3900 2536 141.381276 0.129899 0.129290 24831 
1199547026 19142 72544 7.579563 134 3913 2537 141.476335 0.129990 0.129189 24870 
1199633426 19170 72648 7.579343 134 3928 2533 141.545540 0.129933 0.128857 24918 
1199719826 19197 72741 7.578372 134 3945 2528 141.618065 0.129865 0.128884 24960 
1199806226 19221 72852 7.580459 134 3955 2524 141.751938 0.130069 0.128929 25012 
1199892626 19238 72954 7.584364 134 3954 2533 141.937312 0.129775 0.128971 25052 
1199979026 19265 73077 7.586504 135 3955 2544 142.083675 0.129355 0.129465 25090 
1200065426 19298 73195 7.585760 136 3963 2556 142.183542 0.129157 0.129709 25140 
1200151826 19329 73309 7.585390 136 3978 2559 142.275338 0.129115 0.129318 25178 
1200238226 19350 73405 7.587080 136 3988 2560 142.399276 0.129196 0.129352 25217 
1200324626 19381 73511 7.585883 136 3998 2571 142.451576 0.129282 0.129104 25251 
1200411026 19405 73650 7.590827 136 4002 2566 142.651172 0.129109 0.129507 25322 
1200497426 19449 73791 7.588154 136 4027 2577 142.733200 0.129455 0.129395 25384 
1200583826 19480 73929 7.590246 136 4035 2584 142.880698 0.129697 0.129792 25446 
1200670226 19511 74070 7.592640 136 4040 2595 143.029881 0.129746 0.130350 25506 
1200756626 19535 74164 7.592936 136 4050 2592 143.097108 0.129737 0.130115 25547 
1200843026 19551 74259 7.596440 136 4047 2599 143.240448 0.129817 0.130382 25598 
1200929426 19573 74379 7.600163 137 4052 2602 143.450774 0.129650 0.130520 25650 
1201015826 19602 74494 7.600653 137 4064 2607 143.548413 0.129721 0.130237 25693 
1201102226 19649 74650 7.598351 137 4083 2615 143.603848 0.129645 0.130579 25761 
1201188626 19682 74791 7.599939 137 4088 2626 143.768418 0.129763 0.130865 25823 
1201275026 19722 74944 7.600041 137 4100 2636 143.912281 0.129805 0.130858 25881 
1201361426 19769 75131 7.600890 137 4108 2654 144.049370 0.129760 0.131243 25961 
1201447826 19806 75306 7.604362 138 4113 2670 144.342119 0.129295 0.131207 26034 
1201534226 19837 75459 7.607904 138 4114 2689 144.570651 0.129147 0.131332 26090 
1201620626 19875 75660 7.613585 138 4126 2689 144.862591 0.128860 0.131100 26176 
1201707026 19919 75819 7.612732 138 4146 2693 144.992821 0.128693 0.130779 26235 
1201793426 19959 75959 7.611504 139 4155 2713 145.119395 0.128097 0.130757 26284 
1201879826 19995 76102 7.612103 139 4160 2731 145.195399 0.128383 0.130656 26336 
1201966226 20017 76201 7.613628 139 4166 2733 145.304092 0.128186 0.130713 26377 
1202052626 20029 76273 7.616256 139 4164 2735 145.416346 0.128180 0.130920 26406 
1202139026 20055 76351 7.614161 139 4179 2737 145.415308 0.128433 0.130802 26430 
1202225426 20077 76454 7.616078 139 4179 2743 145.530508 0.128507 0.131249 26478 
1202311826 20096 76531 7.616541 139 4182 2751 145.602607 0.128465 0.131211 26508 
1202398226 20137 76681 7.615931 140 4192 2765 145.660327 0.128587 0.131335 26567 
1202484626 20181 76833 7.614390 140 4213 2772 145.727268 0.128757 0.131024 26619 
1202571026 20213 77026 7.621432 140 4208 2780 146.015337 0.128801 0.131045 26698 
1202657426 20238 77125 7.621801 140 4216 2783 146.102283 0.128771 0.131073 26727 
1202743826 20272 77277 7.624013 140 4233 2776 146.260556 0.128884 0.130767 26791 
1202830226 20303 77457 7.630104 140 4236 2781 146.557750 0.128819 0.130798 26866 
1202916626 20344 77659 7.634585 140 4252 2781 146.808199 0.128832 0.130999 26958 
1203003026 20383 77833 7.637050 140 4263 2781 146.971986 0.129015 0.130838 27026 
1203089426 20417 77998 7.640496 141 4273 2782 147.159230 0.128998 0.130575 27090 
1203175826 20449 78107 7.639200 141 4288 2780 147.204069 0.128925 0.130541 27139 
1203262226 20470 78214 7.641817 141 4287 2785 147.353200 0.128936 0.130795 27188 
1203348626 20498 78366 7.646209 141 4294 2785 147.563177 0.129032 0.130951 27250 
1203435026 20534 78546 7.650336 141 4296 2795 147.773157 0.129384 0.131223 27334 
1203521426 20569 78721 7.654334 141 4305 2801 147.995236 0.129649 0.131356 27394 
1203607826 20599 78866 7.657265 141 4309 2810 148.160202 0.129632 0.130993 27446 
1203694226 20629 79000 7.659121 141 4321 2811 148.324689 0.129538 0.131061 27507 
1203780626 20660 79129 7.660116 141 4327 2822 148.427106 0.129490 0.131122 27552 
1203867026 20676 79216 7.662604 141 4327 2828 148.544689 0.129472 0.131227 27590 
1203953426 20717 79352 7.660569 141 4346 2835 148.616885 0.129793 0.131225 27656 
1204039826 20756 79522 7.662555 141 4347 2858 148.785219 0.129936 0.131410 27724 
1204126226 20798 79712 7.665352 141 4362 2860 149.000673 0.130001 0.131462 27801 
1204212626 20840 79883 7.666315 141 4374 2878 149.185988 0.129888 0.131725 27869 
1204299026 20891 80046 7.663204 141 4401 2877 149.226078 0.130271 0.131143 27922 
1204385426 20918 80170 7.665169 141 4409 2876 149.366287 0.130482 0.131141 27969 
1204471826 20945 80323 7.669897 141 4411 2876 149.585963 0.130583 0.131151 28028 
1204558226 20969 80442 7.672469 141 4411 2891 149.745338 0.130382 0.131272 28085 
1204644626 21024 80674 7.674467 141 4429 2901 149.962234 0.130400 0.131159 28181 
1204731026 21071 80867 7.675668 141 4443 2898 150.082673 0.130622 0.131327 28253 
1204817426 21112 81061 7.679140 141 4447 2904 150.314324 0.130255 0.131514 28343 
1204903826 21156 81212 7.677444 141 4463 2912 150.378049 0.130254 0.131200 28397 
1204990226 21191 81364 7.679109 141 4481 2913 150.587514 0.129809 0.131229 28456 
1205076626 21231 81491 7.676605 141 4499 2927 150.616363 0.129896 0.131173 28503 
1205163026 21267 81639 7.677529 141 4505 2923 150.692904 0.130149 0.131100 28551 
1205249426 21318 81818 7.675955 141 4533 2923 150.785158 0.130104 0.130918 28614 
1205335826 21363 82001 7.676918 141 4549 2929 150.958480 0.130020 0.131056 28688 
1205422226 21398 82148 7.678101 141 4555 2940 151.097018 0.130092 0.131117 28739 
1205508626 21428 82293 7.680885 141 4554 2951 151.243980 0.130067 0.130879 28791 
1205595026 21455 82398 7.681007 141 4568 2954 151.333955 0.130100 0.130813 28834 
1205681426 21472 82475 7.682098 141 4572 2959 151.417940 0.130218 0.130613 28863 
1205767826 21505 82610 7.682864 142 4584 2959 151.584469 0.130137 0.130489 28914 
1205854226 21559 82809 7.682082 142 4607 2967 151.663899 0.130370 0.130281 28989 
1205940626 21603 82985 7.682729 142 4613 2990 151.793177 0.130507 0.130308 29053 
1206027026 21628 83118 7.686148 143 4609 3009 151.963751 0.130376 0.130392 29108 
1206113426 21665 83262 7.686314 143 4615 3022 152.055850 0.130334 0.130294 29166 
1206199826 21687 83393 7.690598 143 4613 3034 152.271499 0.130308 0.130149 29214 
1206286226 21715 83515 7.691918 143 4616 3047 152.397513 0.130146 0.130365 29272 
1206372626 21736 83624 7.694516 143 4616 3057 152.529996 0.130180 0.130403 29314 
1206459026 21781 83799 7.694688 144 4622 3071 152.636977 0.130232 0.130598 29370 
1206545426 21818 83971 7.697406 144 4623 3089 152.848657 0.130071 0.130869 29444 
1206631826 21859 84146 7.698980 144 4635 3098 153.043140 0.129941 0.130647 29499 
1206718226 21894 84376 7.707682 144 4635 3091 153.448159 0.129431 0.130520 29608 
1206804626 21934 84529 7.707577 144 4655 3091 153.559132 0.129601 0.130315 29670 
1206891026 21972 84675 7.707537 144 4671 3088 153.624613 0.129719 0.130321 29726 
1206977426 22012 84880 7.712157 144 4676 3087 153.913865 0.129819 0.130259 29806 
1207063826 22051 85073 7.716022 144 4688 3096 154.186386 0.129802 0.130129 29883 
1207150226 22113 85302 7.715100 145 4700 3109 154.323882 0.129887 0.130137 29963 
1207236626 22161 85531 7.719056 146 4705 3123 154.584631 0.129829 0.130160 30058 
1207323026 22205 85727 7.721414 146 4712 3141 154.741094 0.129981 0.130528 30160 
1207409426 22251 85916 7.722439 146 4735 3135 154.899465 0.129949 0.130275 30233 
1207495826 22294 86041 7.718758 146 4756 3145 154.893514 0.130127 0.130415 30273 
1207582226 22330 86238 7.723959 147 4768 3145 155.157367 0.130267 0.130262 30354 
1207668626 22368 86439 7.728809 147 4770 3141 155.393866 0.130148 0.130380 30426 
1207755026 22405 86620 7.732203 147 4782 3142 155.591788 0.130136 0.130676 30501 
1207841426 22450 86823 7.734788 147 4794 3154 155.786192 0.130335 0.130651 30588 
1207927826 22507 87031 7.733683 147 4823 3152 155.938952 0.130322 0.130467 30668 
1208014226 22543 87183 7.734818 147 4831 3165 156.102116 0.130412 0.130400 30734 
1208100626 22560 87278 7.737411 147 4837 3164 156.214982 0.130440 0.130269 30769 
1208187026 22598 87431 7.737941 147 4854 3164 156.345871 0.130330 0.130190 30828 
1208273426 22650 87639 7.738543 147 4872 3166 156.533333 0.130384 0.130251 30901 
1208359826 22682 87846 7.745878 147 4866 3181 156.859183 0.130427 0.130534 30991 
1208446226 22725 88075 7.751375 147 4874 3188 157.186447 0.129983 0.130677 31090 
1208532626 22768 88285 7.755183 148 4870 3196 157.371398 0.129734 0.131045 31172 
1208619026 22813 88463 7.755490 148 4879 3207 157.451278 0.129821 0.131028 31235 
1208705426 22829 88550 7.757677 148 4882 3208 157.550659 0.129843 0.131095 31270 
1208791826 22862 88722 7.761526 148 4882 3224 157.737906 0.129985 0.131323 31351 
1208878226 22905 88924 7.764593 148 4888 3235 157.936520 0.130023 0.131337 31433 
1208964626 22950 89127 7.767059 148 4912 3226 158.176819 0.130354 0.131338 31535 
1209051026 23000 89331 7.767913 148 4930 3230 158.346174 0.130400 0.131579 31616 
1209137426 23040 89509 7.769878 148 4940 3237 158.490972 0.130415 0.131729 31675 
1209223826 23066 89608 7.769704 148 4946 3238 158.521200 0.130526 0.131507 31705 
1209310226 23101 89739 7.769274 148 4951 3250 158.607246 0.130638 0.131871 31768 
1209396626 23144 89891 7.767974 148 4966 3264 158.657190 0.131010 0.131816 31830 
1209483026 23197 90104 7.768591 148 4979 3273 158.765702 0.131248 0.131401 31907 
1209569426 23252 90298 7.766902 149 4998 3286 158.867710 0.131380 0.131893 31992 
1209655826 23301 90511 7.768851 149 5018 3285 159.041844 0.131403 0.131767 32072 
1209742226 23344 90736 7.773818 149 5007 3303 159.256254 0.131659 0.132508 32177 
1209828626 23369 90882 7.777996 149 5007 3300 159.386110 0.131823 0.132159 32235 
1209915026 23393 91029 7.782585 150 4997 3315 159.609627 0.131506 0.132554 32300 
1210001426 23435 91219 7.784852 150 5002 3328 159.765052 0.131690 0.132821 32384 
1210087826 23481 91429 7.787488 150 5001 3349 159.966271 0.131597 0.133112 32469 
1210174226 23533 91625 7.786937 150 5021 3360 160.098330 0.131728 0.133250 32546 
1210260626 23574 91822 7.790108 150 5021 3373 160.270722 0.131626 0.133235 32620 
1210347026 23616 91991 7.790566 150 5032 3380 160.357978 0.131643 0.133360 32688 
1210433426 23652 92133 7.790715 150 5045 3380 160.435819 0.131851 0.133316 32732 
1210519826 23677 92280 7.794906 151 5040 3390 160.641382 0.131543 0.133419 32793 
1210606226 23721 92441 7.794022 151 5049 3407 160.721808 0.131748 0.133562 32853 
1210692626 23761 92616 7.795631 151 5054 3418 160.875132 0.131862 0.133645 32909 
1210779026 23819 92838 7.795289 151 5076 3421 161.027667 0.131883 0.133412 32995 
1210865426 23859 93038 7.798986 151 5076 3423 161.266189 0.131778 0.133787 33082 
1210951826 23899 93226 7.801665 151 5083 3423 161.458889 0.131929 0.133569 33156 
1211038226 23937 93361 7.800560 151 5102 3426 161.507374 0.132141 0.133513 33211 
1211124626 23976 93484 7.798131 151 5122 3428 161.493744 0.132220 0.133538 33257 
1211211026 24006 93658 7.802883 151 5120 3444 161.754811 0.132131 0.133812 33341 
1211297426 24062 93852 7.800848 151 5133 3463 161.801180 0.132496 0.133698 33396 
1211383826 24110 94064 7.802903 151 5143 3473 162.005558 0.132486 0.133868 33477 
1211470226 24152 94249 7.804654 152 5148 3489 162.159904 0.132521 0.134025 33544 
1211556626 24200 94447 7.805537 153 5157 3496 162.271653 0.132388 0.134174 33617 
1211643026 24234 94600 7.807213 153 5165 3503 162.426178 0.132218 0.134363 33677 
1211729426 24257 94726 7.810199 153 5165 3507 162.584574 0.132293 0.134253 33721 
1211815826 24285 94845 7.810994 153 5182 3491 162.710233 0.132313 0.134256 33776 
1211902226 24328 95006 7.810424 153 5193 3504 162.775567 0.132596 0.134501 33848 
1211988626 24375 95202 7.811446 154 5220 3488 162.917415 0.132619 0.134295 33924 
1212075026 24416 95400 7.814548 154 5229 3501 163.180537 0.132653 0.134457 34017 
1212161426 24457 95613 7.818866 154 5239 3497 163.433864 0.132689 0.134317 34103 
1212247826 24510 95782 7.815749 154 5262 3504 163.470583 0.132458 0.133978 34157 
1212334226 24537 95899 7.816685 154 5271 3499 163.523658 0.132631 0.134022 34206 
1212420626 24578 96044 7.815445 154 5291 3497 163.609407 0.132598 0.133964 34251 
1212507026 24625 96243 7.816690 155 5303 3505 163.785990 0.132526 0.134042 34325 
1212593426 24673 96454 7.818587 155 5315 3509 163.914887 0.132720 0.134088 34410 
1212679826 24731 96652 7.816263 155 5336 3522 163.978084 0.132859 0.133737 34484 
1212766226 24788 96851 7.814346 155 5357 3533 164.039535 0.132941 0.133586 34559 
1212852626 24836 97026 7.813335 155 5374 3540 164.120953 0.132956 0.133439 34625 
1212939026 24874 97179 7.813701 155 5387 3542 164.205194 0.133226 0.133392 34681 
1213025426 24931 97338 7.808592 155 5423 3545 164.184108 0.133327 0.133062 34731 
1213111826 24975 97509 7.808529 155 5439 3547 164.348188 0.133464 0.133103 34803 
1213198226 25026 97717 7.809238 156 5444 3565 164.540638 0.133229 0.133040 34879 
1213284626 25079 97924 7.809243 156 5467 3562 164.694047 0.132951 0.132729 34951 
1213371026 25127 98109 7.809050 157 5482 3577 164.843236 0.132861 0.132668 35017 
1213457426 25155 98241 7.810853 157 5488 3578 164.971258 0.133059 0.132689 35072 
1213543826 25185 98368 7.811634 157 5503 3579 165.114393 0.133038 0.132599 35125 
1213630226 25249 98573 7.808072 157 5538 3588 165.163056 0.133275 0.132209 35188 
1213716626 25296 98777 7.809693 158 5553 3592 165.309772 0.132925 0.132087 35266 
1213803026 25336 98993 7.814414 158 5555 3597 165.583518 0.132970 0.132446 35359 
1213889426 25376 99185 7.817229 158 5553 3618 165.784678 0.133090 0.132695 35437 
1213975826 25437 99386 7.814286 158 5585 3623 165.847545 0.133237 0.132370 35509 
1214062226 25482 99542 7.812731 158 5609 3615 165.884075 0.133398 0.132204 35566 
1214148626 25512 99689 7.815067 158 5611 3627 166.017560 0.133492 0.132256 35632 
1214235026 25568 99888 7.813517 159 5630 3636 166.090895 0.133503 0.131957 35710 
1214321426 25635 100138 7.812600 160 5652 3650 166.218607 0.133383 0.132088 35816 
1214407826 25689 100344 7.812215 160 5658 3670 166.321772 0.133370 0.132162 35893 
1214494226 25742 100561 7.812990 160 5669 3675 166.397871 0.133652 0.132135 35977 
1214580626 25822 100802 7.807451 161 5698 3698 166.331810 0.133450 0.132142 36062 
1214667026 25881 100974 7.802944 161 5723 3699 166.260655 0.133782 0.131991 36120 
1214753426 25927 101163 7.803680 161 5728 3705 166.389092 0.133827 0.132197 36199 
1214839826 25978 101367 7.804065 161 5745 3693 166.495496 0.134101 0.131664 36264 
1214926226 26044 101605 7.802565 161 5771 3703 166.564122 0.134130 0.131547 36347 
1215012626 26097 101836 7.804422 162 5778 3720 166.746446 0.134156 0.131204 36433 
1215099026 26153 102090 7.807135 162 5791 3714 166.969678 0.134191 0.131162 36537 
1215185426 26203 102259 7.805137 162 5812 3720 166.987902 0.134374 0.130836 36594 
1215271826 26232 102380 7.805733 162 5817 3719 167.043306 0.134327 0.130517 36628 
1215358226 26266 102520 7.806289 162 5824 3724 167.129597 0.134400 0.130427 36678 
1215444626 26321 102734 7.806238 162 5832 3742 167.208389 0.134598 0.130530 36757 
1215531026 26381 102948 7.804708 163 5857 3751 167.262120 0.134611 0.130522 36847 
1215617426 26464 103211 7.800106 163 5890 3763 167.270330 0.134748 0.130595 36943 
1215703826 26538 103456 7.796820 163 5930 3760 167.334916 0.134699 0.130390 37040 
1215790226 26599 103690 7.796534 163 5946 3770 167.384639 0.135055 0.129931 37120 
1215876626 26633 103857 7.799121 163 5933 3792 167.497916 0.135205 0.130198 37192 
1215963026 26672 104026 7.800390 163 5938 3805 167.633248 0.135179 0.130210 37262 
1216049426 26712 104197 7.801512 163 5954 3806 167.752621 0.135185 0.130041 37325 
1216135826 26787 104494 7.801844 163 5976 3797 167.922201 0.135336 0.129640 37434 
1216222226 26848 104747 7.802965 163 5978 3827 168.109505 0.135362 0.129774 37523 
1216308626 26908 104976 7.802587 163 5988 3848 168.222759 0.135606 0.129620 37605 
1216395026 26980 105213 7.799333 164 6018 3852 168.243143 0.135970 0.129626 37692 
1216481426 27014 105382 7.802029 164 6007 3879 168.369808 0.136078 0.129893 37753 
1216567826 27055 105560 7.803364 164 6011 3895 168.475624 0.136050 0.130079 37831 
1216654226 27123 105775 7.799653 164 6043 3894 168.470597 0.136234 0.129933 37906 
1216740626 27210 106070 7.796398 164 6067 3902 168.525395 0.136332 0.129907 38017 
1216827026 27300 106351 7.791282 164 6105 3918 168.541245 0.136418 0.130148 38121 
1216913426 27391 106625 7.785404 164 6148 3927 168.547187 0.136425 0.129812 38206 
1216999826 27463 106863 7.782325 164 6176 3932 168.571533 0.136701 0.129114 38288 
1217086226 27534 107092 7.778892 164 6200 3944 168.542820 0.137028 0.128714 38355 
1217172626 27590 107290 7.777456 164 6223 3942 168.610874 0.136942 0.128594 38425 
1217259026 27651 107505 7.775849 164 6239 3945 168.666377 0.136895 0.128761 38504 
1217345426 27736 107798 7.773147 164 6263 3954 168.699524 0.137097 0.128695 38601 
1217431826 27814 108098 7.772920 164 6284 3962 168.836270 0.137350 0.128521 38702 
1217518226 27896 108396 7.771437 164 6305 3979 168.908374 0.137826 0.128420 38802 
1217604626 27963 108668 7.772271 164 6317 3999 169.045024 0.137709 0.128630 38899 
1217691026 28041 108921 7.768696 164 6349 4008 169.085767 0.137966 0.128560 38995 
1217777426 28096 109130 7.768366 164 6368 4009 169.229784 0.137966 0.128295 39066 
1217863826 28171 109399 7.766781 164 6398 4029 169.338753 0.137990 0.128183 39167 
1217950226 28271 109715 7.761664 164 6427 4058 169.344275 0.138184 0.128217 39290 
1218036626 28366 110061 7.760065 164 6449 4084 169.470211 0.138409 0.128265 39422 
1218123026 28479 110400 7.753081 164 6477 4117 169.367534 0.138707 0.128485 39538 
1218209426 28555 110693 7.752968 164 6487 4133 169.502504 0.139045 0.128348 39653 
1218295826 28599 110917 7.756705 164 6481 4146 169.678590 0.139110 0.128456 39749 
1218382226 28663 111097 7.751945 164 6513 4148 169.620207 0.139320 0.128245 39813 
1218468626 28735 111344 7.749713 165 6528 4170 169.657004 0.139164 0.128177 39902 
1218555026 28827 111638 7.745378 165 6559 4191 169.675304 0.139136 0.128045 39998 
1218641426 28914 111951 7.743723 165 6578 4219 169.798437 0.139263 0.127970 40103 
1218727826 29002 112257 7.741328 165 6598 4240 169.863734 0.139416 0.128549 40234 
1218814226 29073 112547 7.742373 165 6598 4266 170.006329 0.139399 0.128817 40362 
1218900626 29152 112794 7.738337 165 6606 4299 170.031284 0.139361 0.129037 40441 
1218987026 29233 113051 7.734478 165 6636 4320 169.995142 0.139532 0.128834 40523 
1219073426 29306 113378 7.737528 165 6645 4336 170.237426 0.139549 0.128955 40637 
1219159826 29419 113747 7.732894 166 6669 4362 170.274924 0.139681 0.129154 40747 
1219246226 29502 114073 7.733238 166 6693 4376 170.443021 0.139740 0.129176 40863 
1219332626 29600 114418 7.730946 166 6703 4409 170.460541 0.140130 0.129372 40980 
1219419026 29694 114738 7.728026 166 6717 4435 170.472217 0.140554 0.129636 41097 
1219505426 29775 115031 7.726683 166 6747 4423 170.546700 0.140807 0.129556 41203 
1219591826 29843 115265 7.724760 166 6762 4451 170.554971 0.141020 0.129739 41295 
1219678226 29945 115607 7.721289 166 6791 4462 170.602037 0.141175 0.129803 41417 
1219764626 30056 115981 7.717660 166 6830 4477 170.640205 0.141437 0.129807 41551 
1219851026 30143 116323 7.718077 166 6844 4494 170.815380 0.141649 0.129588 41665 
1219937426 30246 116711 7.717450 167 6876 4493 170.897044 0.142121 0.129755 41817 
1220023826 30317 116993 7.717980 169 6885 4517 171.070752 0.142010 0.129901 41921 
1220110226 30395 117233 7.713966 169 6914 4532 171.069979 0.142045 0.129633 42000 
1220196626 30437 117435 7.716595 169 6902 4559 171.209252 0.142104 0.129752 42080 
1220283026 30484 117677 7.720575 169 6899 4559 171.406180 0.142324 0.129770 42184 
1220369426 30526 117874 7.722859 169 6907 4557 171.540261 0.142466 0.129494 42256 
1220455826 30571 118069 7.724248 169 6902 4567 171.629584 0.142562 0.129296 42318 
1220542226 30605 118281 7.729521 169 6899 4563 171.861395 0.142539 0.129526 42415 
1220628626 30650 118500 7.732463 169 6903 4558 171.990799 0.142637 0.129529 42495 
1220715026 30711 118756 7.733776 170 6910 4570 172.130767 0.142566 0.129362 42586 
1220801426 30769 119014 7.735968 170 6910 4587 172.257272 0.142511 0.129436 42673 
1220887826 30850 119307 7.734652 170 6934 4603 172.294911 0.142731 0.129204 42758 
1220974226 30928 119703 7.740753 170 6927 4611 172.581997 0.142718 0.129079 42899 
1221060626 31032 120015 7.734919 170 6972 4621 172.509216 0.143105 0.128918 43007 
1221147026 31110 120312 7.734619 170 6977 4651 172.564320 0.143310 0.128933 43111 
1221233426 31227 120682 7.729337 170 7014 4655 172.544913 0.143493 0.128904 43225 
1221319826 31312 120955 7.725792 170 7031 4676 172.528360 0.143660 0.128473 43295 
1221406226 31373 121239 7.728875 170 7035 4678 172.707551 0.143965 0.128359 43402 
1221492626 31449 121540 7.729340 171 7038 4709 172.812108 0.144028 0.128196 43496 
1221579026 31546 121903 7.728587 171 7059 4742 172.957839 0.144118 0.128333 43635 
1221665426 31681 122396 7.726776 173 7080 4788 173.074209 0.144162 0.128155 43799 
1221751826 31788 122792 7.725683 173 7103 4806 173.231723 0.144138 0.128122 43925 
1221838226 31885 123152 7.724761 174 7118 4838 173.346527 0.144175 0.127886 44043 
1221924626 31977 123458 7.721675 174 7136 4863 173.373675 0.144296 0.127841 44143 
1222011026 32059 123752 7.720266 174 7163 4869 173.435790 0.144379 0.127432 44237 
1222097426 32140 124091 7.721904 174 7183 4878 173.577411 0.144378 0.127117 44357 
1222183826 32240 124462 7.720968 174 7212 4877 173.726861 0.144219 0.127009 44492 
1222270226 32344 124817 7.718093 174 7223 4911 173.740972 0.144299 0.127189 44609 
1222356626 32448 125203 7.717147 175 7227 4950 173.819465 0.144273 0.127247 44736 
1222443026 32541 125535 7.715497 175 7235 4988 173.879414 0.144383 0.127451 44847 
1222529426 32613 125793 7.714286 175 7244 5016 173.914267 0.144526 0.127604 44919 
1222615826 32689 126025 7.710545 175 7274 5028 173.888770 0.144677 0.127377 44991 
1222702226 32786 126364 7.708412 175 7308 5041 173.896358 0.144975 0.127370 45123 
1222788626 32863 126799 7.716824 176 7295 5068 174.298086 0.144973 0.127872 45287 
1222875026 32981 127193 7.713108 176 7329 5091 174.356751 0.145337 0.127477 45415 
1222961426 33064 127618 7.719453 176 7320 5121 174.640999 0.145635 0.127810 45582 
1223047826 33162 128029 7.721428 176 7318 5152 174.825644 0.145727 0.127649 45743 
1223134226 33243 128365 7.722829 176 7335 5160 174.967181 0.146156 0.127863 45874 
1223220626 33303 128645 7.725730 176 7334 5178 175.118758 0.146213 0.127904 45971 
1223307026 33390 128968 7.724948 176 7350 5194 175.215094 0.146472 0.128099 46077 
1223393426 33489 129377 7.726537 177 7360 5214 175.378542 0.146737 0.128351 46228 
1223479826 33619 129844 7.724442 177 7392 5230 175.436807 0.147098 0.127856 46373 
1223566226 33734 130201 7.719274 177 7426 5247 175.414359 0.147124 0.127677 46490 
1223652626 33845 130653 7.720668 178 7438 5265 175.620269 0.147265 0.127456 46654 
1223739026 33927 130969 7.720635 178 7450 5276 175.676246 0.147531 0.127387 46781 
1223825426 33997 131227 7.719916 178 7462 5288 175.700621 0.147762 0.127525 46863 
1223911826 34083 131635 7.724379 178 7458 5322 175.931520 0.147999 0.127809 47024 
1223998226 34201 132156 7.728195 178 7459 5350 176.188532 0.147953 0.127994 47199 
1224084626 34315 132568 7.726534 180 7489 5363 176.235932 0.147971 0.127790 47317 
1224171026 34414 133004 7.729645 180 7482 5383 176.396408 0.148202 0.128034 47467 
1224257426 34542 133511 7.730357 180 7513 5388 176.585316 0.148198 0.128098 47648 
1224343826 34628 133814 7.728659 180 7525 5410 176.621058 0.148345 0.128147 47759 
1224430226 34695 134043 7.726935 180 7551 5410 176.646491 0.148397 0.128220 47844 
1224516626 34790 134446 7.729003 180 7555 5443 176.813797 0.148540 0.128118 47977 
1224603026 34922 134960 7.729225 180 7565 5466 176.972968 0.148738 0.128478 48178 
1224689426 35047 135435 7.728764 180 7571 5496 177.063772 0.149106 0.128280 48350 
1224775826 35173 135936 7.729565 180 7591 5522 177.286612 0.149141 0.128418 48525 
1224862226 35288 136408 7.731127 180 7614 5522 177.428701 0.149421 0.128416 48703 
1224948626 35369 136747 7.732591 180 7612 5543 177.531002 0.149551 0.128197 48810 
1225035026 35431 136996 7.733115 180 7616 5562 177.582061 0.149640 0.128338 48903 
1225121426 35526 137326 7.731014 180 7651 5564 177.627540 0.149820 0.128314 49020 
1225207826 35642 137781 7.731384 182 7690 5563 177.767016 0.149899 0.128005 49183 
1225294226 35757 138206 7.730291 182 7715 5574 177.899936 0.149959 0.127641 49332 
1225380626 35864 138648 7.731876 182 7727 5604 178.050078 0.150085 0.127507 49475 
1225467026 35985 139069 7.729276 182 7752 5636 178.129498 0.150022 0.127487 49602 
1225553426 36050 139357 7.731318 182 7765 5627 178.224466 0.150265 0.127495 49702 
1225639826 36122 139631 7.731078 182 7769 5645 178.298931 0.150451 0.127725 49810 
1225726226 36204 139990 7.733400 182 7769 5671 178.434151 0.150611 0.128163 49947 
1225812626 36328 140483 7.734144 182 7792 5693 178.626294 0.150602 0.128395 50125 
1225899026 36446 140882 7.730999 182 7836 5683 178.663283 0.150573 0.128063 50261 
1225985426 36561 141356 7.732611 183 7839 5707 178.792867 0.150676 0.127992 50410 
1226071826 36700 141833 7.729319 183 7879 5739 178.813243 0.150899 0.127939 50583 
1226158226 36793 142252 7.732558 183 7889 5749 179.047699 0.150729 0.127902 50744 
1226244626 36865 142575 7.734979 183 7877 5774 179.163543 0.150813 0.127727 50846 
1226331026 36978 143133 7.741522 183 7875 5799 179.497431 0.151122 0.127515 51052 
1226417426 37120 143731 7.744127 183 7900 5813 179.735884 0.151063 0.127533 51274 
1226503826 37265 144286 7.743781 184 7920 5830 179.840011 0.151249 0.127361 51448 
1226590226 37431 144862 7.740215 185 7960 5851 179.828591 0.151778 0.127112 51629 
1226676626 37601 145461 7.737081 185 8010 5871 179.833143 0.152073 0.126601 51819 
1226763026 37707 145933 7.740367 185 8003 5901 180.051237 0.152097 0.126560 51976 
1226849426 37792 146339 7.744443 185 8002 5918 180.258150 0.152295 0.126269 52121 
1226935826 37912 146808 7.744672 185 8008 5950 180.342161 0.152386 0.126598 52280 
1227022226 38063 147392 7.744634 187 8039 5970 180.525707 0.152099 0.126146 52450 
1227108626 38192 147926 7.746439 187 8047 5988 180.670193 0.152404 0.125869 52620 
1227195026 38332 148473 7.746687 187 8072 6005 180.799019 0.152469 0.125807 52785 
1227281426 38481 149030 7.745641 187 8102 6026 180.898365 0.152544 0.125800 52966 
1227367826 38596 149436 7.743600 187 8124 6046 180.936470 0.152617 0.125748 53093 
1227454226 38683 149804 7.745211 187 8122 6077 181.075718 0.152564 0.125947 53220 
1227540626 38809 150288 7.745008 187 8137 6086 181.169368 0.152652 0.126083 53372 
1227627026 38960 150833 7.742967 188 8179 6093 181.200873 0.153022 0.125908 53541 
1227713426 39069 151351 7.747882 188 8194 6085 181.473444 0.153069 0.125918 53745 
1227799826 39180 151780 7.747831 188 8221 6089 181.550995 0.153206 0.125883 53888 
1227886226 39285 152168 7.746875 188 8245 6089 181.547155 0.153587 0.125591 54015 
1227972626 39380 152549 7.747537 188 8252 6110 181.642509 0.153740 0.125653 54140 
1228059026 39497 152969 7.745854 189 8271 6133 181.683925 0.153874 0.125622 54282 
1228145426 39605 153443 7.748668 189 8278 6139 181.823204 0.154112 0.125689 54430 
1228231826 39742 154005 7.750239 189 8286 6172 181.994615 0.154250 0.125510 54603 
1228318226 39882 154594 7.752570 190 8281 6193 182.179931 0.154529 0.125457 54783 
1228404626 40023 155238 7.757439 190 8272 6236 182.438348 0.154727 0.125742 54993 
1228491026 40193 155885 7.756823 190 8330 6239 182.538502 0.155207 0.125191 55187 
1228577426 40294 156382 7.762049 190 8321 6266 182.773316 0.155378 0.125133 55360 
1228663826 40387 156818 7.765766 190 8319 6273 182.969470 0.155481 0.125108 55511 
1228750226 40517 157355 7.767357 190 8320 6297 183.118099 0.155285 0.125050 55684 
1228836626 40676 158042 7.770774 191 8332 6320 183.325696 0.155737 0.125039 55905 
1228923026 40811 158583 7.771581 191 8345 6345 183.426037 0.155871 0.125006 56072 
1229009426 40947 159151 7.773512 192 8348 6369 183.582973 0.155966 0.125255 56258 
1229095826 41096 159777 7.775793 192 8356 6398 183.749173 0.155944 0.125151 56472 
1229182226 41215 160212 7.774451 192 8384 6400 183.752711 0.156300 0.125196 56605 
1229268626 41323 160617 7.773734 192 8389 6439 183.782688 0.156620 0.125268 56729 
1229355026 41447 161131 7.775279 192 8429 6415 183.935098 0.156695 0.125147 56885 
1229441426 41614 161783 7.775412 192 8445 6432 184.056856 0.156780 0.125010 57083 
1229527826 41773 162459 7.778182 193 8447 6472 184.236229 0.157157 0.125359 57320 
1229614226 41929 163074 7.778578 194 8476 6479 184.375206 0.157260 0.125188 57512 
1229700626 42083 163661 7.778010 195 8531 6469 184.462134 0.157528 0.124768 57702 
1229787026 42198 164195 7.782122 195 8526 6486 184.685056 0.157495 0.125145 57881 
1229873426 42297 164669 7.786321 195 8501 6526 184.863371 0.157756 0.125387 58050 
1229959826 42434 165331 7.792383 195 8504 6517 185.140501 0.157780 0.125009 58280 
1230046226 42571 165986 7.798079 195 8508 6541 185.389631 0.158077 0.125070 58498 
1230132626 42698 166555 7.801536 195 8491 6590 185.569020 0.158367 0.125326 58681 
1230219026 42801 167020 7.804491 195 8502 6582 185.734072 0.158178 0.125475 58836 
1230305426 42903 167401 7.803697 195 8525 6592 185.786262 0.158232 0.125521 58968 
1230391826 43027 167861 7.802589 195 8540 6613 185.814024 0.158302 0.125342 59114 
1230478226 43133 168335 7.805393 195 8543 6642 186.009830 0.158240 0.125477 59282 
1230564626 43285 168936 7.805753 195 8564 6656 186.125217 0.158528 0.125530 59496 
1230651026 43476 169634 7.803570 195 8621 6653 186.226884 0.158728 0.125303 59725 
1230737426 43664 170318 7.801301 196 8669 6681 186.288567 0.158829 0.125123 59954 
1230823826 43814 170851 7.798923 197 8725 6678 186.329027 0.158884 0.124817 60111 
1230910226 43962 171459 7.800328 198 8746 6704 186.524316 0.158869 0.124944 60298 
1230996626 44108 172017 7.799810 198 8777 6728 186.630589 0.158985 0.124883 60490 
1231083026 44201 172561 7.808013 198 8750 6759 186.954684 0.158918 0.125106 60679 
1231169426 44338 173171 7.811403 198 8775 6760 187.127611 0.159177 0.124982 60882 
1231255826 44466 173926 7.822876 198 8768 6736 187.595016 0.159273 0.124911 61159 
1231342226 44578 174686 7.837319 198 8736 6742 188.193862 0.159376 0.125134 61460 
1231428626 44680 175398 7.851298 198 8679 6773 188.696329 0.159303 0.125284 61717 
1231515026 44781 176084 7.864228 198 8635 6788 189.190773 0.159392 0.125163 61945 
1231601426 44857 176673 7.877165 198 8586 6801 189.642464 0.159400 0.125306 62165 
1231687826 44937 177177 7.885573 198 8555 6840 189.971516 0.159699 0.125538 62353 
1231774226 45025 177774 7.896680 198 8520 6858 190.357934 0.160083 0.125707 62585 
1231860626 45130 178466 7.908974 198 8471 6881 190.815333 0.160283 0.125931 62844 
1231947026 45227 179157 7.922568 199 8462 6858 191.383333 0.160120 0.125907 63102 
1232033426 45335 179798 7.931973 200 8447 6856 191.781846 0.159989 0.126002 63342 
1232119826 45416 180433 7.945790 200 8387 6872 192.284393 0.159983 0.126181 63574 
1232206226 45501 181010 7.956309 200 8362 6874 192.667062 0.160120 0.126222 63783 
1232292626 45573 181549 7.967393 201 8316 6902 193.121936 0.159885 0.126463 63986 
1232379026 45633 182078 7.980102 201 8264 6922 193.595381 0.160066 0.126519 64189 
1232465426 45711 182714 7.994312 201 8184 6993 194.090263 0.160360 0.126842 64437 
1232551826 45792 183272 8.004542 201 8168 6973 194.465496 0.160444 0.126749 64654 
1232638226 45812 183401 8.006679 202 8156 6986 194.549201 0.160332 0.126798 64702 
