1165073426 0 0 0.000000 0 0 0 0.000000 0.000000 0.000000 0 
1165159826 7999 18411 4.603325 46 2058 1319 42.206776 0.207814 0.091156 4161 
1165246226 8025 18512 4.613583 46 2055 1333 42.411464 0.207389 0.091834 4192 
1165332626 8056 18639 4.627358 47 2062 1335 42.746773 0.206613 0.092205 4241 
1165419026 8089 18782 4.643837 47 2065 1343 43.119298 0.205519 0.092827 4296 
1165505426 8111 18892 4.658365 47 2062 1355 43.422019 0.205057 0.094184 4350 
1165591826 8142 18998 4.666667 47 2068 1362 43.622451 0.204800 0.094309 4380 
1165678226 8160 19096 4.680392 48 2062 1366 43.902941 0.203877 0.094983 4417 
1165764626 8180 19167 4.686308 48 2073 1366 44.064548 0.204538 0.095323 4446 
1165851026 8209 19263 4.693142 48 2086 1360 44.260933 0.203019 0.095498 4484 
1165937426 8236 19381 4.706411 49 2095 1356 44.567023 0.202451 0.096640 4533 
1166023826 8277 19493 4.710161 49 2113 1357 44.747614 0.201470 0.096457 4564 
1166110226 8304 19624 4.726397 50 2103 1376 45.046965 0.200522 0.097890 4617 
1166196626 8330 19736 4.738535 50 2111 1379 45.355102 0.199420 0.098635 4668 
1166283026 8346 19826 4.751018 50 2105 1384 45.583034 0.199860 0.099478 4699 
1166369426 8358 19915 4.765494 50 2095 1388 45.889687 0.197905 0.100008 4738 
1166455826 8382 20012 4.774994 50 2093 1395 46.107612 0.197544 0.100868 4773 
1166542226 8405 20121 4.787864 50 2099 1406 46.402380 0.198349 0.101376 4822 
1166628626 8427 20223 4.799573 51 2099 1421 46.700605 0.198888 0.102548 4875 
1166715026 8455 20365 4.817268 52 2103 1415 47.092844 0.198353 0.103157 4926 
1166801426 8481 20480 4.829619 52 2109 1422 47.342295 0.197202 0.103815 4985 
1166887826 8504 20568 4.837253 52 2104 1431 47.527046 0.197305 0.105459 5024 
1166974226 8516 20633 4.845702 52 2104 1430 47.673556 0.197460 0.105977 5051 
1167060626 8534 20737 4.859855 53 2103 1424 48.002109 0.196480 0.106534 5096 
1167147026 8552 20848 4.875585 53 2100 1419 48.345416 0.196990 0.106767 5140 
1167233426 8566 20912 4.882559 53 2100 1421 48.505253 0.197381 0.106931 5170 
1167319826 8594 21025 4.892949 53 2108 1411 48.738189 0.197581 0.107157 5210 
1167406226 8618 21122 4.901833 53 2112 1416 48.966350 0.197646 0.107344 5239 
1167492626 8635 21217 4.914186 53 2114 1410 49.188188 0.197428 0.107313 5278 
1167579026 8650 21288 4.922081 53 2120 1406 49.383584 0.197743 0.107887 5305 
1167665426 8671 21376 4.930458 53 2121 1417 49.576519 0.197968 0.108382 5329 
1167751826 8689 21484 4.945103 53 2123 1416 49.868339 0.197271 0.108627 5377 
1167838226 8726 21580 4.946138 53 2137 1413 49.933074 0.198020 0.108037 5403 
1167924626 8743 21658 4.954363 54 2139 1418 50.138625 0.198204 0.108484 5439 
1168011026 8769 21769 4.964990 55 2145 1413 50.401414 0.197773 0.108628 5473 
1168097426 8791 21842 4.969173 56 2152 1417 50.530770 0.197905 0.108296 5492 
1168183826 8813 21934 4.977647 56 2156 1422 50.746624 0.198326 0.108194 5527 
1168270226 8844 22043 4.984848 56 2168 1423 50.944595 0.198741 0.107823 5559 
1168356626 8864 22147 4.997067 56 2166 1428 51.187726 0.198269 0.108011 5595 
1168443026 8892 22265 5.007872 57 2174 1434 51.513270 0.196637 0.108156 5645 
1168529426 8920 22366 5.014798 57 2186 1427 51.705157 0.197054 0.108321 5677 
1168615826 8941 22469 5.026060 57 2177 1440 51.921038 0.197884 0.108502 5712 
1168702226 8960 22544 5.032143 57 2182 1445 52.084598 0.197989 0.108482 5745 
1168788626 8980 22625 5.038976 57 2186 1450 52.237639 0.197240 0.108326 5769 
1168875026 9004 22707 5.043758 57 2198 1450 52.406042 0.197772 0.108223 5801 
1168961426 9031 22830 5.055919 57 2200 1447 52.663049 0.197624 0.108263 5847 
1169047826 9068 22940 5.059550 57 2212 1451 52.763564 0.198309 0.108613 5877 
1169134226 9088 23064 5.075704 58 2209 1453 53.143046 0.198107 0.108995 5931 
1169220626 9114 23175 5.085583 59 2213 1462 53.449638 0.196593 0.109186 5972 
1169307026 9139 23270 5.092461 59 2220 1468 53.646351 0.196333 0.109542 6011 
1169393426 9154 23364 5.104654 59 2216 1476 53.932925 0.196779 0.110142 6056 
1169479826 9178 23465 5.113314 59 2224 1475 54.143822 0.197393 0.109850 6088 
1169566226 9208 23573 5.120113 60 2231 1478 54.322763 0.196877 0.109994 6126 
1169652626 9234 23696 5.132337 60 2231 1493 54.627680 0.195984 0.110101 6166 
1169739026 9263 23832 5.145633 61 2242 1487 54.986074 0.195940 0.109779 6217 
1169825426 9290 23938 5.153498 61 2253 1484 55.184499 0.196303 0.110144 6262 
1169911826 9312 24024 5.159794 61 2262 1480 55.351375 0.197081 0.110359 6292 
1169998226 9331 24121 5.170078 61 2266 1483 55.598971 0.196602 0.110636 6324 
1170084626 9356 24241 5.181915 61 2272 1481 55.918127 0.197833 0.110393 6368 
1170171026 9380 24374 5.197015 61 2269 1489 56.259062 0.198355 0.111215 6420 
1170257426 9416 24523 5.208794 61 2273 1495 56.545455 0.198363 0.111387 6471 
1170343826 9437 24670 5.228356 61 2267 1493 56.978913 0.198012 0.111534 6524 
1170430226 9465 24817 5.243951 62 2268 1500 57.405177 0.197254 0.111599 6570 
1170516626 9492 24945 5.256005 63 2275 1493 57.728403 0.196910 0.112108 6617 
1170603026 9511 25053 5.268216 63 2275 1501 58.031753 0.197628 0.112331 6661 
1170689426 9535 25175 5.280545 63 2275 1505 58.344415 0.197695 0.113498 6712 
1170775826 9561 25284 5.288987 63 2283 1503 58.595126 0.197142 0.113602 6754 
1170862226 9597 25411 5.295613 63 2287 1521 58.848182 0.195660 0.114144 6798 
1170948626 9620 25549 5.311642 64 2271 1539 59.204158 0.194836 0.114426 6861 
1171035026 9648 25688 5.325041 65 2275 1540 59.570066 0.196425 0.114503 6924 
1171121426 9679 25801 5.331336 66 2288 1542 59.809898 0.195083 0.114342 6968 
1171207826 9704 25902 5.338417 66 2293 1546 60.014427 0.194244 0.115081 7016 
1171294226 9725 26036 5.354447 66 2292 1545 60.402262 0.194920 0.115042 7075 
1171380626 9752 26188 5.370796 66 2292 1544 60.829779 0.195871 0.115532 7142 
1171467026 9793 26329 5.377106 67 2308 1549 61.068723 0.195725 0.114947 7182 
1171553426 9827 26507 5.394729 67 2318 1543 61.544520 0.195237 0.114712 7256 
1171639826 9854 26606 5.400041 68 2323 1553 61.714228 0.194847 0.114340 7291 
1171726226 9869 26684 5.407640 68 2328 1549 61.909819 0.194607 0.114526 7322 
1171812626 9881 26745 5.413420 68 2330 1549 62.074891 0.194047 0.114318 7344 
1171899026 9892 26805 5.419531 68 2330 1549 62.222402 0.193690 0.114545 7373 
1171985426 9908 26886 5.427130 68 2324 1560 62.417037 0.193532 0.115258 7417 
1172071826 9923 26971 5.436058 68 2328 1558 62.645369 0.193810 0.115583 7460 
1172158226 9952 27105 5.447146 68 2336 1556 62.949558 0.193389 0.115755 7519 
1172244626 9973 27246 5.463953 68 2328 1563 63.328587 0.193674 0.115978 7571 
1172331026 9994 27359 5.475085 69 2329 1564 63.612968 0.193552 0.116306 7619 
1172417426 10016 27464 5.484026 69 2336 1557 63.863419 0.193557 0.116051 7652 
1172503826 10039 27591 5.496763 69 2333 1563 64.212969 0.193348 0.116602 7707 
1172590226 10075 27782 5.515037 69 2336 1561 64.673945 0.193423 0.116671 7798 
1172676626 10105 27941 5.530134 69 2334 1572 65.069965 0.193462 0.116627 7857 
1172763026 10128 28103 5.549566 70 2325 1578 65.543049 0.192987 0.116974 7919 
1172849426 10160 28264 5.563780 70 2335 1570 65.902756 0.192380 0.116751 7983 
1172935826 10174 28341 5.571260 70 2333 1573 66.110085 0.192388 0.116974 8020 
1173022226 10197 28436 5.577327 70 2337 1581 66.341277 0.192506 0.116913 8059 
1173108626 10222 28555 5.586969 70 2335 1593 66.659362 0.192604 0.117190 8115 
1173195026 10254 28742 5.606007 71 2343 1591 67.224888 0.191880 0.117452 8202 
1173281426 10283 28925 5.625790 72 2332 1603 67.756686 0.190670 0.117809 8285 
1173367826 10310 29091 5.643259 72 2336 1606 68.263628 0.190842 0.118057 8373 
1173454226 10335 29232 5.656894 72 2339 1607 68.655636 0.190873 0.118578 8432 
1173540626 10358 29342 5.665573 72 2343 1608 68.922765 0.190604 0.118507 8468 
1173627026 10369 29408 5.672292 72 2343 1608 69.119877 0.190572 0.118939 8497 
1173713426 10384 29511 5.683937 72 2340 1614 69.400231 0.190501 0.119464 8536 
1173799826 10419 29666 5.694596 72 2351 1619 69.746425 0.189958 0.118905 8585 
1173886226 10451 29824 5.707396 72 2363 1615 70.151373 0.189276 0.119004 8650 
1173972626 10473 29987 5.726535 72 2361 1614 70.645469 0.189664 0.119534 8723 
1174059026 10502 30108 5.733765 72 2374 1607 70.905923 0.190064 0.119802 8772 
1174145426 10521 30227 5.746032 72 2369 1612 71.256154 0.189343 0.119908 8813 
1174231826 10539 30330 5.755764 72 2373 1612 71.519119 0.189086 0.120035 8856 
1174318226 10557 30455 5.769632 72 2376 1607 71.894288 0.189416 0.120262 8907 
1174404626 10590 30603 5.779603 72 2388 1604 72.193579 0.188976 0.120233 8956 
1174491026 10621 30752 5.790792 74 2395 1604 72.550607 0.188321 0.120364 9010 
1174577426 10646 30903 5.805561 74 2398 1601 72.996806 0.188333 0.119944 9061 
1174663826 10668 31042 5.819648 74 2390 1609 73.349644 0.187687 0.119854 9118 
1174750226 10689 31142 5.826925 75 2398 1606 73.623164 0.186812 0.119494 9167 
1174836626 10701 31218 5.834595 76 2397 1609 73.842071 0.186501 0.119677 9201 
1174923026 10734 31336 5.838644 76 2408 1614 74.028321 0.186581 0.119755 9233 
1175009426 10766 31474 5.846926 76 2418 1615 74.349805 0.186093 0.119274 9287 
1175095826 10790 31615 5.860056 77 2421 1614 74.743466 0.185448 0.119284 9339 
1175182226 10819 31758 5.870783 77 2433 1612 75.089010 0.184840 0.118684 9389 
1175268626 10847 31866 5.875542 77 2442 1618 75.260256 0.184928 0.118961 9433 
1175355026 10867 31972 5.884237 77 2444 1617 75.498666 0.184603 0.119334 9467 
1175441426 10875 32040 5.892414 77 2442 1620 75.692138 0.184762 0.119606 9504 
1175527826 10893 32151 5.903057 78 2444 1615 76.023685 0.183528 0.119361 9544 
1175614226 10911 32279 5.916781 78 2436 1630 76.450738 0.182998 0.119691 9603 
1175700626 10933 32409 5.928656 78 2443 1629 76.842038 0.182788 0.120004 9670 
1175787026 10952 32529 5.940285 78 2445 1635 77.209825 0.183446 0.120186 9725 
1175873426 10982 32628 5.942087 78 2449 1649 77.339465 0.183041 0.119723 9753 
1175959826 11001 32724 5.949277 78 2445 1662 77.537860 0.183121 0.119357 9792 
1176046226 11025 32821 5.953923 79 2446 1675 77.735692 0.182636 0.119535 9826 
1176132626 11041 32925 5.964134 79 2447 1677 78.019020 0.182860 0.119642 9871 
1176219026 11077 33099 5.976167 79 2444 1695 78.459150 0.182531 0.120211 9957 
1176305426 11109 33303 5.995679 79 2438 1716 79.080745 0.181564 0.120816 10053 
1176391826 11129 33419 6.005751 79 2428 1721 79.338126 0.181533 0.121252 10104 
1176478226 11153 33541 6.014705 81 2427 1724 79.591679 0.181190 0.120548 10139 
1176564626 11167 33640 6.024895 81 2431 1728 79.954151 0.181155 0.120684 10180 
1176651026 11185 33729 6.031113 81 2438 1727 80.151453 0.180918 0.120294 10216 
1176737426 11201 33845 6.043210 81 2439 1724 80.510669 0.180242 0.120326 10265 
1176823826 11227 34024 6.061103 82 2440 1727 81.052819 0.180657 0.119899 10348 
1176910226 11260 34209 6.076199 82 2443 1727 81.498046 0.180467 0.119857 10418 
1176996626 11285 34355 6.088613 82 2449 1720 81.900399 0.179657 0.119370 10473 
1177083026 11321 34518 6.098048 82 2457 1730 82.234608 0.179280 0.119359 10539 
1177169426 11346 34614 6.101534 82 2478 1722 82.404724 0.179467 0.118933 10585 
1177255826 11361 34695 6.107737 82 2483 1722 82.615615 0.180087 0.118991 10636 
1177342226 11378 34816 6.119880 82 2482 1725 82.989805 0.180207 0.118779 10682 
1177428626 11401 34973 6.135076 82 2474 1731 83.450399 0.180921 0.118658 10749 
1177515026 11428 35123 6.146832 82 2481 1731 83.833917 0.180864 0.118964 10812 
1177601426 11457 35284 6.159379 83 2481 1732 84.275814 0.180493 0.118464 10875 
1177687826 11495 35431 6.164593 83 2496 1734 84.522662 0.180620 0.118704 10922 
1177774226 11517 35537 6.171225 83 2495 1749 84.781627 0.180225 0.118869 10969 
1177860626 11532 35629 6.179154 84 2498 1752 85.068678 0.180114 0.118868 11011 
1177947026 11559 35770 6.189117 85 2500 1761 85.376590 0.179663 0.118959 11057 
1178033426 11596 35936 6.197999 85 2515 1761 85.705761 0.179743 0.118944 11126 
1178119826 11623 36074 6.207348 85 2519 1759 85.969543 0.180169 0.118863 11170 
1178206226 11642 36228 6.223673 85 2514 1762 86.472256 0.180388 0.119117 11242 
1178292626 11665 36357 6.233519 85 2518 1766 86.791427 0.180892 0.119117 11303 
1178379026 11685 36494 6.246299 85 2519 1772 87.210441 0.180941 0.118911 11356 
1178465426 11709 36590 6.249893 85 2530 1768 87.348023 0.181320 0.118804 11382 
1178551826 11728 36727 6.263131 87 2532 1765 87.810880 0.181271 0.118811 11440 
1178638226 11750 36913 6.283064 87 2526 1766 88.446128 0.180912 0.118784 11526 
1178724626 11782 37043 6.288067 87 2537 1763 88.672551 0.180677 0.118843 11570 
1178811026 11805 37185 6.299873 87 2548 1760 89.120203 0.180150 0.118865 11631 
1178897426 11835 37331 6.308576 87 2554 1761 89.441994 0.179664 0.118303 11684 
1178983826 11854 37413 6.312300 87 2562 1758 89.560148 0.179665 0.118328 11711 
1179070226 11875 37518 6.318821 87 2568 1759 89.781895 0.180024 0.117953 11754 
1179156626 11901 37666 6.329888 89 2572 1756 90.209730 0.178833 0.117592 11816 
1179243026 11930 37831 6.342163 89 2571 1765 90.607544 0.178851 0.117822 11888 
1179329426 11959 37968 6.349695 89 2584 1760 90.935028 0.178680 0.117672 11934 
1179415826 11986 38104 6.358084 89 2588 1765 91.260971 0.178751 0.117500 11979 
1179502226 12016 38262 6.368509 89 2588 1771 91.632324 0.178345 0.117517 12046 
1179588626 12030 38382 6.381047 90 2586 1764 92.045387 0.178195 0.118036 12104 
1179675026 12044 38464 6.387247 91 2583 1770 92.251910 0.177379 0.118459 12141 
1179761426 12062 38591 6.398773 91 2589 1769 92.709833 0.176836 0.118275 12200 
1179847826 12083 38723 6.409501 91 2590 1768 93.041960 0.176792 0.118192 12260 
1179934226 12104 38863 6.421514 92 2589 1768 93.428123 0.176954 0.118241 12316 
1180020626 12147 39071 6.433029 92 2602 1766 93.806043 0.177213 0.117877 12400 
1180107026 12173 39229 6.445248 92 2612 1762 94.276349 0.176944 0.117868 12482 
1180193426 12191 39339 6.453777 92 2616 1765 94.579280 0.176811 0.117786 12521 
1180279826 12207 39432 6.460555 92 2618 1767 94.835914 0.176949 0.117776 12559 
1180366226 12238 39562 6.465436 92 2619 1784 95.062919 0.176760 0.117723 12606 
1180452626 12259 39709 6.478342 92 2622 1784 95.521331 0.177067 0.117827 12690 
1180539026 12288 39889 6.492350 94 2626 1784 96.030924 0.176108 0.117735 12765 
1180625426 12309 40065 6.509871 94 2625 1782 96.516858 0.176274 0.118350 12861 
1180711826 12337 40213 6.519089 94 2631 1789 96.855962 0.176328 0.118166 12912 
1180798226 12353 40334 6.530236 94 2630 1790 97.225775 0.175819 0.118309 12962 
1180884626 12372 40421 6.534271 94 2632 1789 97.399450 0.175807 0.118049 12995 
1180971026 12392 40526 6.540671 94 2640 1778 97.648806 0.175842 0.117523 13035 
1181057426 12433 40669 6.542106 94 2662 1779 97.841872 0.176135 0.116906 13086 
1181143826 12462 40797 6.547424 94 2673 1775 98.067084 0.176209 0.116636 13133 
1181230226 12497 40938 6.551652 94 2682 1787 98.317836 0.176578 0.116289 13184 
1181316626 12524 41082 6.560524 94 2686 1790 98.643724 0.176369 0.116631 13252 
1181403026 12550 41174 6.561594 94 2694 1800 98.768765 0.176619 0.116796 13295 
1181489426 12576 41283 6.565363 94 2707 1802 99.018607 0.176863 0.116466 13336 
1181575826 12596 41414 6.575738 94 2703 1815 99.353763 0.177065 0.116419 13392 
1181662226 12633 41593 6.584818 94 2716 1815 99.742104 0.177350 0.116355 13464 
1181748626 12668 41751 6.591569 94 2733 1810 100.061257 0.176467 0.116066 13518 
1181835026 12706 41925 6.599244 94 2749 1811 100.420589 0.176623 0.115610 13588 
1181921426 12732 42090 6.611687 94 2768 1795 100.898052 0.176184 0.115474 13653 
1182007826 12749 42213 6.622166 96 2766 1801 101.273982 0.175120 0.115616 13707 
1182094226 12777 42342 6.627847 96 2767 1811 101.502074 0.175117 0.115365 13747 
1182180626 12799 42489 6.639425 96 2766 1811 101.873584 0.175070 0.115393 13799 
1182267026 12824 42639 6.649875 96 2762 1818 102.248129 0.174415 0.115643 13854 
1182353426 12851 42791 6.659560 96 2770 1805 102.627033 0.173941 0.115278 13916 
1182439826 12877 42927 6.667236 96 2772 1806 102.953949 0.173718 0.115382 13961 
1182526226 12919 43108 6.673582 97 2790 1812 103.303816 0.173508 0.115238 14034 
1182612626 12937 43253 6.686713 97 2784 1821 103.802736 0.173865 0.115400 14099 
1182699026 12961 43364 6.691459 97 2795 1817 104.037034 0.174185 0.115336 14145 
1182785426 12999 43514 6.694977 97 2810 1817 104.277252 0.174353 0.114920 14203 
1182871826 13040 43689 6.700767 97 2820 1826 104.618865 0.174276 0.114686 14265 
1182958226 13069 43833 6.707935 98 2826 1829 104.902747 0.174722 0.114740 14323 
1183044626 13106 43981 6.711582 99 2845 1826 105.128033 0.175204 0.114796 14386 
1183131026 13133 44113 6.717886 99 2846 1839 105.421762 0.174954 0.114886 14446 
1183217426 13159 44248 6.725131 99 2851 1840 105.705905 0.174789 0.115141 14503 
1183303826 13173 44345 6.732711 99 2850 1840 105.973279 0.174610 0.115233 14550 
1183390226 13209 44494 6.736922 99 2859 1845 106.256189 0.175190 0.115238 14613 
1183476626 13240 44688 6.750453 99 2859 1857 106.844562 0.174602 0.115592 14695 
1183563026 13278 44832 6.752824 99 2879 1856 107.051966 0.175032 0.115619 14763 
1183649426 13306 44953 6.756801 99 2887 1865 107.282880 0.175426 0.115518 14808 
1183735826 13335 45142 6.770454 100 2886 1877 107.804124 0.175050 0.115882 14897 
1183822226 13352 45270 6.781007 100 2881 1884 108.184092 0.175547 0.116293 14952 
1183908626 13379 45409 6.788101 103 2887 1888 108.504522 0.175282 0.116446 15017 
1183995026 13414 45560 6.792903 103 2903 1890 108.810944 0.175100 0.116364 15078 
1184081426 13456 45733 6.797414 103 2919 1891 109.117717 0.174993 0.116372 15157 
1184167826 13484 45898 6.807772 104 2919 1900 109.602937 0.174242 0.116414 15238 
1184254226 13512 46059 6.817496 104 2918 1911 110.016134 0.174168 0.116611 15304 
1184340626 13536 46224 6.829787 104 2920 1909 110.516105 0.173981 0.116427 15393 
1184427026 13560 46374 6.839823 104 2929 1907 110.908702 0.174055 0.116091 15458 
1184513426 13575 46477 6.847440 104 2934 1908 111.176869 0.174008 0.116018 15505 
1184599826 13603 46673 6.862163 104 2937 1903 111.700948 0.174116 0.115676 15592 
1184686226 13644 46866 6.869833 105 2947 1907 112.125623 0.174318 0.115680 15668 
1184772626 13682 47029 6.874580 105 2955 1917 112.414998 0.174051 0.115834 15726 
1184859026 13721 47216 6.882297 106 2958 1935 112.814372 0.173604 0.115762 15793 
1184945426 13755 47394 6.891167 106 2961 1944 113.219629 0.173081 0.116361 15873 
1185031826 13789 47537 6.894916 107 2972 1945 113.479875 0.172846 0.116737 15925 
1185118226 13818 47654 6.897380 107 2979 1955 113.689246 0.172319 0.116708 15968 
1185204626 13845 47778 6.901842 107 2986 1966 113.966631 0.172240 0.116768 16019 
1185291026 13874 47922 6.908174 109 2994 1966 114.317717 0.172375 0.116685 16078 
1185377426 13907 48081 6.914647 111 2995 1983 114.659812 0.171571 0.116988 16150 
1185463826 13939 48245 6.922304 111 3007 1979 115.012268 0.171155 0.116971 16227 
1185550226 13973 48390 6.926215 112 3012 1986 115.302655 0.171045 0.117737 16290 
1185636626 13998 48535 6.934562 112 3018 1984 115.632662 0.171068 0.117680 16361 
1185723026 14022 48637 6.937241 112 3030 1986 115.822422 0.170978 0.117404 16407 
1185809426 14057 48797 6.942733 113 3043 1986 116.098314 0.171341 0.117123 16483 
1185895826 14091 48975 6.951245 113 3048 1993 116.522603 0.170646 0.117514 16557 
1185982226 14119 49142 6.961116 113 3052 2001 116.951342 0.170651 0.117480 16634 
1186068626 14156 49324 6.968635 113 3060 2009 117.335264 0.170780 0.117409 16701 
1186155026 14198 49500 6.972813 113 3078 2016 117.606846 0.170725 0.117644 16768 
1186241426 14223 49623 6.977853 113 3085 2024 117.866273 0.170639 0.117407 16816 
1186327826 14241 49755 6.987571 113 3083 2029 118.263465 0.170168 0.117780 16881 
1186414226 14281 49933 6.992928 113 3098 2036 118.578811 0.170064 0.117755 16947 
1186500626 14318 50145 7.004470 114 3107 2041 119.061321 0.170015 0.117920 17031 
1186587026 14351 50361 7.018466 114 3110 2045 119.643091 0.170038 0.117523 17115 
1186673426 14387 50583 7.031765 114 3127 2033 120.225620 0.170422 0.117653 17226 
1186759826 14417 50743 7.039329 114 3139 2027 120.572241 0.170642 0.117492 17288 
1186846226 14447 50869 7.042154 114 3155 2025 120.865924 0.170363 0.117182 17343 
1186932626 14467 50986 7.048593 114 3165 2021 121.133476 0.170630 0.116923 17382 
1187019026 14485 51118 7.058060 114 3166 2016 121.505972 0.170168 0.116724 17435 
1187105426 14518 51274 7.063507 114 3173 2021 121.806723 0.170132 0.116763 17500 
1187191826 14547 51447 7.073211 114 3172 2033 122.312779 0.169893 0.116933 17570 
1187278226 14584 51609 7.077482 115 3179 2037 122.594761 0.169596 0.116825 17631 
1187364626 14611 51770 7.086442 115 3188 2042 123.054822 0.169672 0.116783 17710 
1187451026 14630 51916 7.097198 116 3187 2050 123.491046 0.169617 0.117307 17791 
1187537426 14654 52067 7.106183 116 3188 2058 123.857104 0.169746 0.117303 17864 
1187623826 14678 52217 7.115002 117 3190 2060 124.177408 0.169723 0.117445 17933 
1187710226 14708 52399 7.125238 117 3196 2060 124.590835 0.169625 0.117597 17999 
1187796626 14747 52547 7.126466 117 3213 2064 124.756764 0.169697 0.117235 18041 
1187883026 14779 52704 7.132282 117 3220 2074 125.076933 0.169453 0.117019 18103 
1187969426 14823 52875 7.134183 118 3234 2083 125.334683 0.169122 0.117156 18169 
1188055826 14845 53013 7.142203 118 3236 2078 125.627888 0.169168 0.117256 18222 
1188142226 14864 53140 7.150161 118 3229 2088 125.944160 0.169099 0.117205 18284 
1188228626 14892 53329 7.162100 118 3229 2097 126.416331 0.169273 0.117270 18358 
1188315026 14928 53507 7.168676 118 3226 2112 126.719051 0.169338 0.117316 18424 
1188401426 14959 53692 7.178555 118 3227 2121 127.144194 0.169165 0.117409 18502 
1188487826 14984 53863 7.189402 118 3226 2130 127.614789 0.169267 0.117468 18575 
1188574226 15012 54025 7.197575 118 3231 2135 127.994404 0.169294 0.117563 18646 
1188660626 15036 54149 7.202580 119 3236 2139 128.282123 0.168511 0.117688 18690 
1188747026 15055 54253 7.207307 119 3244 2137 128.505347 0.168509 0.117680 18733 
1188833426 15086 54392 7.210924 119 3254 2144 128.778072 0.168120 0.117591 18794 
1188919826 15110 54528 7.217472 119 3256 2146 129.033752 0.167861 0.117792 18852 
1189006226 15141 54711 7.226867 119 3252 2159 129.439799 0.167252 0.118302 18913 
1189092626 15179 54930 7.237631 119 3256 2164 129.949536 0.167288 0.118156 18996 
1189179026 15211 55085 7.242785 119 3267 2163 130.267307 0.167273 0.118151 19052 
1189265426 15243 55213 7.244374 119 3283 2169 130.486518 0.167605 0.118420 19103 
1189351826 15264 55345 7.251703 119 3283 2174 130.791929 0.167465 0.118574 19156 
1189438226 15319 55541 7.251257 119 3312 2180 131.021738 0.167775 0.118286 19237 
1189524626 15345 55704 7.260215 119 3317 2185 131.443728 0.167360 0.118034 19296 
1189611026 15384 55873 7.263781 121 3329 2178 131.650546 0.166764 0.117731 19357 
1189697426 15423 56027 7.265383 121 3345 2174 131.855670 0.166956 0.117248 19415 
1189783826 15449 56169 7.271539 121 3350 2172 132.217749 0.166895 0.117140 19478 
1189870226 15479 56316 7.276439 121 3360 2174 132.507009 0.166878 0.116916 19532 
1189956626 15507 56451 7.280712 121 3370 2180 132.800026 0.167008 0.116877 19582 
1190043026 15544 56616 7.284611 122 3382 2190 133.114128 0.166529 0.116826 19660 
1190129426 15586 56808 7.289619 122 3395 2195 133.372257 0.166995 0.116464 19738 
1190215826 15623 57001 7.297062 122 3416 2189 133.780452 0.167175 0.115627 19813 
1190302226 15679 57222 7.299190 122 3438 2193 134.042350 0.167344 0.115475 19916 
1190388626 15725 57433 7.304674 122 3449 2199 134.405723 0.167034 0.115340 19996 
1190475026 15752 57578 7.310564 122 3452 2205 134.680802 0.167137 0.115273 20051 
1190561426 15788 57698 7.309096 122 3465 2219 134.768558 0.167663 0.115118 20091 
1190647826 15832 57852 7.308236 122 3490 2219 134.947448 0.167424 0.114998 20148 
1190734226 15880 58033 7.308942 122 3513 2221 135.171411 0.167358 0.114913 20211 
1190820626 15928 58212 7.309392 122 3535 2228 135.379709 0.167188 0.114945 20286 
1190907026 15971 58423 7.316135 122 3539 2240 135.747793 0.167263 0.114910 20359 
1190993426 16017 58621 7.319848 123 3563 2235 135.981645 0.167280 0.114793 20433 
1191079826 16053 58741 7.318383 123 3585 2229 136.087585 0.167501 0.114422 20473 
1191166226 16090 58864 7.316843 123 3599 2237 136.179117 0.167809 0.114438 20517 
1191252626 16145 59035 7.313100 124 3621 2251 136.253081 0.168073 0.114010 20566 
1191339026 16195 59260 7.318308 124 3641 2258 136.621920 0.168015 0.113727 20656 
1191425426 16234 59430 7.321671 124 3653 2269 136.924972 0.167700 0.113672 20721 
1191511826 16287 59631 7.322527 124 3680 2259 137.146313 0.167644 0.113565 20797 
1191598226 16329 59813 7.325984 124 3685 2276 137.412824 0.167651 0.113369 20867 
1191684626 16371 59960 7.325148 125 3702 2289 137.557999 0.167685 0.113321 20934 
1191771026 16400 60063 7.324756 125 3718 2289 137.721585 0.167462 0.113194 20970 
1191857426 16433 60248 7.332563 126 3730 2289 138.161991 0.167488 0.112939 21044 
1191943826 16484 60429 7.331837 126 3756 2285 138.297137 0.167614 0.112613 21104 
1192030226 16522 60590 7.334463 126 3768 2288 138.521608 0.167661 0.112503 21170 
1192116626 16568 60773 7.336190 126 3780 2303 138.748069 0.167804 0.112358 21238 
1192203026 16610 60946 7.338471 127 3783 2327 138.966285 0.168191 0.112394 21301 
1192289426 16646 61061 7.336417 128 3802 2335 139.079298 0.168256 0.112283 21359 
1192375826 16671 61172 7.338732 128 3808 2341 139.269510 0.168088 0.112214 21409 
1192462226 16700 61316 7.343234 128 3814 2341 139.526587 0.168131 0.112278 21473 
1192548626 16741 61527 7.350457 128 3821 2355 139.891404 0.168353 0.112178 21558 
1192635026 16783 61719 7.354943 128 3815 2377 140.101531 0.168678 0.112546 21627 
1192721426 16826 61905 7.358255 128 3837 2371 140.390705 0.168764 0.112443 21710 
1192807826 16880 62088 7.356398 128 3861 2367 140.488033 0.169124 0.112021 21765 
1192894226 16903 62201 7.359759 128 3868 2371 140.724723 0.168754 0.111953 21813 
1192980626 16922 62280 7.360832 128 3872 2374 140.818461 0.168925 0.111915 21839 
1193067026 16947 62408 7.365079 128 3875 2377 141.108751 0.168823 0.112137 21913 
1193153426 16978 62596 7.373778 128 3876 2387 141.526446 0.168652 0.112183 21990 
1193239826 17025 62797 7.377034 128 3887 2398 141.802526 0.168725 0.111879 22058 
1193326226 17062 62967 7.380964 128 3899 2398 142.160591 0.168687 0.111693 22125 
1193412626 17108 63144 7.381810 128 3914 2413 142.388006 0.168690 0.111791 22187 
1193499026 17125 63250 7.386861 128 3902 2429 142.563620 0.168897 0.112065 22226 
1193585426 17147 63330 7.386715 128 3906 2432 142.639529 0.168937 0.112232 22262 
1193671826 17173 63429 7.387061 129 3922 2431 142.775753 0.168917 0.111893 22301 
1193758226 17209 63607 7.392295 129 3934 2429 143.123249 0.168821 0.111840 22368 
1193844626 17245 63770 7.395767 129 3939 2441 143.351348 0.168632 0.111637 22429 
1193931026 17278 63896 7.396226 130 3946 2449 143.486630 0.168663 0.111784 22480 
1194017426 17313 64077 7.402183 130 3961 2457 143.844394 0.168899 0.111513 22566 
1194103826 17342 64196 7.403529 130 3976 2452 143.996310 0.168726 0.111141 22605 
1194190226 17364 64313 7.407625 132 3989 2449 144.284151 0.168139 0.111110 22672 
1194276626 17394 64451 7.410716 132 4006 2437 144.499138 0.168019 0.111173 22751 
1194363026 17439 64623 7.411319 132 4031 2439 144.717702 0.168085 0.111102 22838 
1194449426 17477 64791 7.414430 132 4041 2447 144.939177 0.168337 0.111160 22900 
1194535826 17510 64986 7.422730 132 4040 2450 145.320160 0.168438 0.111195 22973 
1194622226 17546 65153 7.426536 132 4051 2453 145.584065 0.168442 0.110923 23042 
1194708626 17580 65296 7.428441 132 4065 2455 145.807964 0.168768 0.110835 23102 
1194795026 17604 65402 7.430357 132 4068 2464 145.968416 0.168832 0.110958 23142 
1194881426 17639 65544 7.431714 132 4077 2471 146.144679 0.168685 0.110868 23195 
1194967826 17682 65749 7.436828 132 4093 2477 146.526185 0.168872 0.110745 23282 
1195054226 17728 65935 7.438515 132 4097 2495 146.728001 0.168934 0.111077 23351 
1195140626 17764 66095 7.441455 132 4106 2506 146.992794 0.168844 0.111032 23404 
1195227026 17800 66261 7.445056 134 4110 2516 147.271124 0.168515 0.110982 23480 
1195313426 17832 66377 7.444706 135 4126 2519 147.397039 0.168278 0.110618 23520 
1195399826 17851 66493 7.449779 136 4133 2519 147.633858 0.167840 0.110538 23561 
1195486226 17882 66631 7.452298 136 4151 2513 147.843642 0.167428 0.110179 23610 
1195572626 17918 66823 7.458757 136 4156 2515 148.262306 0.167065 0.110299 23702 
1195659026 17951 66969 7.461311 136 4165 2528 148.507158 0.167368 0.110500 23765 
1195745426 17968 67072 7.465717 136 4161 2539 148.695570 0.167306 0.110674 23807 
1195831826 17992 67176 7.467319 136 4169 2538 148.815696 0.167333 0.110472 23846 
1195918226 18013 67261 7.468051 136 4176 2540 148.933437 0.167296 0.110373 23888 
1196004626 18031 67373 7.473019 136 4174 2545 149.185070 0.167297 0.110669 23941 
1196091026 18058 67523 7.478458 136 4174 2556 149.442795 0.167498 0.110483 23995 
1196177426 18096 67710 7.483422 136 4184 2565 149.757294 0.167456 0.110682 24069 
1196263826 18137 67883 7.485582 136 4205 2569 150.044770 0.167762 0.110747 24153 
1196350226 18169 68041 7.489790 136 4206 2591 150.373713 0.167518 0.111079 24213 
1196436626 18200 68199 7.494396 136 4211 2601 150.632527 0.167831 0.111337 24285 
1196523026 18226 68308 7.495666 136 4225 2599 150.776473 0.167816 0.111077 24320 
1196609426 18245 68415 7.499589 136 4227 2603 151.012332 0.167640 0.111131 24374 
1196695826 18277 68541 7.500246 136 4239 2608 151.154347 0.168012 0.111128 24428 
1196782226 18298 68716 7.510766 136 4229 2616 151.620177 0.167512 0.111047 24498 
1196868626 18324 68885 7.518555 136 4228 2619 151.934840 0.167399 0.111180 24575 
1196955026 18354 69020 7.520976 136 4233 2628 152.129672 0.167453 0.111348 24633 
1197041426 18390 69188 7.524524 136 4246 2636 152.456552 0.167395 0.111348 24705 
1197127826 18416 69322 7.528454 136 4251 2648 152.685599 0.167307 0.111428 24755 
1197214226 18439 69436 7.531428 136 4253 2651 152.899723 0.167428 0.111559 24808 
1197300626 18466 69548 7.532546 136 4265 2649 153.034117 0.167521 0.111597 24851 
1197387026 18505 69702 7.533315 136 4280 2658 153.172656 0.167896 0.111500 24905 
1197473426 18536 69863 7.538088 136 4284 2667 153.466444 0.167758 0.111453 24957 
1197559826 18569 70011 7.540632 136 4303 2659 153.640261 0.167866 0.111433 25013 
1197646226 18605 70138 7.539694 136 4315 2670 153.687933 0.168064 0.111531 25052 
1197732626 18628 70249 7.542302 136 4321 2672 153.873738 0.168182 0.111541 25107 
1197819026 18645 70335 7.544650 136 4321 2679 154.015232 0.168139 0.111638 25143 
1197905426 18676 70463 7.545834 136 4330 2690 154.241486 0.168116 0.111696 25201 
1197991826 18697 70563 7.548056 136 4338 2692 154.373643 0.168107 0.111623 25232 
1198078226 18741 70710 7.546022 136 4356 2704 154.474468 0.168294 0.111491 25285 
1198164626 18786 70844 7.542212 136 4382 2711 154.496966 0.168298 0.111591 25340 
1198251026 18812 70967 7.544865 136 4399 2699 154.761110 0.168197 0.111346 25398 
1198337426 18844 71088 7.544895 136 4412 2697 154.840161 0.168240 0.111253 25437 
1198423826 18855 71173 7.549509 136 4414 2696 155.047043 0.168119 0.111090 25478 
1198510226 18878 71257 7.549211 138 4420 2697 155.104990 0.168103 0.111260 25509 
1198596626 18892 71354 7.553885 139 4415 2705 155.351048 0.167883 0.111125 25551 
1198683026 18900 71418 7.557460 139 4409 2707 155.511217 0.167835 0.111036 25569 
1198769426 18922 71510 7.558398 139 4418 2704 155.641793 0.167783 0.110887 25603 
1198855826 18942 71631 7.563193 139 4423 2704 155.882272 0.167820 0.111034 25654 
1198942226 18961 71762 7.569432 139 4430 2700 156.222773 0.167688 0.111091 25713 
1199028626 18988 71864 7.569412 139 4441 2699 156.302928 0.167743 0.110895 25750 
1199115026 19015 71997 7.572653 139 4450 2707 156.579017 0.167536 0.110776 25804 
1199201426 19034 72094 7.575286 139 4454 2712 156.761690 0.167423 0.111054 25848 
1199287826 19060 72221 7.578279 139 4467 2712 156.965373 0.167592 0.110954 25898 
1199374226 19094 72337 7.576935 139 4485 2711 157.055620 0.167623 0.110865 25944 
1199460626 19120 72455 7.578975 139 4491 2711 157.203870 0.167555 0.110757 25985 
1199547026 19142 72544 7.579563 139 4496 2716 157.303835 0.167694 0.110913 26016 
1199633426 19170 72648 7.579343 139 4514 2713 157.404695 0.167565 0.110750 26062 
1199719826 19197 72741 7.578372 139 4524 2720 157.495755 0.167650 0.110768 26099 
1199806226 19221 72852 7.580459 139 4531 2717 157.642162 0.167642 0.110659 26141 
1199892626 19238 72954 7.584364 139 4527 2725 157.868593 0.167460 0.110919 26190 
1199979026 19265 73077 7.586504 139 4538 2729 158.001246 0.167457 0.110805 26231 
1200065426 19298 73195 7.585760 139 4553 2733 158.108094 0.167123 0.110783 26282 
1200151826 19329 73309 7.585390 139 4564 2738 158.188525 0.167025 0.110530 26324 
1200238226 19350 73405 7.587080 140 4574 2738 158.362894 0.166795 0.110553 26369 
1200324626 19381 73511 7.585883 140 4591 2729 158.393581 0.166961 0.110375 26406 
1200411026 19405 73650 7.590827 140 4595 2732 158.646431 0.167242 0.110466 26464 
1200497426 19449 73791 7.588154 140 4619 2733 158.721271 0.167367 0.110286 26515 
1200583826 19480 73929 7.590246 140 4626 2740 158.919815 0.167381 0.110142 26567 
1200670226 19511 74070 7.592640 140 4636 2743 159.096612 0.167420 0.109890 26624 
1200756626 19535 74164 7.592936 140 4642 2753 159.194164 0.167459 0.109795 26659 
1200843026 19551 74259 7.596440 140 4643 2758 159.419365 0.167530 0.109648 26705 
1200929426 19573 74379 7.600163 140 4646 2764 159.621417 0.167446 0.109706 26754 
1201015826 19602 74494 7.600653 140 4662 2764 159.759310 0.167381 0.109567 26796 
1201102226 19649 74650 7.598351 140 4684 2767 159.887221 0.167533 0.109572 26863 
1201188626 19682 74791 7.599939 140 4695 2776 160.063307 0.167368 0.109371 26921 
1201275026 19722 74944 7.600041 140 4718 2776 160.233648 0.167377 0.109246 26977 
1201361426 19769 75131 7.600890 140 4735 2786 160.399616 0.167217 0.109094 27049 
1201447826 19806 75306 7.604362 141 4741 2797 160.692013 0.167047 0.109161 27118 
1201534226 19837 75459 7.607904 141 4750 2797 160.928165 0.167085 0.109073 27187 
1201620626 19875 75660 7.613585 141 4767 2798 161.351748 0.167346 0.108831 27278 
1201707026 19919 75819 7.612732 141 4787 2804 161.465234 0.167531 0.108659 27343 
1201793426 19959 75959 7.611504 141 4806 2810 161.602585 0.167424 0.108634 27399 
1201879826 19995 76102 7.612103 142 4827 2807 161.811853 0.166876 0.108348 27447 
1201966226 20017 76201 7.613628 142 4830 2813 161.926163 0.167128 0.108031 27482 
1202052626 20029 76273 7.616256 143 4832 2817 162.109741 0.166735 0.108075 27516 
1202139026 20055 76351 7.614161 143 4844 2828 162.183096 0.166625 0.108042 27543 
1202225426 20077 76454 7.616078 143 4855 2827 162.336006 0.166873 0.108013 27579 
1202311826 20096 76531 7.616541 143 4866 2825 162.434415 0.166837 0.108070 27620 
1202398226 20137 76681 7.615931 143 4876 2835 162.538908 0.166841 0.108082 27681 
1202484626 20181 76833 7.614390 143 4899 2833 162.653486 0.166881 0.108031 27738 
1202571026 20213 77026 7.621432 143 4908 2828 163.040518 0.167114 0.108017 27827 
1202657426 20238 77125 7.621801 143 4913 2836 163.154462 0.167006 0.107953 27862 
1202743826 20272 77277 7.624013 143 4924 2838 163.376776 0.166850 0.107940 27928 
1202830226 20303 77457 7.630104 143 4924 2855 163.743782 0.166884 0.107948 28021 
1202916626 20344 77659 7.634585 143 4940 2861 164.048171 0.166902 0.107896 28099 
1203003026 20383 77833 7.637050 143 4949 2862 164.358436 0.166766 0.108118 28174 
1203089426 20417 77998 7.640496 144 4954 2871 164.670226 0.166388 0.108396 28254 
1203175826 20449 78107 7.639200 145 4973 2874 164.788009 0.165863 0.108237 28300 
1203262226 20470 78214 7.641817 145 4974 2883 164.945188 0.165915 0.108658 28347 
1203348626 20498 78366 7.646209 146 4972 2901 165.214167 0.165903 0.108765 28408 
1203435026 20534 78546 7.650336 146 4974 2914 165.510178 0.166206 0.108651 28473 
1203521426 20569 78721 7.654334 146 4972 2929 165.825271 0.166609 0.108718 28561 
1203607826 20599 78866 7.657265 147 4977 2935 166.075732 0.166244 0.108655 28613 
1203694226 20629 79000 7.659121 147 4984 2948 166.250424 0.166540 0.108910 28686 
1203780626 20660 79129 7.660116 147 4995 2951 166.385382 0.166648 0.108755 28747 
1203867026 20676 79216 7.662604 147 4997 2954 166.559102 0.166404 0.108953 28782 
1203953426 20717 79352 7.660569 148 5011 2968 166.658203 0.166278 0.108895 28835 
1204039826 20756 79522 7.662555 148 5024 2973 166.940066 0.166497 0.109173 28921 
1204126226 20798 79712 7.665352 148 5025 2991 167.188191 0.166646 0.109245 28988 
1204212626 20840 79883 7.666315 148 5040 2996 167.398752 0.166621 0.109297 29060 
1204299026 20891 80046 7.663204 149 5064 3000 167.503901 0.166454 0.109272 29122 
1204385426 20918 80170 7.665169 149 5067 3010 167.650827 0.166540 0.109003 29164 
1204471826 20945 80323 7.669897 149 5070 3020 167.977942 0.166480 0.108876 29235 
1204558226 20969 80442 7.672469 150 5073 3018 168.196004 0.166260 0.109133 29286 
1204644626 21024 80674 7.674467 151 5088 3028 168.469368 0.166154 0.109118 29373 
1204731026 21071 80867 7.675668 152 5110 3034 168.721181 0.166020 0.109094 29447 
1204817426 21112 81061 7.679140 153 5128 3030 169.116900 0.165904 0.109149 29536 
1204903826 21156 81212 7.677444 153 5152 3035 169.225562 0.166190 0.108777 29583 
1204990226 21191 81364 7.679109 153 5162 3043 169.396631 0.166210 0.108740 29637 
1205076626 21231 81491 7.676605 153 5184 3052 169.417079 0.166369 0.108781 29690 
1205163026 21267 81639 7.677529 153 5199 3056 169.595712 0.166363 0.108859 29744 
1205249426 21318 81818 7.675955 153 5217 3070 169.724552 0.166512 0.108476 29808 
1205335826 21363 82001 7.676918 153 5237 3074 169.944858 0.166510 0.108364 29880 
1205422226 21398 82148 7.678101 154 5248 3079 170.121787 0.166247 0.108339 29948 
1205508626 21428 82293 7.680885 154 5257 3086 170.357570 0.166535 0.108481 30018 
1205595026 21455 82398 7.681007 154 5267 3088 170.446050 0.166533 0.108440 30058 
1205681426 21472 82475 7.682098 154 5270 3091 170.560265 0.166455 0.108450 30098 
1205767826 21505 82610 7.682864 154 5272 3102 170.669054 0.166643 0.108479 30151 
1205854226 21559 82809 7.682082 154 5294 3105 170.832784 0.166681 0.108270 30224 
1205940626 21603 82985 7.682729 155 5307 3110 170.969588 0.166639 0.108411 30279 
1206027026 21628 83118 7.686148 155 5314 3115 171.179767 0.166389 0.108418 30336 
1206113426 21665 83262 7.686314 156 5327 3114 171.355273 0.166048 0.108413 30390 
1206199826 21687 83393 7.690598 156 5330 3117 171.604187 0.166222 0.108484 30444 
1206286226 21715 83515 7.691918 156 5345 3118 171.776192 0.166210 0.108351 30492 
1206372626 21736 83624 7.694516 156 5354 3116 171.992915 0.165993 0.108389 30536 
1206459026 21781 83799 7.694688 156 5365 3131 172.158303 0.166034 0.108385 30597 
1206545426 21818 83971 7.697406 156 5382 3135 172.422037 0.166139 0.108406 30678 
1206631826 21859 84146 7.698980 156 5385 3162 172.598564 0.166348 0.108596 30735 
1206718226 21894 84376 7.707682 156 5369 3185 173.067872 0.165976 0.108683 30825 
1206804626 21934 84529 7.707577 156 5369 3205 173.168323 0.165901 0.108645 30870 
1206891026 21972 84675 7.707537 156 5390 3202 173.343619 0.165883 0.108581 30937 
1206977426 22012 84880 7.712157 156 5399 3210 173.645648 0.166025 0.108760 31036 
1207063826 22051 85073 7.716022 156 5408 3216 173.994286 0.165723 0.108491 31109 
1207150226 22113 85302 7.715100 157 5420 3250 174.209017 0.165717 0.108493 31200 
1207236626 22161 85531 7.719056 157 5415 3268 174.471910 0.165875 0.108652 31291 
1207323026 22205 85727 7.721414 158 5437 3261 174.764873 0.165809 0.108276 31366 
1207409426 22251 85916 7.722439 158 5459 3262 174.974248 0.165497 0.108061 31436 
1207495826 22294 86041 7.718758 158 5482 3259 174.953799 0.165607 0.107844 31471 
1207582226 22330 86238 7.723959 159 5484 3276 175.358262 0.165387 0.107791 31548 
1207668626 22368 86439 7.728809 159 5499 3275 175.708780 0.165363 0.107769 31640 
1207755026 22405 86620 7.732203 159 5511 3273 175.952064 0.165362 0.107627 31717 
1207841426 22450 86823 7.734788 159 5516 3289 176.169354 0.165511 0.107579 31785 
1207927826 22507 87031 7.733683 159 5539 3293 176.311192 0.165394 0.107267 31856 
1208014226 22543 87183 7.734818 159 5547 3302 176.478818 0.165331 0.107245 31912 
1208100626 22560 87278 7.737411 159 5544 3308 176.626507 0.165170 0.107308 31953 
1208187026 22598 87431 7.737941 159 5559 3307 176.791928 0.165135 0.107228 32020 
1208273426 22650 87639 7.738543 159 5572 3328 176.973510 0.165031 0.107209 32099 
1208359826 22682 87846 7.745878 159 5569 3336 177.389207 0.165141 0.107170 32196 
1208446226 22725 88075 7.751375 160 5570 3353 177.785523 0.164898 0.107441 32293 
1208532626 22768 88285 7.755183 160 5580 3364 178.133433 0.164546 0.107307 32374 
1208619026 22813 88463 7.755490 160 5601 3362 178.354359 0.164630 0.107121 32452 
1208705426 22829 88550 7.757677 160 5598 3374 178.475097 0.164630 0.107213 32485 
1208791826 22862 88722 7.761526 161 5599 3385 178.825912 0.164237 0.107083 32551 
1208878226 22905 88924 7.764593 161 5622 3380 179.168129 0.164494 0.106938 32654 
1208964626 22950 89127 7.767059 161 5633 3384 179.412810 0.164687 0.107172 32741 
1209051026 23000 89331 7.767913 161 5657 3386 179.638000 0.164713 0.106992 32830 
1209137426 23040 89509 7.769878 161 5665 3398 179.833854 0.164720 0.107046 32888 
1209223826 23066 89608 7.769704 161 5678 3400 179.919449 0.164725 0.107026 32927 
1209310226 23101 89739 7.769274 161 5686 3407 180.029436 0.164941 0.106953 32977 
1209396626 23144 89891 7.767974 161 5706 3410 180.104563 0.165096 0.107027 33044 
1209483026 23197 90104 7.768591 161 5716 3424 180.287796 0.165286 0.106999 33128 
1209569426 23252 90298 7.766902 161 5733 3437 180.360227 0.165292 0.106674 33189 
1209655826 23301 90511 7.768851 161 5745 3453 180.653363 0.165491 0.106615 33281 
1209742226 23344 90736 7.773818 162 5746 3466 180.930775 0.165407 0.106669 33368 
1209828626 23369 90882 7.777996 162 5752 3467 181.278103 0.165252 0.106722 33432 
1209915026 23393 91029 7.782585 162 5748 3474 181.516351 0.165267 0.106677 33486 
1210001426 23435 91219 7.784852 162 5761 3481 181.730489 0.165228 0.106839 33564 
1210087826 23481 91429 7.787488 162 5776 3483 182.001533 0.164885 0.106480 33634 
1210174226 23533 91625 7.786937 163 5791 3499 182.194195 0.164898 0.106693 33718 
1210260626 23574 91822 7.790108 163 5797 3513 182.481802 0.165189 0.106714 33803 
1210347026 23616 91991 7.790566 163 5812 3522 182.684112 0.165304 0.106691 33879 
1210433426 23652 92133 7.790715 163 5820 3531 182.753171 0.165189 0.106672 33921 
1210519826 23677 92280 7.794906 163 5822 3541 183.008320 0.165318 0.106672 33993 
1210606226 23721 92441 7.794022 163 5843 3547 183.143459 0.165120 0.106621 34052 
1210692626 23761 92616 7.795631 163 5862 3554 183.393039 0.165108 0.106665 34146 
1210779026 23819 92838 7.795289 163 5880 3559 183.570679 0.165049 0.106200 34219 
1210865426 23859 93038 7.798986 163 5893 3564 183.925898 0.165382 0.106022 34320 
1210951826 23899 93226 7.801665 163 5907 3560 184.192309 0.165563 0.105852 34399 
1211038226 23937 93361 7.800560 163 5922 3567 184.256256 0.165669 0.105956 34459 
1211124626 23976 93484 7.798131 163 5948 3564 184.325659 0.165586 0.105864 34509 
1211211026 24006 93658 7.802883 163 5953 3565 184.611264 0.165584 0.105860 34580 
1211297426 24062 93852 7.800848 163 5979 3565 184.717812 0.165784 0.105882 34660 
1211383826 24110 94064 7.802903 163 5992 3582 185.055910 0.165242 0.105982 34756 
1211470226 24152 94249 7.804654 163 6005 3584 185.253395 0.165449 0.105877 34819 
1211556626 24200 94447 7.805537 163 6016 3601 185.397190 0.165640 0.105990 34894 
1211643026 24234 94600 7.807213 163 6023 3609 185.568705 0.165453 0.105919 34963 
1211729426 24257 94726 7.810199 163 6024 3619 185.760069 0.165437 0.106089 35014 
1211815826 24285 94845 7.810994 164 6022 3639 185.895326 0.165306 0.106351 35059 
1211902226 24328 95006 7.810424 164 6034 3649 186.019730 0.165343 0.106258 35118 
1211988626 24375 95202 7.811446 164 6047 3662 186.303508 0.165233 0.106037 35193 
1212075026 24416 95400 7.814548 164 6053 3668 186.609027 0.165194 0.105896 35276 
1212161426 24457 95613 7.818866 164 6065 3670 186.915075 0.165231 0.105626 35363 
1212247826 24510 95782 7.815749 164 6082 3689 186.968503 0.165251 0.105436 35418 
1212334226 24537 95899 7.816685 164 6089 3697 187.113828 0.165120 0.105745 35474 
1212420626 24578 96044 7.815445 164 6107 3704 187.147368 0.165296 0.105630 35514 
1212507026 24625 96243 7.816690 164 6121 3713 187.330193 0.165320 0.105615 35582 
1212593426 24673 96454 7.818587 164 6134 3717 187.544928 0.165624 0.105660 35676 
1212679826 24731 96652 7.816263 164 6161 3731 187.712668 0.165685 0.105636 35741 
1212766226 24788 96851 7.814346 164 6176 3752 187.799177 0.165423 0.105854 35805 
1212852626 24836 97026 7.813335 164 6200 3761 187.975680 0.165355 0.105701 35873 
1212939026 24874 97179 7.813701 164 6207 3768 188.079762 0.165448 0.105571 35923 
1213025426 24931 97338 7.808592 164 6238 3778 188.056476 0.165724 0.105571 35979 
1213111826 24975 97509 7.808529 164 6257 3777 188.196036 0.165868 0.105757 36053 
1213198226 25026 97717 7.809238 164 6275 3789 188.444897 0.165898 0.105767 36138 
1213284626 25079 97924 7.809243 164 6304 3783 188.668846 0.165661 0.105350 36209 
1213371026 25127 98109 7.809050 164 6310 3793 188.807578 0.165715 0.105439 36275 
1213457426 25155 98241 7.810853 164 6315 3801 189.014351 0.165978 0.105483 36334 
1213543826 25185 98368 7.811634 164 6327 3798 189.138614 0.166155 0.105345 36388 
1213630226 25249 98573 7.808072 165 6353 3809 189.196166 0.166143 0.105206 36457 
1213716626 25296 98777 7.809693 165 6376 3800 189.452245 0.166275 0.104885 36545 
1213803026 25336 98993 7.814414 166 6380 3808 189.811336 0.166156 0.104762 36641 
1213889426 25376 99185 7.817229 166 6373 3830 190.046895 0.166094 0.105028 36726 
1213975826 25437 99386 7.814286 166 6407 3830 190.184220 0.165933 0.104875 36800 
1214062226 25482 99542 7.812731 166 6429 3833 190.295581 0.165907 0.104701 36863 
1214148626 25512 99689 7.815067 166 6438 3841 190.513719 0.165799 0.104878 36930 
1214235026 25568 99888 7.813517 166 6455 3858 190.601455 0.165926 0.104752 36990 
1214321426 25635 100138 7.812600 166 6493 3859 190.829881 0.165774 0.104876 37088 
1214407826 25689 100344 7.812215 166 6516 3866 190.994901 0.166017 0.104712 37170 
1214494226 25742 100561 7.812990 166 6520 3886 191.166731 0.166252 0.104864 37253 
1214580626 25822 100802 7.807451 166 6549 3906 191.168384 0.166272 0.104655 37328 
1214667026 25881 100974 7.802944 166 6576 3918 191.174298 0.166460 0.104538 37387 
1214753426 25927 101163 7.803680 166 6595 3919 191.371466 0.166396 0.104457 37462 
1214839826 25978 101367 7.804065 166 6611 3927 191.569405 0.166475 0.104317 37546 
1214926226 26044 101605 7.802565 166 6642 3933 191.752496 0.166587 0.104170 37658 
1215012626 26097 101836 7.804422 166 6668 3934 192.006438 0.166869 0.103882 37755 
1215099026 26153 102090 7.807135 166 6680 3946 192.274462 0.167029 0.103736 37862 
1215185426 26203 102259 7.805137 166 6711 3946 192.331412 0.167166 0.103743 37939 
1215271826 26232 102380 7.805733 166 6709 3963 192.478271 0.167269 0.103760 37993 
1215358226 26266 102520 7.806289 167 6720 3959 192.594990 0.167371 0.103830 38050 
1215444626 26321 102734 7.806238 167 6749 3970 192.808708 0.167159 0.103871 38148 
1215531026 26381 102948 7.804708 167 6766 3984 192.926121 0.167197 0.103679 38234 
1215617426 26464 103211 7.800106 167 6806 3992 192.995466 0.167345 0.103643 38337 
1215703826 26538 103456 7.796820 167 6844 4009 193.131886 0.167444 0.103417 38433 
1215790226 26599 103690 7.796534 167 6860 4021 193.225309 0.167520 0.103417 38522 
1215876626 26633 103857 7.799121 167 6861 4029 193.479743 0.167809 0.103222 38591 
1215963026 26672 104026 7.800390 167 6860 4051 193.617651 0.167941 0.103161 38657 
1216049426 26712 104197 7.801512 167 6870 4065 193.797844 0.168039 0.103300 38715 
1216135826 26787 104494 7.801844 168 6895 4075 194.048830 0.167937 0.103286 38829 
1216222226 26848 104747 7.802965 168 6913 4088 194.261919 0.167776 0.103408 38925 
1216308626 26908 104976 7.802587 168 6943 4087 194.414970 0.168091 0.103221 39022 
1216395026 26980 105213 7.799333 169 6971 4099 194.562120 0.167937 0.102858 39095 
1216481426 27014 105382 7.802029 169 6971 4113 194.754424 0.167914 0.102822 39160 
1216567826 27055 105560 7.803364 170 6982 4115 194.941563 0.167747 0.102762 39241 
1216654226 27123 105775 7.799653 170 7022 4127 194.999226 0.167916 0.102516 39323 
1216740626 27210 106070 7.796398 170 7049 4158 195.124440 0.168282 0.102393 39448 
1216827026 27300 106351 7.791282 170 7091 4174 195.197802 0.168576 0.102210 39552 
1216913426 27391 106625 7.785404 170 7130 4192 195.245300 0.168718 0.102122 39655 
1216999826 27463 106863 7.782325 170 7166 4197 195.350399 0.168511 0.101772 39743 
1217086226 27534 107092 7.778892 170 7189 4215 195.404445 0.168639 0.101785 39824 
1217172626 27590 107290 7.777456 170 7204 4223 195.494165 0.168626 0.101654 39896 
1217259026 27651 107505 7.775849 170 7222 4240 195.600665 0.168652 0.101550 39985 
1217345426 27736 107798 7.773147 172 7254 4257 195.734857 0.168595 0.101505 40092 
1217431826 27814 108098 7.772920 172 7279 4262 195.957863 0.168281 0.101473 40196 
1217518226 27896 108396 7.771437 172 7303 4281 196.117436 0.168437 0.101417 40301 
1217604626 27963 108668 7.772271 172 7323 4303 196.418410 0.168407 0.101507 40413 
1217691026 28041 108921 7.768696 173 7353 4323 196.512678 0.168632 0.101422 40502 
1217777426 28096 109130 7.768366 173 7372 4331 196.637742 0.168829 0.101257 40587 
1217863826 28171 109399 7.766781 173 7402 4348 196.851301 0.168809 0.101246 40692 
1217950226 28271 109715 7.761664 173 7451 4358 196.956103 0.168603 0.101156 40806 
1218036626 28366 110061 7.760065 174 7485 4378 197.224071 0.168390 0.101324 40930 
1218123026 28479 110400 7.753081 174 7544 4386 197.309737 0.168638 0.101181 41056 
1218209426 28555 110693 7.752968 174 7574 4401 197.523726 0.168706 0.101124 41162 
1218295826 28599 110917 7.756705 175 7570 4413 197.775377 0.168704 0.101345 41249 
1218382226 28663 111097 7.751945 175 7592 4431 197.672819 0.169037 0.101269 41305 
1218468626 28735 111344 7.749713 175 7620 4447 197.824674 0.169005 0.101099 41400 
1218555026 28827 111638 7.745378 175 7671 4447 197.918895 0.168877 0.100929 41517 
1218641426 28914 111951 7.743723 176 7702 4464 198.120219 0.168728 0.101143 41632 
1218727826 29002 112257 7.741328 176 7731 4488 198.217502 0.169003 0.101267 41736 
1218814226 29073 112547 7.742373 178 7758 4494 198.508238 0.168508 0.101096 41840 
1218900626 29152 112794 7.738337 178 7791 4511 198.536224 0.168595 0.100797 41924 
1218987026 29233 113051 7.734478 178 7833 4510 198.600144 0.168545 0.100733 42017 
1219073426 29306 113378 7.737528 178 7835 4538 198.938033 0.168080 0.101209 42132 
1219159826 29419 113747 7.732894 179 7886 4554 199.054013 0.168371 0.101051 42270 
1219246226 29502 114073 7.733238 179 7923 4557 199.359840 0.167976 0.101221 42405 
1219332626 29600 114418 7.730946 179 7963 4571 199.589122 0.168133 0.100929 42524 
1219419026 29694 114738 7.728026 179 7994 4588 199.708493 0.168476 0.100923 42645 
1219505426 29775 115031 7.726683 179 8011 4628 199.921948 0.168372 0.100831 42756 
1219591826 29843 115265 7.724760 179 8029 4657 200.027812 0.168357 0.101065 42844 
1219678226 29945 115607 7.721289 180 8087 4659 200.200434 0.168323 0.100889 42979 
1219764626 30056 115981 7.717660 180 8134 4680 200.360394 0.168324 0.100721 43114 
1219851026 30143 116323 7.718077 180 8159 4693 200.637959 0.168234 0.100494 43244 
1219937426 30246 116711 7.717450 180 8181 4721 200.909343 0.168591 0.100611 43386 
1220023826 30317 116993 7.717980 181 8191 4745 201.105848 0.168509 0.101030 43494 
1220110226 30395 117233 7.713966 181 8223 4765 201.134595 0.168522 0.101127 43591 
1220196626 30437 117435 7.716595 182 8219 4780 201.349147 0.168566 0.101611 43689 
1220283026 30484 117677 7.720575 182 8233 4782 201.718738 0.168400 0.101565 43790 
1220369426 30526 117874 7.722859 182 8229 4802 201.856712 0.168627 0.101671 43865 
1220455826 30571 118069 7.724248 182 8238 4811 202.079095 0.168449 0.101622 43951 
1220542226 30605 118281 7.729521 183 8233 4820 202.393988 0.168424 0.101818 44055 
1220628626 30650 118500 7.732463 183 8240 4826 202.660620 0.168268 0.101828 44168 
1220715026 30711 118756 7.733776 183 8264 4833 202.919149 0.168223 0.101742 44264 
1220801426 30769 119014 7.735968 183 8274 4844 203.233319 0.168019 0.101811 44358 
1220887826 30850 119307 7.734652 183 8316 4846 203.412447 0.167967 0.101573 44478 
1220974226 30928 119703 7.740753 184 8321 4875 203.953117 0.167456 0.101597 44631 
1221060626 31032 120015 7.734919 184 8359 4895 203.935164 0.167585 0.101298 44734 
1221147026 31110 120312 7.734619 184 8383 4911 204.147477 0.167622 0.101266 44842 
1221233426 31227 120682 7.729337 185 8439 4929 204.245172 0.167888 0.101008 44972 
1221319826 31312 120955 7.725792 185 8483 4930 204.335910 0.167798 0.100602 45071 
1221406226 31373 121239 7.728875 185 8485 4954 204.623721 0.167721 0.100695 45187 
1221492626 31449 121540 7.729340 185 8505 4973 204.869408 0.167640 0.100261 45288 
1221579026 31546 121903 7.728587 187 8553 4969 205.108667 0.167402 0.100211 45418 
1221665426 31681 122396 7.726776 188 8593 5013 205.417948 0.167411 0.100115 45610 
1221751826 31788 122792 7.725683 188 8643 5008 205.700956 0.167272 0.099749 45750 
1221838226 31885 123152 7.724761 188 8676 5034 205.985887 0.167170 0.099578 45887 
1221924626 31977 123458 7.721675 189 8710 5050 206.092629 0.167311 0.099809 46005 
1222011026 32059 123752 7.720266 189 8741 5061 206.221217 0.167318 0.099882 46106 
1222097426 32140 124091 7.721904 189 8754 5088 206.564343 0.167154 0.100112 46242 
1222183826 32240 124462 7.720968 189 8785 5100 206.740695 0.167367 0.100168 46376 
1222270226 32344 124817 7.718093 189 8839 5097 206.940391 0.167174 0.099979 46502 
1222356626 32448 125203 7.717147 189 8869 5122 207.225099 0.167188 0.099867 46659 
1222443026 32541 125535 7.715497 189 8913 5122 207.501675 0.167157 0.099907 46800 
1222529426 32613 125793 7.714286 190 8919 5157 207.618802 0.167119 0.100151 46906 
1222615826 32689 126025 7.710545 190 8956 5156 207.657499 0.167425 0.100083 46998 
1222702226 32786 126364 7.708412 190 9003 5153 207.816751 0.167812 0.099879 47111 
1222788626 32863 126799 7.716824 190 9008 5172 208.402337 0.167785 0.099834 47279 
1222875026 32981 127193 7.713108 191 9042 5201 208.497013 0.167966 0.100113 47424 
1222961426 33064 127618 7.719453 192 9063 5202 209.114868 0.167585 0.099793 47590 
1223047826 33162 128029 7.721428 193 9088 5231 209.471926 0.167491 0.099912 47746 
1223134226 33243 128365 7.722829 194 9102 5243 209.785820 0.167286 0.100390 47890 
1223220626 33303 128645 7.725730 195 9112 5253 210.085518 0.167251 0.100497 48008 
1223307026 33390 128968 7.724948 195 9140 5285 210.305720 0.167176 0.100429 48145 
1223393426 33489 129377 7.726537 196 9175 5299 210.692168 0.166989 0.100306 48303 
1223479826 33619 129844 7.724442 197 9217 5343 210.919361 0.166883 0.100262 48466 
1223566226 33734 130201 7.719274 199 9254 5379 211.013043 0.166753 0.100231 48589 
1223652626 33845 130653 7.720668 199 9292 5395 211.389688 0.166912 0.100440 48776 
1223739026 33927 130969 7.720635 199 9328 5398 211.685324 0.166946 0.100417 48918 
1223825426 33997 131227 7.719916 199 9361 5398 211.872401 0.166780 0.100375 49011 
1223911826 34083 131635 7.724379 199 9365 5425 212.344042 0.166859 0.100609 49169 
1223998226 34201 132156 7.728195 201 9409 5446 212.951317 0.166806 0.100553 49407 
1224084626 34315 132568 7.726534 201 9437 5487 213.179601 0.166870 0.100487 49561 
1224171026 34414 133004 7.729645 201 9454 5513 213.553554 0.166912 0.100474 49724 
1224257426 34542 133511 7.730357 201 9484 5548 213.942794 0.166756 0.100606 49902 
1224343826 34628 133814 7.728659 201 9517 5561 214.111297 0.166942 0.100610 50022 
1224430226 34695 134043 7.726935 202 9549 5559 214.179449 0.166892 0.100659 50111 
1224516626 34790 134446 7.729003 202 9568 5576 214.522679 0.166793 0.100887 50292 
1224603026 34922 134960 7.729225 203 9604 5610 214.910658 0.166502 0.101021 50483 
1224689426 35047 135435 7.728764 203 9641 5642 215.281879 0.166475 0.101154 50680 
1224775826 35173 135936 7.729565 203 9676 5666 215.595315 0.166408 0.101022 50861 
1224862226 35288 136408 7.731127 204 9705 5692 215.978406 0.166455 0.101127 51039 
1224948626 35369 136747 7.732591 204 9739 5687 216.336962 0.166363 0.101076 51174 
1225035026 35431 136996 7.733115 204 9744 5716 216.564647 0.166278 0.101401 51274 
1225121426 35526 137326 7.731014 205 9780 5724 216.703766 0.166160 0.101463 51398 
1225207826 35642 137781 7.731384 205 9809 5745 217.108804 0.166223 0.101396 51577 
1225294226 35757 138206 7.730291 205 9849 5769 217.339430 0.166539 0.101218 51735 
1225380626 35864 138648 7.731876 205 9880 5790 217.717042 0.166640 0.101371 51904 
1225467026 35985 139069 7.729276 206 9920 5799 217.940475 0.166554 0.101472 52047 
1225553426 36050 139357 7.731318 206 9929 5815 218.162497 0.166631 0.101602 52148 
1225639826 36122 139631 7.731078 206 9948 5830 218.328055 0.166682 0.101574 52259 
1225726226 36204 139990 7.733400 207 9961 5845 218.624351 0.166805 0.101535 52396 
1225812626 36328 140483 7.734144 207 9985 5884 219.009414 0.166868 0.101681 52590 
1225899026 36446 140882 7.730999 207 10032 5902 219.200241 0.166929 0.101821 52749 
1225985426 36561 141356 7.732611 207 10061 5922 219.562922 0.166597 0.101834 52907 
1226071826 36700 141833 7.729319 207 10119 5951 219.833079 0.166277 0.101478 53079 
1226158226 36793 142252 7.732558 208 10152 5956 220.307287 0.166444 0.101523 53283 
1226244626 36865 142575 7.734979 208 10160 5979 220.631873 0.166316 0.101672 53435 
1226331026 36978 143133 7.741522 208 10180 6001 221.301098 0.166095 0.102006 53673 
1226417426 37120 143731 7.744127 208 10216 6016 221.770474 0.165997 0.101685 53890 
1226503826 37265 144286 7.743781 210 10251 6035 222.116034 0.166018 0.101875 54098 
1226590226 37431 144862 7.740215 210 10305 6062 222.360931 0.166054 0.101584 54315 
1226676626 37601 145461 7.737081 211 10349 6120 222.619877 0.165840 0.101720 54546 
1226763026 37707 145933 7.740367 212 10362 6137 223.029941 0.165888 0.101791 54743 
1226849426 37792 146339 7.744443 213 10378 6154 223.453376 0.165666 0.101948 54901 
1226935826 37912 146808 7.744672 215 10415 6178 223.807976 0.165520 0.101774 55093 
1227022226 38063 147392 7.744634 216 10456 6224 224.196726 0.165518 0.101759 55311 
1227108626 38192 147926 7.746439 216 10489 6248 224.572685 0.165557 0.101517 55506 
1227195026 38332 148473 7.746687 217 10532 6282 224.958990 0.165655 0.101506 55737 
1227281426 38481 149030 7.745641 219 10579 6298 225.247681 0.165542 0.101274 55950 
1227367826 38596 149436 7.743600 219 10616 6305 225.379832 0.165530 0.101052 56093 
1227454226 38683 149804 7.745211 219 10642 6301 225.731355 0.165624 0.100934 56254 
1227540626 38809 150288 7.745008 221 10684 6327 225.987116 0.165623 0.101055 56453 
1227627026 38960 150833 7.742967 221 10734 6353 226.279671 0.165755 0.100892 56643 
1227713426 39069 151351 7.747882 222 10756 6369 226.860836 0.165524 0.101117 56868 
1227799826 39180 151780 7.747831 222 10796 6392 227.116233 0.165654 0.101186 57063 
1227886226 39285 152168 7.746875 222 10836 6403 227.317500 0.165601 0.100696 57197 
1227972626 39380 152549 7.747537 222 10856 6441 227.626968 0.165492 0.100684 57352 
1228059026 39497 152969 7.745854 223 10881 6484 227.846419 0.165506 0.100835 57511 
1228145426 39605 153443 7.748668 224 10898 6517 228.286580 0.165231 0.101077 57708 
1228231826 39742 154005 7.750239 225 10939 6533 228.735343 0.164725 0.101313 57924 
1228318226 39882 154594 7.752570 226 10967 6561 229.166190 0.164532 0.101309 58138 
1228404626 40023 155238 7.757439 228 10986 6588 229.779327 0.164169 0.101138 58395 
1228491026 40193 155885 7.756823 228 11041 6608 230.144154 0.164538 0.100874 58658 
1228577426 40294 156382 7.762049 229 11040 6643 230.648285 0.164534 0.100903 58863 
1228663826 40387 156818 7.765766 230 11048 6676 231.054646 0.164350 0.100816 59041 
1228750226 40517 157355 7.767357 230 11084 6688 231.455784 0.164656 0.100769 59267 
1228836626 40676 158042 7.770774 230 11092 6744 231.957469 0.164984 0.100991 59558 
1228923026 40811 158583 7.771581 230 11141 6760 232.327069 0.164855 0.101036 59759 
1229009426 40947 159151 7.773512 230 11163 6805 232.767871 0.165169 0.101261 60018 
1229095826 41096 159777 7.775793 232 11206 6827 233.281195 0.164819 0.101111 60257 
1229182226 41215 160212 7.774451 232 11246 6855 233.458935 0.164857 0.100982 60412 
1229268626 41323 160617 7.773734 232 11275 6876 233.730997 0.164593 0.101046 60562 
1229355026 41447 161131 7.775279 232 11325 6883 234.116438 0.164632 0.101112 60795 
1229441426 41614 161783 7.775412 233 11355 6939 234.517807 0.164613 0.100678 61039 
1229527826 41773 162459 7.778182 234 11371 7003 235.114691 0.164056 0.101048 61307 
1229614226 41929 163074 7.778578 235 11413 7054 235.460278 0.163998 0.101001 61526 
1229700626 42083 163661 7.778010 235 11441 7110 235.757242 0.164131 0.101081 61757 
1229787026 42198 164195 7.782122 235 11455 7142 236.217404 0.163801 0.101312 61957 
1229873426 42297 164669 7.786321 238 11480 7133 236.751968 0.163367 0.101290 62159 
1229959826 42434 165331 7.792383 239 11487 7182 237.399585 0.163271 0.101275 62430 
1230046226 42571 165986 7.798079 240 11498 7215 237.971013 0.163235 0.101673 62689 
1230132626 42698 166555 7.801536 240 11523 7225 238.357675 0.163419 0.101711 62924 
1230219026 42801 167020 7.804491 240 11554 7233 238.740730 0.163481 0.101946 63133 
1230305426 42903 167401 7.803697 240 11580 7253 239.024311 0.163198 0.101913 63299 
1230391826 43027 167861 7.802589 240 11625 7257 239.165873 0.163460 0.102256 63487 
1230478226 43133 168335 7.805393 243 11643 7277 239.522176 0.163420 0.102289 63669 
1230564626 43285 168936 7.805753 243 11703 7290 239.924085 0.163362 0.102242 63918 
1230651026 43476 169634 7.803570 244 11757 7322 240.179961 0.163533 0.102225 64176 
1230737426 43664 170318 7.801301 244 11821 7356 240.504580 0.163396 0.101878 64419 
1230823826 43814 170851 7.798923 244 11876 7371 240.734651 0.163383 0.101825 64617 
1230910226 43962 171459 7.800328 244 11917 7396 241.181611 0.163130 0.101943 64861 
1230996626 44108 172017 7.799810 245 11966 7419 241.540945 0.163134 0.102191 65083 
1231083026 44201 172561 7.808013 245 11962 7437 242.136287 0.163247 0.102470 65338 
1231169426 44338 173171 7.811403 246 11994 7437 242.597275 0.163239 0.102415 65569 
1231255826 44466 173926 7.822876 247 11970 7474 243.431116 0.163158 0.102646 65933 
1231342226 44578 174686 7.837319 247 11950 7501 244.468796 0.162855 0.102782 66269 
1231428626 44680 175398 7.851298 248 11932 7527 245.435273 0.162883 0.103031 66579 
1231515026 44781 176084 7.864228 249 11929 7537 246.418034 0.162568 0.102976 66892 
1231601426 44857 176673 7.877165 250 11902 7561 247.364291 0.162192 0.103286 67139 
1231687826 44937 177177 7.885573 250 11895 7585 247.989986 0.162172 0.103564 67371 
1231774226 45025 177774 7.896680 251 11886 7583 248.798667 0.161951 0.103561 67624 
1231860626 45130 178466 7.908974 251 11895 7573 249.747751 0.161627 0.103515 67932 
1231947026 45227 179157 7.922568 251 11869 7596 250.691534 0.161787 0.103684 68222 
1232033426 45335 179798 7.931973 252 11862 7647 251.531223 0.161798 0.103637 68549 
1232119826 45416 180433 7.945790 252 11829 7664 252.434781 0.161830 0.104132 68839 
1232206226 45501 181010 7.956309 252 11822 7694 253.293378 0.161622 0.103914 69121 
1232292626 45573 181549 7.967393 252 11816 7707 254.033967 0.161802 0.103970 69367 
1232379026 45633 182078 7.980102 253 11795 7713 254.933228 0.161895 0.103998 69643 
1232465426 45711 182714 7.994312 253 11763 7724 255.836582 0.161968 0.103909 69939 
1232551826 45792 183272 8.004542 254 11755 7738 256.602638 0.161610 0.104130 70199 
1232638226 45812 183401 8.006679 254 11756 7739 256.747795 0.161586 0.104148 70252 
