1165073426 0 0 0.000000 0 0 0 0.000000 0.000000 0.000000 0 
1165159826 7999 18411 4.603325 46 2057 1325 42.201525 0.207962 0.091620 4166 
1165246226 8025 18512 4.613583 46 2067 1322 42.409720 0.208347 0.092204 4202 
1165332626 8056 18639 4.627358 46 2074 1317 42.725174 0.207559 0.092478 4244 
1165419026 8089 18782 4.643837 47 2078 1324 43.070837 0.206678 0.093005 4299 
1165505426 8111 18892 4.658365 47 2080 1323 43.398348 0.206143 0.093030 4343 
1165591826 8142 18998 4.666667 47 2084 1332 43.559322 0.205825 0.093406 4374 
1165678226 8160 19096 4.680392 47 2082 1331 43.817647 0.204934 0.094155 4405 
1165764626 8180 19167 4.686308 47 2081 1341 43.949878 0.205340 0.094478 4426 
1165851026 8209 19263 4.693142 47 2091 1340 44.133999 0.205681 0.094307 4454 
1165937426 8236 19381 4.706411 47 2094 1346 44.442933 0.205670 0.093921 4493 
1166023826 8277 19493 4.710161 47 2112 1351 44.606742 0.205178 0.093751 4519 
1166110226 8304 19624 4.726397 47 2111 1357 44.928709 0.205298 0.094721 4572 
1166196626 8330 19736 4.738535 47 2117 1358 45.172149 0.204335 0.095285 4608 
1166283026 8346 19826 4.751018 47 2116 1362 45.444524 0.202789 0.094959 4631 
1166369426 8358 19915 4.765494 47 2105 1367 45.669538 0.202566 0.095020 4658 
1166455826 8382 20012 4.774994 47 2108 1373 45.875686 0.202018 0.094526 4686 
1166542226 8405 20121 4.787864 47 2100 1386 46.131112 0.201771 0.095007 4721 
1166628626 8427 20223 4.799573 47 2096 1397 46.401804 0.200408 0.095594 4749 
1166715026 8455 20365 4.817268 47 2086 1402 46.749143 0.199832 0.096392 4797 
1166801426 8481 20480 4.829619 47 2096 1395 47.072987 0.199253 0.097256 4837 
1166887826 8504 20568 4.837253 47 2099 1395 47.243650 0.199906 0.097917 4880 
1166974226 8516 20633 4.845702 48 2098 1397 47.413574 0.198825 0.098808 4908 
1167060626 8534 20737 4.859855 48 2091 1404 47.737052 0.199224 0.099781 4947 
1167147026 8552 20848 4.875585 48 2091 1400 48.056361 0.198683 0.100384 4977 
1167233426 8566 20912 4.882559 48 2087 1409 48.223208 0.197844 0.100675 5000 
1167319826 8594 21025 4.892949 48 2091 1417 48.463114 0.196122 0.101791 5037 
1167406226 8618 21122 4.901833 48 2101 1409 48.682293 0.195794 0.101588 5062 
1167492626 8635 21217 4.914186 48 2097 1403 48.941980 0.196405 0.102003 5099 
1167579026 8650 21288 4.922081 48 2097 1400 49.093873 0.195690 0.102673 5124 
1167665426 8671 21376 4.930458 48 2105 1397 49.297198 0.195908 0.102875 5159 
1167751826 8689 21484 4.945103 48 2100 1399 49.630798 0.194030 0.103134 5193 
1167838226 8726 21580 4.946138 48 2111 1412 49.746046 0.193339 0.102668 5213 
1167924626 8743 21658 4.954363 48 2113 1413 49.911015 0.193205 0.102657 5233 
1168011026 8769 21769 4.964990 48 2111 1420 50.109477 0.192880 0.103197 5269 
1168097426 8791 21842 4.969173 48 2119 1416 50.221135 0.193165 0.102929 5284 
1168183826 8813 21934 4.977647 48 2126 1407 50.418246 0.192046 0.103230 5317 
1168270226 8844 22043 4.984848 48 2135 1411 50.600633 0.191649 0.103565 5345 
1168356626 8864 22147 4.997067 49 2137 1411 50.905912 0.191512 0.103711 5389 
1168443026 8892 22265 5.007872 49 2136 1418 51.124606 0.191277 0.104043 5418 
1168529426 8920 22366 5.014798 49 2147 1419 51.339910 0.191152 0.104161 5451 
1168615826 8941 22469 5.026060 49 2147 1422 51.572755 0.191030 0.103959 5482 
1168702226 8960 22544 5.032143 49 2151 1421 51.707813 0.192022 0.103838 5517 
1168788626 8980 22625 5.038976 49 2162 1423 51.916481 0.190714 0.104059 5547 
1168875026 9004 22707 5.043758 49 2175 1420 52.038427 0.191017 0.103640 5567 
1168961426 9031 22830 5.055919 49 2183 1422 52.328203 0.190515 0.104369 5624 
1169047826 9068 22940 5.059550 49 2201 1418 52.461623 0.190754 0.104121 5654 
1169134226 9088 23064 5.075704 49 2196 1429 52.817782 0.188853 0.104320 5695 
1169220626 9114 23175 5.085583 49 2197 1429 53.059469 0.188248 0.104862 5736 
1169307026 9139 23270 5.092461 49 2201 1435 53.230332 0.188319 0.104869 5762 
1169393426 9154 23364 5.104654 49 2190 1442 53.475202 0.187864 0.105587 5790 
1169479826 9178 23465 5.113314 49 2187 1452 53.685988 0.187320 0.106450 5823 
1169566226 9208 23573 5.120113 50 2202 1452 53.897480 0.187032 0.106488 5869 
1169652626 9234 23696 5.132337 50 2198 1465 54.181720 0.187700 0.107202 5912 
1169739026 9263 23832 5.145633 50 2199 1473 54.483861 0.187647 0.107616 5960 
1169825426 9290 23938 5.153498 50 2209 1470 54.667384 0.187500 0.107821 5998 
1169911826 9312 24024 5.159794 50 2218 1469 54.833763 0.186851 0.108439 6037 
1169998226 9331 24121 5.170078 51 2217 1472 55.067624 0.186466 0.108415 6065 
1170084626 9356 24241 5.181915 51 2218 1471 55.340744 0.185748 0.108001 6096 
1170171026 9380 24374 5.197015 51 2216 1467 55.641578 0.185698 0.108717 6145 
1170257426 9416 24523 5.208794 51 2221 1468 55.936916 0.186056 0.109441 6198 
1170343826 9437 24670 5.228356 51 2216 1465 56.343753 0.185772 0.108887 6254 
1170430226 9465 24817 5.243951 52 2210 1469 56.698574 0.185275 0.109318 6291 
1170516626 9492 24945 5.256005 53 2219 1461 56.999368 0.184748 0.109156 6334 
1170603026 9511 25053 5.268216 53 2218 1461 57.258543 0.184284 0.109256 6369 
1170689426 9535 25175 5.280545 53 2223 1460 57.553644 0.184323 0.109513 6409 
1170775826 9561 25284 5.288987 53 2223 1470 57.750235 0.182845 0.109482 6437 
1170862226 9597 25411 5.295613 53 2233 1477 57.955194 0.182577 0.109434 6472 
1170948626 9620 25549 5.311642 53 2223 1488 58.362994 0.180892 0.110008 6525 
1171035026 9648 25688 5.325041 53 2221 1480 58.621061 0.181196 0.110666 6581 
1171121426 9679 25801 5.331336 53 2236 1478 58.849675 0.180901 0.110939 6628 
1171207826 9704 25902 5.338417 53 2243 1475 59.043693 0.180558 0.111235 6662 
1171294226 9725 26036 5.354447 53 2242 1477 59.415321 0.180997 0.111739 6715 
1171380626 9752 26188 5.370796 53 2226 1497 59.729491 0.181498 0.112402 6764 
1171467026 9793 26329 5.377106 54 2245 1495 59.931175 0.180431 0.112349 6800 
1171553426 9827 26507 5.394729 54 2248 1502 60.339473 0.180438 0.113275 6868 
1171639826 9854 26606 5.400041 54 2255 1512 60.477776 0.180475 0.113249 6897 
1171726226 9869 26684 5.407640 54 2258 1508 60.674840 0.180198 0.113458 6920 
1171812626 9881 26745 5.413420 54 2256 1515 60.827649 0.181074 0.113519 6943 
1171899026 9892 26805 5.419531 54 2252 1521 60.952689 0.181097 0.113826 6965 
1171985426 9908 26886 5.427130 54 2253 1526 61.155430 0.181298 0.114118 6999 
1172071826 9923 26971 5.436058 54 2256 1516 61.366522 0.181195 0.114414 7030 
1172158226 9952 27105 5.447146 54 2264 1516 61.703175 0.180206 0.114787 7078 
1172244626 9973 27246 5.463953 54 2257 1526 62.103078 0.179295 0.115529 7141 
1172331026 9994 27359 5.475085 54 2248 1535 62.375225 0.179162 0.115931 7180 
1172417426 10016 27464 5.484026 54 2245 1544 62.589058 0.178895 0.116310 7216 
1172503826 10039 27591 5.496763 54 2243 1541 62.877976 0.179732 0.116496 7266 
1172590226 10075 27782 5.515037 54 2236 1557 63.372109 0.179089 0.117786 7342 
1172676626 10105 27941 5.530134 54 2241 1561 63.759525 0.179041 0.118183 7415 
1172763026 10128 28103 5.549566 54 2229 1567 64.180687 0.178405 0.119040 7468 
1172849426 10160 28264 5.563780 54 2225 1579 64.561220 0.177848 0.119064 7526 
1172935826 10174 28341 5.571260 55 2223 1592 64.761156 0.176953 0.119595 7559 
1173022226 10197 28436 5.577327 56 2227 1589 64.934785 0.176219 0.120320 7593 
1173108626 10222 28555 5.586969 56 2231 1598 65.211113 0.176055 0.121079 7645 
1173195026 10254 28742 5.606007 56 2229 1607 65.682075 0.176608 0.120691 7718 
1173281426 10283 28925 5.625790 56 2219 1619 66.151318 0.176506 0.121960 7793 
1173367826 10310 29091 5.643259 56 2219 1622 66.545296 0.175985 0.122390 7864 
1173454226 10335 29232 5.656894 56 2220 1627 66.924625 0.175719 0.122701 7914 
1173540626 10358 29342 5.665573 56 2220 1628 67.164897 0.175387 0.122951 7944 
1173627026 10369 29408 5.672292 56 2218 1634 67.337255 0.175020 0.123284 7970 
1173713426 10384 29511 5.683937 56 2213 1631 67.601310 0.174991 0.123687 8011 
1173799826 10419 29666 5.694596 56 2224 1627 67.907861 0.175035 0.124138 8074 
1173886226 10451 29824 5.707396 57 2227 1626 68.220457 0.175139 0.123807 8138 
1173972626 10473 29987 5.726535 57 2219 1625 68.627327 0.174967 0.124352 8201 
1174059026 10502 30108 5.733765 57 2213 1639 68.786136 0.175927 0.125173 8243 
1174145426 10521 30227 5.746032 57 2215 1629 69.060546 0.175776 0.124955 8285 
1174231826 10539 30330 5.755764 57 2214 1635 69.302401 0.175812 0.124538 8321 
1174318226 10557 30455 5.769632 57 2209 1637 69.617126 0.174464 0.124601 8370 
1174404626 10590 30603 5.779603 57 2216 1641 69.953730 0.174219 0.124762 8427 
1174491026 10621 30752 5.790792 57 2224 1635 70.263629 0.174747 0.124345 8476 
1174577426 10646 30903 5.805561 57 2218 1646 70.612061 0.175143 0.124593 8529 
1174663826 10668 31042 5.819648 58 2215 1643 70.988939 0.174129 0.124375 8581 
1174750226 10689 31142 5.826925 58 2223 1646 71.215642 0.173806 0.125099 8625 
1174836626 10701 31218 5.834595 58 2222 1652 71.404729 0.173360 0.125230 8653 
1174923026 10734 31336 5.838644 58 2231 1650 71.549469 0.173652 0.124975 8688 
1175009426 10766 31474 5.846926 58 2236 1657 71.812930 0.173560 0.125421 8743 
1175095826 10790 31615 5.860056 58 2239 1658 72.149583 0.172716 0.125328 8794 
1175182226 10819 31758 5.870783 58 2248 1660 72.442185 0.173000 0.125045 8838 
1175268626 10847 31866 5.875542 58 2252 1665 72.582281 0.173625 0.124994 8877 
1175355026 10867 31972 5.884237 59 2253 1671 72.831324 0.173263 0.125458 8917 
1175441426 10875 32040 5.892414 59 2251 1673 73.045885 0.173060 0.125614 8938 
1175527826 10893 32151 5.903057 59 2246 1679 73.335169 0.173723 0.125736 8985 
1175614226 10911 32279 5.916781 59 2243 1680 73.668591 0.173383 0.126821 9048 
1175700626 10933 32409 5.928656 59 2246 1683 73.994695 0.173175 0.126702 9101 
1175787026 10952 32529 5.940285 60 2245 1684 74.304967 0.172324 0.127595 9152 
1175873426 10982 32628 5.942087 60 2258 1694 74.462393 0.172228 0.127704 9189 
1175959826 11001 32724 5.949277 60 2258 1697 74.646850 0.172548 0.127869 9229 
1176046226 11025 32821 5.953923 60 2265 1697 74.845533 0.173059 0.128182 9262 
1176132626 11041 32925 5.964134 60 2269 1684 75.060411 0.173109 0.128019 9297 
1176219026 11077 33099 5.976167 60 2287 1677 75.459601 0.172823 0.127194 9359 
1176305426 11109 33303 5.995679 60 2280 1675 75.947070 0.172026 0.127294 9431 
1176391826 11129 33419 6.005751 60 2279 1680 76.208105 0.171475 0.127197 9459 
1176478226 11153 33541 6.014705 60 2286 1684 76.469649 0.171399 0.126955 9501 
1176564626 11167 33640 6.024895 60 2280 1688 76.754903 0.170812 0.127189 9541 
1176651026 11185 33729 6.031113 60 2277 1694 76.941618 0.170604 0.127390 9564 
1176737426 11201 33845 6.043210 60 2270 1703 77.269708 0.170495 0.127885 9608 
1176823826 11227 34024 6.061103 60 2262 1717 77.703215 0.170333 0.128511 9681 
1176910226 11260 34209 6.076199 60 2274 1697 78.084902 0.170774 0.127946 9750 
1176996626 11285 34355 6.088613 60 2274 1702 78.440939 0.170880 0.128181 9810 
1177083026 11321 34518 6.098048 62 2279 1712 78.816359 0.170081 0.128335 9877 
1177169426 11346 34614 6.101534 62 2291 1711 78.989600 0.169710 0.128525 9911 
1177255826 11361 34695 6.107737 62 2289 1716 79.158701 0.169732 0.128700 9943 
1177342226 11378 34816 6.119880 62 2288 1715 79.520654 0.169155 0.128548 9987 
1177428626 11401 34973 6.135076 62 2278 1723 79.895097 0.169173 0.128557 10047 
1177515026 11428 35123 6.146832 62 2284 1727 80.277739 0.168599 0.128341 10106 
1177601426 11457 35284 6.159379 62 2278 1743 80.646766 0.167973 0.129041 10170 
1177687826 11495 35431 6.164593 62 2297 1741 80.872727 0.167193 0.128754 10215 
1177774226 11517 35537 6.171225 62 2303 1748 81.142138 0.167243 0.128518 10250 
1177860626 11532 35629 6.179154 62 2305 1747 81.361776 0.166550 0.128464 10279 
1177947026 11559 35770 6.189117 62 2307 1750 81.643222 0.166691 0.128400 10335 
1178033426 11596 35936 6.197999 62 2317 1751 81.969645 0.166413 0.128766 10399 
1178119826 11623 36074 6.207348 62 2316 1759 82.268605 0.166236 0.129231 10465 
1178206226 11642 36228 6.223673 62 2310 1747 82.670675 0.165946 0.129284 10514 
1178292626 11665 36357 6.233519 62 2310 1747 82.983112 0.165624 0.129071 10564 
1178379026 11685 36494 6.246299 62 2306 1750 83.326487 0.165403 0.129455 10616 
1178465426 11709 36590 6.249893 62 2315 1758 83.499530 0.165259 0.129335 10654 
1178551826 11728 36727 6.263131 62 2311 1758 83.881651 0.165108 0.129569 10702 
1178638226 11750 36913 6.283064 62 2306 1757 84.387234 0.165518 0.129546 10771 
1178724626 11782 37043 6.288067 62 2320 1751 84.651842 0.165509 0.129477 10824 
1178811026 11805 37185 6.299873 62 2323 1743 84.981787 0.165738 0.129691 10880 
1178897426 11835 37331 6.308576 62 2322 1751 85.266751 0.165600 0.130076 10931 
1178983826 11854 37413 6.312300 62 2328 1754 85.415050 0.165789 0.129637 10963 
1179070226 11875 37518 6.318821 62 2335 1748 85.606063 0.165835 0.129235 11002 
1179156626 11901 37666 6.329888 62 2334 1749 85.890093 0.165433 0.128961 11046 
1179243026 11930 37831 6.342163 62 2342 1748 86.276949 0.165385 0.128697 11113 
1179329426 11959 37968 6.349695 62 2350 1749 86.534158 0.165850 0.128821 11169 
1179415826 11986 38104 6.358084 62 2348 1764 86.805106 0.165447 0.128866 11219 
1179502226 12016 38262 6.368509 62 2358 1764 87.140979 0.166264 0.128872 11296 
1179588626 12030 38382 6.381047 62 2347 1773 87.498919 0.166009 0.129261 11347 
1179675026 12044 38464 6.387247 62 2345 1782 87.695118 0.165702 0.129576 11379 
1179761426 12062 38591 6.398773 63 2340 1782 88.002487 0.165430 0.129384 11426 
1179847826 12083 38723 6.409501 64 2334 1787 88.315485 0.165095 0.129621 11480 
1179934226 12104 38863 6.421514 64 2332 1784 88.639293 0.164948 0.130115 11548 
1180020626 12147 39071 6.433029 64 2340 1792 89.047666 0.163766 0.130551 11635 
1180107026 12173 39229 6.445248 64 2344 1790 89.445658 0.163329 0.131289 11708 
1180193426 12191 39339 6.453777 65 2344 1791 89.718481 0.163313 0.130912 11745 
1180279826 12207 39432 6.460555 65 2344 1793 89.935283 0.163271 0.130937 11786 
1180366226 12238 39562 6.465436 65 2350 1798 90.110966 0.163836 0.130711 11824 
1180452626 12259 39709 6.478342 66 2345 1807 90.486989 0.164042 0.131591 11899 
1180539026 12288 39889 6.492350 66 2347 1799 90.839681 0.164353 0.131393 11964 
1180625426 12309 40065 6.509871 66 2333 1812 91.334633 0.164368 0.131362 12031 
1180711826 12337 40213 6.519089 66 2339 1814 91.616438 0.164344 0.131591 12089 
1180798226 12353 40334 6.530236 66 2327 1822 91.910467 0.163991 0.131801 12142 
1180884626 12372 40421 6.534271 67 2339 1819 92.068542 0.163575 0.131537 12167 
1180971026 12392 40526 6.540671 67 2352 1808 92.299387 0.163475 0.131446 12214 
1181057426 12433 40669 6.542106 67 2371 1809 92.465214 0.163066 0.131180 12262 
1181143826 12462 40797 6.547424 67 2382 1808 92.670518 0.162609 0.131119 12313 
1181230226 12497 40938 6.551652 67 2400 1797 92.858446 0.162991 0.130700 12367 
1181316626 12524 41082 6.560524 67 2397 1801 93.116097 0.163353 0.130886 12420 
1181403026 12550 41174 6.561594 67 2412 1798 93.243665 0.162613 0.130693 12447 
1181489426 12576 41283 6.565363 67 2422 1799 93.460401 0.162169 0.130223 12486 
1181575826 12596 41414 6.575738 67 2424 1797 93.764528 0.162053 0.130386 12534 
1181662226 12633 41593 6.584818 67 2436 1798 94.086757 0.161812 0.130392 12605 
1181748626 12668 41751 6.591569 68 2439 1809 94.293495 0.161592 0.130218 12654 
1181835026 12706 41925 6.599244 68 2449 1802 94.612467 0.161721 0.129785 12715 
1181921426 12732 42090 6.611687 68 2448 1809 95.036915 0.161449 0.129786 12785 
1182007826 12749 42213 6.622166 68 2453 1795 95.362460 0.160652 0.129591 12838 
1182094226 12777 42342 6.627847 68 2456 1797 95.539172 0.161110 0.129593 12893 
1182180626 12799 42489 6.639425 69 2453 1799 95.850770 0.161263 0.130416 12959 
1182267026 12824 42639 6.649875 69 2457 1797 96.189177 0.161056 0.130853 13023 
1182353426 12851 42791 6.659560 69 2463 1792 96.491479 0.161281 0.130972 13079 
1182439826 12877 42927 6.667236 69 2463 1794 96.732935 0.161143 0.131262 13133 
1182526226 12919 43108 6.673582 69 2473 1797 96.987073 0.161161 0.131270 13203 
1182612626 12937 43253 6.686713 69 2469 1797 97.385483 0.160272 0.131145 13262 
1182699026 12961 43364 6.691459 69 2468 1809 97.535375 0.160627 0.131069 13296 
1182785426 12999 43514 6.694977 69 2486 1804 97.765982 0.160181 0.131073 13337 
1182871826 13040 43689 6.700767 69 2499 1813 98.068098 0.160066 0.130683 13403 
1182958226 13069 43833 6.707935 69 2509 1815 98.340347 0.159754 0.130326 13454 
1183044626 13106 43981 6.711582 69 2530 1804 98.531665 0.159580 0.129870 13500 
1183131026 13133 44113 6.717886 70 2535 1813 98.811087 0.159712 0.129851 13559 
1183217426 13159 44248 6.725131 70 2543 1812 99.108595 0.159261 0.130158 13617 
1183303826 13173 44345 6.732711 70 2534 1826 99.344872 0.159134 0.130208 13661 
1183390226 13209 44494 6.736922 70 2546 1831 99.600121 0.159237 0.130350 13722 
1183476626 13240 44688 6.750453 70 2540 1832 99.985045 0.159422 0.130643 13804 
1183563026 13278 44832 6.752824 70 2550 1837 100.169303 0.159524 0.130323 13854 
1183649426 13306 44953 6.756801 70 2561 1834 100.301668 0.159785 0.129919 13891 
1183735826 13335 45142 6.770454 71 2550 1848 100.782452 0.159780 0.130074 13964 
1183822226 13352 45270 6.781007 71 2541 1849 101.091072 0.159816 0.131070 14026 
1183908626 13379 45409 6.788101 71 2545 1853 101.374991 0.159385 0.131135 14074 
1183995026 13414 45560 6.792903 71 2556 1861 101.619949 0.158269 0.131034 14129 
1184081426 13456 45733 6.797414 72 2567 1868 101.891350 0.157688 0.131259 14192 
1184167826 13484 45898 6.807772 72 2563 1878 102.206912 0.157651 0.131524 14251 
1184254226 13512 46059 6.817496 72 2567 1883 102.565423 0.156984 0.131661 14322 
1184340626 13536 46224 6.829787 72 2571 1880 103.011377 0.156868 0.131523 14396 
1184427026 13560 46374 6.839823 72 2575 1880 103.348820 0.156560 0.131438 14455 
1184513426 13575 46477 6.847440 72 2567 1889 103.578490 0.156434 0.131615 14496 
1184599826 13603 46673 6.862163 72 2566 1893 104.128060 0.155634 0.131621 14583 
1184686226 13644 46866 6.869833 72 2563 1919 104.463354 0.155153 0.131717 14653 
1184772626 13682 47029 6.874580 72 2576 1924 104.693466 0.155411 0.131775 14713 
1184859026 13721 47216 6.882297 72 2584 1917 104.973253 0.155851 0.131666 14790 
1184945426 13755 47394 6.891167 72 2587 1927 105.284188 0.156080 0.131784 14871 
1185031826 13789 47537 6.894916 73 2604 1913 105.456233 0.156038 0.131552 14911 
1185118226 13818 47654 6.897380 73 2609 1921 105.577218 0.156039 0.131318 14956 
1185204626 13845 47778 6.901842 74 2616 1924 105.772192 0.155703 0.131881 15004 
1185291026 13874 47922 6.908174 74 2619 1928 106.025371 0.156276 0.131982 15060 
1185377426 13907 48081 6.914647 74 2627 1939 106.334795 0.156615 0.132032 15137 
1185463826 13939 48245 6.922304 74 2632 1938 106.608509 0.156654 0.131986 15204 
1185550226 13973 48390 6.926215 74 2636 1954 106.832606 0.157148 0.132238 15272 
1185636626 13998 48535 6.934562 74 2640 1950 107.140163 0.156593 0.132361 15332 
1185723026 14022 48637 6.937241 74 2646 1951 107.256312 0.156552 0.132064 15368 
1185809426 14057 48797 6.942733 74 2646 1962 107.490503 0.156765 0.132492 15433 
1185895826 14091 48975 6.951245 75 2660 1957 107.827833 0.156527 0.132877 15523 
1185982226 14119 49142 6.961116 75 2666 1953 108.133721 0.156560 0.132728 15591 
1186068626 14156 49324 6.968635 75 2671 1962 108.444193 0.156705 0.133024 15670 
1186155026 14198 49500 6.972813 75 2683 1969 108.690238 0.156509 0.132993 15731 
1186241426 14223 49623 6.977853 75 2691 1973 108.912888 0.156331 0.133261 15779 
1186327826 14241 49755 6.987571 75 2689 1971 109.200197 0.156055 0.133080 15830 
1186414226 14281 49933 6.992928 75 2696 1981 109.449478 0.156156 0.133196 15892 
1186500626 14318 50145 7.004470 75 2705 1985 109.869954 0.156261 0.132665 15973 
1186587026 14351 50361 7.018466 75 2696 1991 110.305205 0.156122 0.132786 16062 
1186673426 14387 50583 7.031765 75 2701 1990 110.784041 0.156222 0.132621 16154 
1186759826 14417 50743 7.039329 75 2702 1995 111.079559 0.155772 0.132744 16215 
1186846226 14447 50869 7.042154 75 2724 1985 111.252578 0.155832 0.132062 16257 
1186932626 14467 50986 7.048593 75 2724 1985 111.500380 0.155917 0.131858 16306 
1187019026 14485 51118 7.058060 76 2718 1991 111.865240 0.154695 0.131792 16361 
1187105426 14518 51274 7.063507 77 2723 2005 112.104009 0.154532 0.131783 16413 
1187191826 14547 51447 7.073211 77 2718 2018 112.438028 0.154617 0.131815 16482 
1187278226 14584 51609 7.077482 77 2730 2019 112.664701 0.154381 0.131345 16548 
1187364626 14611 51770 7.086442 77 2735 2016 112.967901 0.154414 0.131466 16609 
1187451026 14630 51916 7.097198 78 2736 2012 113.319481 0.154198 0.131421 16670 
1187537426 14654 52067 7.106183 78 2735 2016 113.634366 0.154169 0.131501 16730 
1187623826 14678 52217 7.115002 78 2734 2016 113.911977 0.153854 0.131790 16796 
1187710226 14708 52399 7.125238 78 2738 2017 114.294126 0.153950 0.131694 16860 
1187796626 14747 52547 7.126466 79 2757 2016 114.489998 0.153897 0.132070 16914 
1187883026 14779 52704 7.132282 79 2769 2017 114.770553 0.153399 0.132132 16976 
1187969426 14823 52875 7.134183 79 2779 2035 114.912096 0.153155 0.132121 17024 
1188055826 14845 53013 7.142203 79 2778 2038 115.247423 0.153250 0.132464 17091 
1188142226 14864 53140 7.150161 80 2775 2049 115.551668 0.153180 0.132723 17152 
1188228626 14892 53329 7.162100 80 2775 2053 115.938088 0.153391 0.132159 17216 
1188315026 14928 53507 7.168676 80 2785 2055 116.227894 0.153836 0.131911 17281 
1188401426 14959 53692 7.178555 80 2782 2061 116.542817 0.154018 0.132005 17351 
1188487826 14984 53863 7.189402 80 2785 2060 116.904164 0.153915 0.132054 17432 
1188574226 15012 54025 7.197575 80 2797 2060 117.202771 0.153956 0.131927 17496 
1188660626 15036 54149 7.202580 80 2800 2059 117.362995 0.154143 0.131705 17540 
1188747026 15055 54253 7.207307 80 2794 2069 117.522816 0.153754 0.131819 17580 
1188833426 15086 54392 7.210924 80 2803 2074 117.703036 0.154093 0.131937 17635 
1188919826 15110 54528 7.217472 80 2803 2077 117.946128 0.154202 0.132018 17689 
1189006226 15141 54711 7.226867 80 2799 2093 118.290073 0.154081 0.132155 17772 
1189092626 15179 54930 7.237631 81 2799 2109 118.712300 0.153780 0.132336 17855 
1189179026 15211 55085 7.242785 81 2800 2123 118.956413 0.153813 0.132982 17919 
1189265426 15243 55213 7.244374 81 2816 2121 119.085875 0.154051 0.132741 17976 
1189351826 15264 55345 7.251703 81 2816 2127 119.323899 0.153961 0.132693 18029 
1189438226 15319 55541 7.251257 82 2845 2117 119.531040 0.153554 0.132682 18106 
1189524626 15345 55704 7.260215 82 2850 2118 119.848420 0.153330 0.132431 18169 
1189611026 15384 55873 7.263781 82 2862 2118 120.032241 0.153567 0.132402 18227 
1189697426 15423 56027 7.265383 82 2878 2117 120.164300 0.153497 0.132269 18280 
1189783826 15449 56169 7.271539 82 2885 2116 120.406628 0.153387 0.132054 18338 
1189870226 15479 56316 7.276439 82 2887 2122 120.608308 0.153362 0.131994 18391 
1189956626 15507 56451 7.280712 82 2893 2124 120.816921 0.152851 0.132195 18454 
1190043026 15544 56616 7.284611 82 2896 2132 121.049537 0.152983 0.131995 18509 
1190129426 15586 56808 7.289619 82 2910 2131 121.331965 0.153483 0.131837 18588 
1190215826 15623 57001 7.297062 82 2909 2135 121.677015 0.153114 0.131700 18655 
1190302226 15679 57222 7.299190 82 2921 2142 121.892595 0.153064 0.131936 18747 
1190388626 15725 57433 7.304674 82 2940 2145 122.235040 0.153219 0.131347 18836 
1190475026 15752 57578 7.310564 82 2944 2149 122.487430 0.152880 0.131362 18899 
1190561426 15788 57698 7.309096 83 2962 2148 122.558272 0.152614 0.131323 18954 
1190647826 15832 57852 7.308236 83 2986 2144 122.681910 0.152807 0.131007 19012 
1190734226 15880 58033 7.308942 83 3009 2149 122.874055 0.152812 0.130905 19089 
1190820626 15928 58212 7.309392 83 3020 2169 123.048970 0.152914 0.131002 19157 
1190907026 15971 58423 7.316135 83 3019 2187 123.403168 0.152925 0.131272 19242 
1190993426 16017 58621 7.319848 83 3038 2186 123.681588 0.152718 0.131160 19331 
1191079826 16053 58741 7.318383 83 3060 2184 123.736498 0.152900 0.130688 19370 
1191166226 16090 58864 7.316843 84 3077 2190 123.800373 0.153042 0.130275 19406 
1191252626 16145 59035 7.313100 84 3100 2200 123.829297 0.153519 0.130264 19461 
1191339026 16195 59260 7.318308 84 3124 2193 124.108182 0.153641 0.129811 19558 
1191425426 16234 59430 7.321671 84 3142 2184 124.382900 0.153323 0.129780 19628 
1191511826 16287 59631 7.322527 84 3170 2174 124.649107 0.153550 0.129631 19720 
1191598226 16329 59813 7.325984 84 3180 2174 124.895707 0.153546 0.129429 19795 
1191684626 16371 59960 7.325148 85 3200 2172 125.021929 0.153405 0.129196 19851 
1191771026 16400 60063 7.324756 87 3220 2170 125.120244 0.153393 0.129038 19897 
1191857426 16433 60248 7.332563 88 3228 2174 125.516461 0.153088 0.129328 19969 
1191943826 16484 60429 7.331837 88 3241 2191 125.657001 0.152861 0.129078 20031 
1192030226 16522 60590 7.334463 88 3259 2184 125.851955 0.152764 0.128836 20086 
1192116626 16568 60773 7.336190 88 3273 2198 126.060357 0.152690 0.128718 20158 
1192203026 16610 60946 7.338471 88 3281 2199 126.226610 0.152487 0.128710 20225 
1192289426 16646 61061 7.336417 88 3299 2204 126.316593 0.152523 0.128221 20266 
1192375826 16671 61172 7.338732 89 3311 2206 126.497151 0.152176 0.128167 20318 
1192462226 16700 61316 7.343234 89 3320 2214 126.706946 0.152302 0.128108 20366 
1192548626 16741 61527 7.350457 89 3330 2216 127.094200 0.151569 0.128411 20450 
1192635026 16783 61719 7.354943 90 3331 2226 127.349937 0.151603 0.128820 20524 
1192721426 16826 61905 7.358255 90 3343 2233 127.575062 0.151416 0.128702 20592 
1192807826 16880 62088 7.356398 91 3363 2247 127.711730 0.151150 0.128794 20652 
1192894226 16903 62201 7.359759 91 3369 2249 127.881796 0.151010 0.128612 20694 
1192980626 16922 62280 7.360832 91 3377 2247 127.958870 0.150856 0.128737 20731 
1193067026 16947 62408 7.365079 92 3380 2257 128.174072 0.151309 0.128753 20785 
1193153426 16978 62596 7.373778 93 3379 2274 128.529509 0.151194 0.128717 20864 
1193239826 17025 62797 7.377034 93 3394 2278 128.728576 0.151070 0.128560 20937 
1193326226 17062 62967 7.380964 93 3401 2285 128.925331 0.151122 0.128607 21001 
1193412626 17108 63144 7.381810 93 3411 2304 129.077508 0.151030 0.128608 21066 
1193499026 17125 63250 7.386861 93 3411 2307 129.261314 0.150994 0.128597 21109 
1193585426 17147 63330 7.386715 93 3421 2309 129.320814 0.151280 0.128632 21144 
1193671826 17173 63429 7.387061 93 3434 2313 129.429104 0.151017 0.128549 21180 
1193758226 17209 63607 7.392295 93 3440 2318 129.694695 0.150872 0.128404 21252 
1193844626 17245 63770 7.395767 93 3450 2323 129.902117 0.150565 0.128433 21323 
1193931026 17278 63896 7.396226 93 3469 2324 130.008682 0.150663 0.128303 21378 
1194017426 17313 64077 7.402183 94 3472 2330 130.259920 0.150396 0.128612 21447 
1194103826 17342 64196 7.403529 94 3489 2331 130.354746 0.150429 0.128377 21494 
1194190226 17364 64313 7.407625 94 3492 2338 130.531444 0.150460 0.128031 21537 
1194276626 17394 64451 7.410716 95 3497 2340 130.734506 0.150564 0.127967 21595 
1194363026 17439 64623 7.411319 95 3515 2342 130.926888 0.150912 0.127905 21668 
1194449426 17477 64791 7.414430 95 3526 2340 131.127653 0.150835 0.128064 21743 
1194535826 17510 64986 7.422730 95 3517 2355 131.474358 0.150729 0.127983 21820 
1194622226 17546 65153 7.426536 96 3528 2362 131.719480 0.150620 0.127792 21886 
1194708626 17580 65296 7.428441 96 3539 2368 131.902503 0.150460 0.127479 21938 
1194795026 17604 65402 7.430357 96 3543 2373 132.056464 0.150350 0.127677 21992 
1194881426 17639 65544 7.431714 96 3556 2377 132.218833 0.150434 0.127602 22046 
1194967826 17682 65749 7.436828 97 3563 2388 132.487501 0.150439 0.127585 22122 
1195054226 17728 65935 7.438515 97 3588 2387 132.678136 0.150458 0.127235 22194 
1195140626 17764 66095 7.441455 97 3601 2392 132.889214 0.150518 0.127352 22266 
1195227026 17800 66261 7.445056 97 3611 2395 133.097303 0.150547 0.127257 22336 
1195313426 17832 66377 7.444706 97 3622 2394 133.194706 0.150718 0.127105 22372 
1195399826 17851 66493 7.449779 97 3618 2406 133.422777 0.150420 0.127439 22434 
1195486226 17882 66631 7.452298 97 3622 2414 133.580696 0.150468 0.127681 22486 
1195572626 17918 66823 7.458757 97 3632 2406 133.832124 0.150879 0.127451 22565 
1195659026 17951 66969 7.461311 97 3644 2404 134.013927 0.150538 0.127687 22619 
1195745426 17968 67072 7.465717 97 3645 2411 134.178762 0.150807 0.127865 22658 
1195831826 17992 67176 7.467319 97 3655 2409 134.313584 0.150929 0.127898 22714 
1195918226 18013 67261 7.468051 97 3666 2414 134.425359 0.151007 0.127778 22745 
1196004626 18031 67373 7.473019 97 3672 2411 134.657978 0.150989 0.127611 22797 
1196091026 18058 67523 7.478458 97 3681 2408 134.959353 0.150482 0.127479 22851 
1196177426 18096 67710 7.483422 97 3688 2414 135.300287 0.150337 0.127884 22936 
1196263826 18137 67883 7.485582 97 3703 2423 135.490103 0.150585 0.127817 23012 
1196350226 18169 68041 7.489790 98 3713 2427 135.738015 0.150132 0.127761 23070 
1196436626 18200 68199 7.494396 98 3715 2437 135.991538 0.150242 0.128215 23155 
1196523026 18226 68308 7.495666 98 3712 2450 136.062548 0.150332 0.128634 23195 
1196609426 18245 68415 7.499589 98 3715 2452 136.249712 0.150154 0.128845 23245 
1196695826 18277 68541 7.500246 98 3732 2460 136.412759 0.149910 0.128884 23298 
1196782226 18298 68716 7.510766 98 3724 2473 136.781725 0.149868 0.129162 23380 
1196868626 18324 68885 7.518555 98 3730 2458 137.077167 0.149840 0.129225 23446 
1196955026 18354 69020 7.520976 99 3744 2455 137.215866 0.149658 0.129025 23505 
1197041426 18390 69188 7.524524 100 3749 2459 137.408809 0.149553 0.129120 23571 
1197127826 18416 69322 7.528454 100 3755 2465 137.603823 0.149418 0.129209 23631 
1197214226 18439 69436 7.531428 100 3760 2470 137.766473 0.149447 0.129111 23673 
1197300626 18466 69548 7.532546 100 3767 2472 137.867324 0.149491 0.129180 23713 
1197387026 18505 69702 7.533315 100 3775 2487 137.974169 0.149660 0.129288 23770 
1197473426 18536 69863 7.538088 100 3780 2496 138.234786 0.149447 0.129501 23847 
1197559826 18569 70011 7.540632 100 3796 2492 138.437180 0.149513 0.129498 23916 
1197646226 18605 70138 7.539694 101 3813 2499 138.574899 0.149080 0.129698 23962 
1197732626 18628 70249 7.542302 101 3821 2499 138.727400 0.149008 0.129846 24012 
1197819026 18645 70335 7.544650 101 3830 2498 138.835505 0.148909 0.129580 24041 
1197905426 18676 70463 7.545834 101 3841 2504 138.960698 0.149018 0.129675 24096 
1197991826 18697 70563 7.548056 101 3850 2500 139.090549 0.148958 0.129481 24136 
1198078226 18741 70710 7.546022 101 3870 2505 139.149565 0.149270 0.129268 24192 
1198164626 18786 70844 7.542212 101 3893 2513 139.213457 0.149237 0.129252 24241 
1198251026 18812 70967 7.544865 101 3902 2515 139.367425 0.149086 0.129018 24291 
1198337426 18844 71088 7.544895 101 3917 2516 139.489493 0.149012 0.128923 24338 
1198423826 18855 71173 7.549509 101 3918 2518 139.703103 0.148988 0.128977 24379 
1198510226 18878 71257 7.549211 102 3930 2512 139.796165 0.148871 0.128887 24411 
1198596626 18892 71354 7.553885 102 3928 2515 139.985497 0.148908 0.128726 24453 
1198683026 18900 71418 7.557460 102 3923 2519 140.123810 0.148618 0.128826 24478 
1198769426 18922 71510 7.558398 102 3930 2526 140.243949 0.148670 0.128859 24510 
1198855826 18942 71631 7.563193 102 3934 2521 140.450744 0.148650 0.128779 24580 
1198942226 18961 71762 7.569432 102 3932 2527 140.653130 0.148840 0.129197 24650 
1199028626 18988 71864 7.569412 102 3941 2530 140.750369 0.148753 0.129343 24694 
1199115026 19015 71997 7.572653 102 3949 2533 140.936945 0.148780 0.129603 24753 
1199201426 19034 72094 7.575286 102 3954 2529 141.046443 0.148810 0.129750 24798 
1199287826 19060 72221 7.578279 102 3958 2538 141.215740 0.148774 0.130006 24857 
1199374226 19094 72337 7.576935 102 3963 2553 141.264586 0.148800 0.130016 24893 
1199460626 19120 72455 7.578975 102 3968 2556 141.378452 0.148928 0.130078 24936 
1199547026 19142 72544 7.579563 102 3979 2560 141.496813 0.148678 0.130078 24972 
1199633426 19170 72648 7.579343 102 3994 2565 141.595514 0.148728 0.129866 25015 
1199719826 19197 72741 7.578372 102 4004 2570 141.646403 0.148461 0.129885 25054 
1199806226 19221 72852 7.580459 102 4005 2574 141.788565 0.148436 0.129862 25097 
1199892626 19238 72954 7.584364 102 4008 2577 141.967252 0.148315 0.129906 25142 
1199979026 19265 73077 7.586504 103 4015 2588 142.137970 0.148437 0.129706 25192 
1200065426 19298 73195 7.585760 103 4018 2597 142.197430 0.148465 0.129749 25237 
1200151826 19329 73309 7.585390 103 4029 2599 142.297791 0.148326 0.129658 25275 
1200238226 19350 73405 7.587080 103 4037 2602 142.453127 0.147987 0.129790 25319 
1200324626 19381 73511 7.585883 104 4055 2596 142.487591 0.148035 0.129604 25354 
1200411026 19405 73650 7.590827 104 4057 2600 142.739191 0.147883 0.129740 25419 
1200497426 19449 73791 7.588154 104 4079 2614 142.801789 0.148007 0.129695 25463 
1200583826 19480 73929 7.590246 104 4090 2619 142.968070 0.148172 0.129764 25522 
1200670226 19511 74070 7.592640 104 4103 2618 143.152273 0.148085 0.129533 25574 
1200756626 19535 74164 7.592936 104 4108 2627 143.232455 0.148231 0.129543 25609 
1200843026 19551 74259 7.596440 104 4113 2623 143.387960 0.148218 0.129323 25636 
1200929426 19573 74379 7.600163 104 4113 2627 143.609053 0.147589 0.129346 25685 
1201015826 19602 74494 7.600653 104 4124 2629 143.741353 0.147628 0.129362 25733 
1201102226 19649 74650 7.598351 104 4143 2633 143.789913 0.147687 0.129501 25789 
1201188626 19682 74791 7.599939 104 4155 2631 143.938218 0.147911 0.129769 25863 
1201275026 19722 74944 7.600041 105 4170 2635 144.078288 0.147661 0.129841 25925 
1201361426 19769 75131 7.600890 105 4182 2649 144.269816 0.147458 0.129694 25994 
1201447826 19806 75306 7.604362 106 4192 2655 144.472382 0.147452 0.129765 26070 
1201534226 19837 75459 7.607904 106 4197 2657 144.642839 0.147724 0.130059 26137 
1201620626 19875 75660 7.613585 106 4203 2663 144.953761 0.147668 0.130080 26213 
1201707026 19919 75819 7.612732 106 4227 2667 145.096641 0.147594 0.129908 26280 
1201793426 19959 75959 7.611504 106 4237 2682 145.196353 0.147757 0.130157 26339 
1201879826 19995 76102 7.612103 106 4254 2687 145.337134 0.147688 0.130279 26402 
1201966226 20017 76201 7.613628 106 4250 2699 145.415797 0.147757 0.130682 26440 
1202052626 20029 76273 7.616256 106 4244 2713 145.520795 0.147603 0.130977 26474 
1202139026 20055 76351 7.614161 106 4257 2717 145.549738 0.147705 0.130998 26510 
1202225426 20077 76454 7.616078 106 4264 2718 145.682223 0.147978 0.131253 26568 
1202311826 20096 76531 7.616541 106 4268 2727 145.769108 0.147832 0.131349 26600 
1202398226 20137 76681 7.615931 106 4287 2737 145.910016 0.147652 0.131400 26664 
1202484626 20181 76833 7.614390 106 4302 2747 145.992765 0.147728 0.131506 26726 
1202571026 20213 77026 7.621432 106 4305 2742 146.321872 0.147506 0.131779 26814 
1202657426 20238 77125 7.621801 106 4310 2749 146.447475 0.147800 0.131870 26858 
1202743826 20272 77277 7.624013 106 4319 2751 146.590075 0.147685 0.131709 26904 
1202830226 20303 77457 7.630104 106 4312 2769 146.923903 0.147444 0.132084 26993 
1202916626 20344 77659 7.634585 106 4313 2785 147.194160 0.147365 0.131840 27055 
1203003026 20383 77833 7.637050 106 4318 2797 147.401854 0.146963 0.131948 27123 
1203089426 20417 77998 7.640496 106 4328 2796 147.648626 0.147039 0.131956 27199 
1203175826 20449 78107 7.639200 106 4343 2799 147.756370 0.146798 0.131863 27242 
1203262226 20470 78214 7.641817 107 4349 2807 147.926429 0.146565 0.131816 27286 
1203348626 20498 78366 7.646209 107 4351 2814 148.144112 0.146416 0.131470 27345 
1203435026 20534 78546 7.650336 107 4360 2813 148.331937 0.146358 0.131028 27416 
1203521426 20569 78721 7.654334 107 4353 2838 148.576596 0.146286 0.131578 27490 
1203607826 20599 78866 7.657265 107 4351 2853 148.737026 0.146515 0.131783 27562 
1203694226 20629 79000 7.659121 107 4359 2854 148.877599 0.146586 0.131790 27613 
1203780626 20660 79129 7.660116 107 4366 2861 149.013456 0.146346 0.132048 27667 
1203867026 20676 79216 7.662604 107 4360 2872 149.145096 0.146079 0.132142 27699 
1203953426 20717 79352 7.660569 107 4383 2872 149.247961 0.145907 0.132247 27760 
1204039826 20756 79522 7.662555 107 4394 2883 149.479283 0.146006 0.132251 27836 
1204126226 20798 79712 7.665352 107 4407 2885 149.656313 0.146251 0.132071 27909 
1204212626 20840 79883 7.666315 107 4414 2895 149.759117 0.146385 0.131977 27980 
1204299026 20891 80046 7.663204 107 4437 2900 149.766024 0.146721 0.132138 28037 
1204385426 20918 80170 7.665169 107 4444 2897 149.922650 0.146641 0.132088 28093 
1204471826 20945 80323 7.669897 107 4443 2912 150.134447 0.146649 0.132177 28158 
1204558226 20969 80442 7.672469 107 4448 2917 150.282798 0.146581 0.132012 28208 
1204644626 21024 80674 7.674467 107 4470 2930 150.553082 0.146525 0.132228 28309 
1204731026 21071 80867 7.675668 107 4484 2943 150.750225 0.146209 0.132108 28379 
1204817426 21112 81061 7.679140 107 4496 2946 150.998105 0.146421 0.132175 28467 
1204903826 21156 81212 7.677444 107 4515 2952 151.070996 0.146509 0.131973 28527 
1204990226 21191 81364 7.679109 107 4525 2947 151.189562 0.146373 0.132043 28583 
1205076626 21231 81491 7.676605 107 4547 2953 151.240827 0.146347 0.131981 28628 
1205163026 21267 81639 7.677529 107 4549 2969 151.346405 0.146387 0.131862 28683 
1205249426 21318 81818 7.675955 107 4563 2986 151.453326 0.146401 0.132053 28763 
1205335826 21363 82001 7.676918 107 4578 2989 151.618874 0.146440 0.131978 28837 
1205422226 21398 82148 7.678101 107 4586 3001 151.793345 0.146167 0.132299 28895 
1205508626 21428 82293 7.680885 107 4597 3000 151.981520 0.146192 0.132283 28958 
1205595026 21455 82398 7.681007 107 4609 2999 152.018364 0.146353 0.132129 28995 
1205681426 21472 82475 7.682098 108 4611 3005 152.112612 0.146489 0.132175 29023 
1205767826 21505 82610 7.682864 108 4619 3009 152.280214 0.146303 0.132133 29075 
1205854226 21559 82809 7.682082 108 4633 3025 152.376548 0.146418 0.132225 29146 
1205940626 21603 82985 7.682729 108 4649 3032 152.563811 0.146295 0.131987 29209 
1206027026 21628 83118 7.686148 108 4648 3041 152.747827 0.146086 0.132027 29256 
1206113426 21665 83262 7.686314 108 4655 3047 152.816247 0.146275 0.132145 29315 
1206199826 21687 83393 7.690598 109 4654 3059 153.045603 0.146199 0.132037 29361 
1206286226 21715 83515 7.691918 109 4667 3059 153.166843 0.146171 0.131954 29420 
1206372626 21736 83624 7.694516 109 4663 3071 153.294902 0.146129 0.132239 29462 
1206459026 21781 83799 7.694688 109 4679 3083 153.451081 0.146087 0.132179 29523 
1206545426 21818 83971 7.697406 109 4687 3091 153.653589 0.146116 0.132360 29596 
1206631826 21859 84146 7.698980 110 4702 3096 153.831008 0.146084 0.132089 29658 
1206718226 21894 84376 7.707682 111 4687 3121 154.233306 0.145852 0.132555 29759 
1206804626 21934 84529 7.707577 111 4707 3110 154.329899 0.145694 0.132539 29830 
1206891026 21972 84675 7.707537 111 4718 3107 154.413253 0.145529 0.132468 29876 
1206977426 22012 84880 7.712157 111 4717 3103 154.590769 0.145504 0.132460 29958 
1207063826 22051 85073 7.716022 111 4731 3106 154.874972 0.144945 0.132578 30034 
1207150226 22113 85302 7.715100 111 4762 3112 155.038665 0.144769 0.132587 30117 
1207236626 22161 85531 7.719056 111 4771 3121 155.302468 0.144913 0.132456 30205 
1207323026 22205 85727 7.721414 111 4783 3124 155.484981 0.145217 0.132397 30290 
1207409426 22251 85916 7.722439 111 4787 3139 155.628960 0.145300 0.132514 30373 
1207495826 22294 86041 7.718758 111 4809 3146 155.605454 0.145351 0.132365 30419 
1207582226 22330 86238 7.723959 112 4808 3156 155.935602 0.145023 0.132775 30509 
1207668626 22368 86439 7.728809 112 4803 3169 156.191702 0.144967 0.132715 30588 
1207755026 22405 86620 7.732203 112 4812 3176 156.439277 0.144878 0.132496 30642 
1207841426 22450 86823 7.734788 112 4823 3182 156.592339 0.144950 0.132494 30721 
1207927826 22507 87031 7.733683 113 4844 3193 156.704314 0.145031 0.132322 30804 
1208014226 22543 87183 7.734818 115 4850 3198 156.838220 0.144749 0.132508 30863 
1208100626 22560 87278 7.737411 115 4853 3205 156.968351 0.144824 0.132454 30909 
1208187026 22598 87431 7.737941 115 4864 3216 157.090273 0.144758 0.132386 30970 
1208273426 22650 87639 7.738543 115 4885 3213 157.226578 0.144918 0.132304 31049 
1208359826 22682 87846 7.745878 115 4884 3208 157.535755 0.145077 0.132130 31130 
1208446226 22725 88075 7.751375 115 4882 3213 157.813333 0.144981 0.132345 31234 
1208532626 22768 88285 7.755183 116 4888 3227 158.089336 0.145003 0.132287 31320 
1208619026 22813 88463 7.755490 116 4902 3232 158.189453 0.145069 0.132282 31390 
1208705426 22829 88550 7.757677 117 4907 3232 158.325288 0.144763 0.132170 31428 
1208791826 22862 88722 7.761526 117 4911 3229 158.522614 0.144955 0.132224 31496 
1208878226 22905 88924 7.764593 117 4930 3218 158.703515 0.144798 0.131820 31567 
1208964626 22950 89127 7.767059 117 4936 3234 158.926362 0.145019 0.132244 31659 
1209051026 23000 89331 7.767913 117 4952 3241 159.083739 0.144968 0.132438 31750 
1209137426 23040 89509 7.769878 117 4962 3248 159.293142 0.144892 0.132386 31834 
1209223826 23066 89608 7.769704 117 4976 3245 159.355848 0.144967 0.132151 31878 
1209310226 23101 89739 7.769274 117 4989 3248 159.405307 0.145057 0.132047 31930 
1209396626 23144 89891 7.767974 117 5004 3257 159.491877 0.144897 0.131846 31992 
1209483026 23197 90104 7.768591 117 5021 3260 159.632625 0.144927 0.132091 32085 
1209569426 23252 90298 7.766902 117 5044 3263 159.683210 0.145192 0.132039 32154 
1209655826 23301 90511 7.768851 117 5054 3286 159.843269 0.145346 0.132253 32247 
1209742226 23344 90736 7.773818 117 5061 3299 160.147190 0.144998 0.132414 32341 
1209828626 23369 90882 7.777996 117 5057 3309 160.384270 0.144634 0.132334 32403 
1209915026 23393 91029 7.782585 117 5048 3319 160.583080 0.144579 0.132623 32456 
1210001426 23435 91219 7.784852 117 5056 3329 160.712353 0.144737 0.132674 32535 
1210087826 23481 91429 7.787488 117 5077 3321 160.915804 0.144890 0.132715 32635 
1210174226 23533 91625 7.786937 117 5089 3340 161.029193 0.145001 0.132658 32716 
1210260626 23574 91822 7.790108 117 5099 3348 161.318232 0.144743 0.132602 32799 
1210347026 23616 91991 7.790566 117 5105 3355 161.412771 0.144821 0.132620 32855 
1210433426 23652 92133 7.790715 118 5116 3354 161.512346 0.144882 0.132233 32909 
1210519826 23677 92280 7.794906 118 5119 3357 161.710183 0.144653 0.131985 32967 
1210606226 23721 92441 7.794022 118 5138 3359 161.776822 0.144742 0.131841 33037 
1210692626 23761 92616 7.795631 119 5144 3364 161.955978 0.144836 0.131902 33112 
1210779026 23819 92838 7.795289 119 5161 3378 162.174986 0.144768 0.131584 33194 
1210865426 23859 93038 7.798986 119 5166 3393 162.429104 0.144400 0.131923 33289 
1210951826 23899 93226 7.801665 119 5175 3405 162.649400 0.144219 0.131853 33360 
1211038226 23937 93361 7.800560 120 5192 3412 162.754063 0.144122 0.131778 33411 
1211124626 23976 93484 7.798131 120 5208 3416 162.761011 0.144389 0.131839 33467 
1211211026 24006 93658 7.802883 120 5217 3417 163.052154 0.144178 0.131809 33545 
1211297426 24062 93852 7.800848 120 5247 3416 163.155681 0.143967 0.132000 33617 
1211383826 24110 94064 7.802903 120 5260 3426 163.381667 0.143885 0.131720 33706 
1211470226 24152 94249 7.804654 120 5275 3426 163.515816 0.143875 0.131745 33771 
1211556626 24200 94447 7.805537 120 5290 3435 163.650331 0.144015 0.131872 33853 
1211643026 24234 94600 7.807213 120 5291 3452 163.780309 0.143963 0.132138 33919 
1211729426 24257 94726 7.810199 120 5295 3455 163.960754 0.143768 0.132146 33975 
1211815826 24285 94845 7.810994 120 5300 3467 164.061108 0.143760 0.132190 34025 
1211902226 24328 95006 7.810424 120 5322 3464 164.116327 0.143926 0.132157 34089 
1211988626 24375 95202 7.811446 121 5329 3477 164.291200 0.143957 0.132217 34172 
1212075026 24416 95400 7.814548 122 5331 3492 164.518267 0.143583 0.132133 34248 
1212161426 24457 95613 7.818866 122 5330 3505 164.729116 0.143829 0.132407 34336 
1212247826 24510 95782 7.815749 122 5358 3513 164.804978 0.143656 0.132316 34401 
1212334226 24537 95899 7.816685 122 5362 3514 164.881933 0.143913 0.132288 34445 
1212420626 24578 96044 7.815445 122 5374 3525 164.910164 0.143864 0.132238 34497 
1212507026 24625 96243 7.816690 123 5380 3537 165.049665 0.144186 0.132266 34572 
1212593426 24673 96454 7.818587 123 5389 3536 165.189235 0.144145 0.132260 34660 
1212679826 24731 96652 7.816263 123 5422 3534 165.283652 0.144021 0.131892 34722 
1212766226 24788 96851 7.814346 124 5441 3539 165.333952 0.143957 0.131407 34786 
1212852626 24836 97026 7.813335 124 5470 3539 165.413029 0.143945 0.131057 34840 
1212939026 24874 97179 7.813701 124 5478 3549 165.526413 0.143930 0.131051 34907 
1213025426 24931 97338 7.808592 124 5501 3568 165.495167 0.144157 0.130928 34963 
1213111826 24975 97509 7.808529 124 5512 3579 165.617057 0.143883 0.131046 35027 
1213198226 25026 97717 7.809238 124 5531 3579 165.819388 0.143906 0.130991 35113 
1213284626 25079 97924 7.809243 124 5554 3577 165.979186 0.144021 0.130830 35194 
1213371026 25127 98109 7.809050 126 5571 3591 166.135153 0.143925 0.130641 35260 
1213457426 25155 98241 7.810853 126 5570 3604 166.276764 0.143956 0.130818 35312 
1213543826 25185 98368 7.811634 126 5581 3602 166.340600 0.143979 0.130834 35362 
1213630226 25249 98573 7.808072 126 5612 3606 166.404452 0.143899 0.130514 35435 
1213716626 25296 98777 7.809693 126 5626 3619 166.595193 0.143671 0.130718 35517 
1213803026 25336 98993 7.814414 126 5633 3612 166.870303 0.143608 0.130617 35607 
1213889426 25376 99185 7.817229 127 5629 3638 167.053830 0.143294 0.130924 35678 
1213975826 25437 99386 7.814286 127 5651 3653 167.094547 0.143434 0.131093 35767 
1214062226 25482 99542 7.812731 127 5679 3642 167.148026 0.143496 0.130749 35829 
1214148626 25512 99689 7.815067 127 5682 3657 167.344936 0.143264 0.130816 35901 
1214235026 25568 99888 7.813517 127 5704 3665 167.369368 0.143540 0.130590 35966 
1214321426 25635 100138 7.812600 127 5705 3690 167.440531 0.143713 0.130674 36065 
1214407826 25689 100344 7.812215 127 5715 3709 167.550469 0.143750 0.130746 36141 
1214494226 25742 100561 7.812990 127 5729 3721 167.663196 0.143891 0.131006 36232 
1214580626 25822 100802 7.807451 127 5752 3741 167.584153 0.144218 0.130631 36299 
1214667026 25881 100974 7.802944 127 5783 3744 167.523589 0.144383 0.130503 36358 
1214753426 25927 101163 7.803680 127 5789 3751 167.595017 0.144497 0.130511 36413 
1214839826 25978 101367 7.804065 127 5788 3770 167.702364 0.144464 0.130777 36486 
1214926226 26044 101605 7.802565 127 5805 3777 167.760789 0.144923 0.130530 36566 
1215012626 26097 101836 7.804422 127 5811 3789 167.903207 0.145011 0.130685 36639 
1215099026 26153 102090 7.807135 127 5813 3800 168.092915 0.145104 0.130566 36732 
1215185426 26203 102259 7.805137 127 5825 3809 168.119757 0.145157 0.130727 36792 
1215271826 26232 102380 7.805733 127 5837 3808 168.195029 0.145171 0.130521 36836 
1215358226 26266 102520 7.806289 127 5848 3819 168.283713 0.145384 0.130493 36889 
1215444626 26321 102734 7.806238 127 5866 3829 168.385776 0.145267 0.130278 36956 
1215531026 26381 102948 7.804708 128 5890 3824 168.481710 0.145247 0.130202 37030 
1215617426 26464 103211 7.800106 128 5924 3822 168.481258 0.145535 0.130175 37124 
1215703826 26538 103456 7.796820 129 5956 3823 168.524003 0.145503 0.130003 37211 
1215790226 26599 103690 7.796534 129 5966 3843 168.634686 0.145458 0.129981 37288 
1215876626 26633 103857 7.799121 129 5965 3850 168.779784 0.145567 0.130286 37373 
1215963026 26672 104026 7.800390 129 5973 3850 168.905069 0.145452 0.129982 37431 
1216049426 26712 104197 7.801512 129 5967 3874 169.026131 0.145668 0.130080 37485 
1216135826 26787 104494 7.801844 129 5982 3883 169.165939 0.145801 0.130007 37586 
1216222226 26848 104747 7.802965 129 5994 3904 169.325313 0.145912 0.129794 37675 
1216308626 26908 104976 7.802587 129 5996 3930 169.412888 0.146138 0.129691 37746 
1216395026 26980 105213 7.799333 129 6019 3949 169.432320 0.146158 0.129984 37836 
1216481426 27014 105382 7.802029 129 6023 3955 169.567854 0.146199 0.129971 37896 
1216567826 27055 105560 7.803364 129 6013 3981 169.654777 0.146397 0.130185 37964 
1216654226 27123 105775 7.799653 129 6042 3983 169.646720 0.146530 0.130277 38041 
1216740626 27210 106070 7.796398 129 6056 4018 169.671444 0.146836 0.130316 38144 
1216827026 27300 106351 7.791282 129 6091 4026 169.629963 0.147230 0.130185 38244 
1216913426 27391 106625 7.785404 129 6124 4042 169.562265 0.147427 0.129779 38333 
1216999826 27463 106863 7.782325 129 6145 4051 169.585697 0.147739 0.129927 38420 
1217086226 27534 107092 7.778892 129 6177 4059 169.623593 0.147811 0.129813 38504 
1217172626 27590 107290 7.777456 129 6196 4060 169.624284 0.148134 0.129730 38583 
1217259026 27651 107505 7.775849 129 6211 4072 169.669162 0.148188 0.129709 38669 
1217345426 27736 107798 7.773147 129 6221 4088 169.674142 0.148429 0.129475 38760 
1217431826 27814 108098 7.772920 130 6237 4098 169.793989 0.148752 0.129406 38875 
1217518226 27896 108396 7.771437 131 6254 4113 169.882420 0.148991 0.129635 38991 
1217604626 27963 108668 7.772271 132 6260 4131 170.024962 0.149139 0.129608 39086 
1217691026 28041 108921 7.768696 132 6294 4140 170.066831 0.149229 0.129645 39169 
1217777426 28096 109130 7.768366 132 6299 4162 170.149487 0.149242 0.129696 39230 
1217863826 28171 109399 7.766781 132 6323 4161 170.221291 0.149412 0.129757 39324 
1217950226 28271 109715 7.761664 132 6369 4168 170.202823 0.149528 0.129769 39439 
1218036626 28366 110061 7.760065 132 6399 4176 170.315519 0.149671 0.129752 39587 
1218123026 28479 110400 7.753081 132 6449 4182 170.321711 0.149848 0.129604 39700 
1218209426 28555 110693 7.752968 132 6454 4197 170.430608 0.150167 0.129438 39797 
1218295826 28599 110917 7.756705 132 6456 4207 170.615196 0.150393 0.129294 39879 
1218382226 28663 111097 7.751945 132 6475 4234 170.566026 0.150492 0.129167 39929 
1218468626 28735 111344 7.749713 132 6489 4244 170.575813 0.150649 0.129189 40016 
1218555026 28827 111638 7.745378 132 6525 4257 170.574600 0.150899 0.129148 40135 
1218641426 28914 111951 7.743723 133 6546 4279 170.682783 0.151005 0.129157 40255 
1218727826 29002 112257 7.741328 133 6572 4302 170.747466 0.151179 0.128970 40368 
1218814226 29073 112547 7.742373 133 6590 4306 170.864032 0.151474 0.129017 40469 
1218900626 29152 112794 7.738337 133 6609 4337 170.843922 0.151664 0.128673 40554 
1218987026 29233 113051 7.734478 133 6638 4343 170.835836 0.152069 0.128526 40643 
1219073426 29306 113378 7.737528 133 6633 4367 170.988740 0.152268 0.128379 40764 
1219159826 29419 113747 7.732894 134 6676 4376 171.011591 0.152720 0.127781 40880 
1219246226 29502 114073 7.733238 134 6692 4400 171.141211 0.152884 0.127666 41002 
1219332626 29600 114418 7.730946 135 6721 4415 171.249865 0.153068 0.127625 41128 
1219419026 29694 114738 7.728026 135 6746 4445 171.289217 0.153304 0.127457 41233 
1219505426 29775 115031 7.726683 135 6766 4449 171.349387 0.153407 0.127868 41349 
1219591826 29843 115265 7.724760 135 6781 4466 171.409041 0.153474 0.128035 41439 
1219678226 29945 115607 7.721289 135 6803 4483 171.432426 0.153571 0.128212 41556 
1219764626 30056 115981 7.717660 135 6835 4498 171.473050 0.153787 0.128058 41679 
1219851026 30143 116323 7.718077 135 6845 4520 171.626978 0.153855 0.128180 41809 
1219937426 30246 116711 7.717450 135 6877 4528 171.810157 0.153884 0.128142 41954 
1220023826 30317 116993 7.717980 135 6883 4563 171.952304 0.153984 0.128117 42052 
1220110226 30395 117233 7.713966 135 6905 4590 171.952887 0.153966 0.128167 42138 
1220196626 30437 117435 7.716595 135 6915 4587 172.090613 0.154044 0.128125 42222 
1220283026 30484 117677 7.720575 135 6899 4619 172.250230 0.154076 0.128410 42296 
1220369426 30526 117874 7.722859 135 6903 4631 172.386556 0.154216 0.128364 42368 
1220455826 30571 118069 7.724248 135 6897 4647 172.481175 0.154368 0.128363 42445 
1220542226 30605 118281 7.729521 135 6881 4652 172.682568 0.154373 0.128510 42539 
1220628626 30650 118500 7.732463 135 6878 4672 172.824274 0.154468 0.128159 42614 
1220715026 30711 118756 7.733776 136 6891 4681 173.003745 0.154321 0.128142 42717 
1220801426 30769 119014 7.735968 136 6902 4688 173.169164 0.154415 0.128108 42821 
1220887826 30850 119307 7.734652 136 6900 4716 173.220357 0.154529 0.128150 42914 
1220974226 30928 119703 7.740753 137 6893 4728 173.529229 0.154470 0.128421 43049 
1221060626 31032 120015 7.734919 137 6936 4740 173.456303 0.154699 0.128299 43158 
1221147026 31110 120312 7.734619 137 6947 4749 173.522469 0.154903 0.128259 43250 
1221233426 31227 120682 7.729337 137 6994 4759 173.479617 0.155191 0.127802 43371 
1221319826 31312 120955 7.725792 137 7017 4773 173.493804 0.155197 0.127637 43474 
1221406226 31373 121239 7.728875 137 7009 4797 173.684952 0.155003 0.127885 43578 
1221492626 31449 121540 7.729340 137 7013 4827 173.753887 0.155316 0.128126 43695 
1221579026 31546 121903 7.728587 137 7027 4860 173.834908 0.155269 0.128209 43812 
1221665426 31681 122396 7.726776 137 7059 4870 173.924939 0.155550 0.127906 43970 
1221751826 31788 122792 7.725683 137 7067 4906 174.011891 0.155425 0.128196 44116 
1221838226 31885 123152 7.724761 137 7084 4930 174.080979 0.155419 0.128013 44233 
1221924626 31977 123458 7.721675 137 7120 4936 174.096757 0.155584 0.127841 44349 
1222011026 32059 123752 7.720266 137 7142 4949 174.166817 0.155624 0.127556 44464 
1222097426 32140 124091 7.721904 137 7155 4961 174.349471 0.155704 0.127569 44600 
1222183826 32240 124462 7.720968 137 7172 4990 174.477978 0.155709 0.127502 44727 
1222270226 32344 124817 7.718093 137 7202 5014 174.552869 0.155778 0.127677 44867 
1222356626 32448 125203 7.717147 137 7222 5048 174.649716 0.156044 0.127585 45010 
1222443026 32541 125535 7.715497 138 7232 5075 174.699118 0.156381 0.127212 45129 
1222529426 32613 125793 7.714286 138 7256 5073 174.772759 0.156592 0.126923 45223 
1222615826 32689 126025 7.710545 138 7292 5078 174.759705 0.156597 0.126666 45301 
1222702226 32786 126364 7.708412 139 7316 5092 174.830903 0.156588 0.126856 45424 
1222788626 32863 126799 7.716824 140 7293 5119 175.241640 0.156115 0.126781 45599 
1222875026 32981 127193 7.713108 140 7331 5133 175.261878 0.156374 0.126682 45724 
1222961426 33064 127618 7.719453 141 7311 5168 175.590007 0.156218 0.127371 45895 
1223047826 33162 128029 7.721428 141 7310 5201 175.712683 0.156378 0.127766 46032 
1223134226 33243 128365 7.722829 142 7333 5195 175.840448 0.156542 0.127770 46160 
1223220626 33303 128645 7.725730 142 7343 5190 176.020118 0.156755 0.127827 46265 
1223307026 33390 128968 7.724948 142 7371 5200 176.168733 0.156751 0.127578 46377 
1223393426 33489 129377 7.726537 142 7388 5198 176.378871 0.156644 0.127504 46527 
1223479826 33619 129844 7.724442 142 7430 5206 176.444927 0.156815 0.127619 46692 
1223566226 33734 130201 7.719274 142 7469 5221 176.438074 0.157045 0.127557 46815 
1223652626 33845 130653 7.720668 142 7483 5243 176.608125 0.157056 0.127562 46983 
1223739026 33927 130969 7.720635 142 7500 5257 176.715713 0.157164 0.127671 47094 
1223825426 33997 131227 7.719916 142 7525 5261 176.743419 0.157399 0.127363 47179 
1223911826 34083 131635 7.724379 142 7523 5281 176.979080 0.157480 0.127854 47338 
1223998226 34201 132156 7.728195 143 7519 5309 177.237859 0.157511 0.128277 47541 
1224084626 34315 132568 7.726534 143 7544 5340 177.294827 0.157735 0.128432 47693 
1224171026 34414 133004 7.729645 143 7558 5347 177.491660 0.157933 0.128485 47843 
1224257426 34542 133511 7.730357 143 7564 5367 177.626136 0.158315 0.128561 48022 
1224343826 34628 133814 7.728659 143 7584 5374 177.645027 0.158557 0.128634 48131 
1224430226 34695 134043 7.726935 143 7602 5377 177.646231 0.158626 0.128494 48191 
1224516626 34790 134446 7.729003 143 7610 5405 177.808681 0.158838 0.128606 48340 
1224603026 34922 134960 7.729225 143 7630 5418 177.948800 0.158920 0.128232 48497 
1224689426 35047 135435 7.728764 144 7652 5439 178.058379 0.158928 0.128190 48640 
1224775826 35173 135936 7.729565 144 7684 5449 178.235294 0.159069 0.127883 48808 
1224862226 35288 136408 7.731127 144 7698 5458 178.439980 0.159056 0.127847 48993 
1224948626 35369 136747 7.732591 144 7713 5466 178.569256 0.159103 0.127688 49109 
1225035026 35431 136996 7.733115 145 7728 5478 178.673817 0.159187 0.127679 49197 
1225121426 35526 137326 7.731014 145 7751 5493 178.686427 0.159456 0.127405 49298 
1225207826 35642 137781 7.731384 145 7780 5502 178.853319 0.159374 0.127668 49458 
1225294226 35757 138206 7.730291 145 7798 5525 178.934139 0.159390 0.127707 49595 
1225380626 35864 138648 7.731876 145 7817 5542 179.103837 0.159391 0.127655 49762 
1225467026 35985 139069 7.729276 145 7837 5588 179.181881 0.159438 0.127634 49910 
1225553426 36050 139357 7.731318 145 7829 5608 179.312067 0.159427 0.127735 50015 
1225639826 36122 139631 7.731078 145 7848 5602 179.403300 0.159433 0.127608 50100 
1225726226 36204 139990 7.733400 145 7855 5620 179.566236 0.159526 0.127667 50228 
1225812626 36328 140483 7.734144 146 7878 5649 179.786721 0.159436 0.127711 50403 
1225899026 36446 140882 7.730999 146 7908 5674 179.800362 0.159661 0.127901 50542 
1225985426 36561 141356 7.732611 147 7904 5712 179.941577 0.159726 0.127878 50699 
1226071826 36700 141833 7.729319 147 7942 5741 180.014768 0.159753 0.127831 50862 
1226158226 36793 142252 7.732558 149 7942 5759 180.210692 0.159907 0.128144 51015 
1226244626 36865 142575 7.734979 150 7950 5767 180.383290 0.159915 0.127930 51114 
1226331026 36978 143133 7.741522 151 7959 5770 180.748175 0.159991 0.128322 51353 
1226417426 37120 143731 7.744127 152 7973 5810 181.003341 0.160069 0.127949 51565 
1226503826 37265 144286 7.743781 152 7989 5855 181.162700 0.160496 0.128346 51765 
1226590226 37431 144862 7.740215 152 8036 5872 181.246079 0.160449 0.128173 51934 
1226676626 37601 145461 7.737081 152 8070 5895 181.315816 0.160392 0.127863 52134 
1226763026 37707 145933 7.740367 152 8079 5903 181.489060 0.160472 0.127757 52283 
1226849426 37792 146339 7.744443 152 8071 5924 181.671677 0.160572 0.127843 52415 
1226935826 37912 146808 7.744672 153 8095 5938 181.804969 0.160827 0.127807 52587 
1227022226 38063 147392 7.744634 153 8104 5979 181.858655 0.161390 0.127381 52753 
1227108626 38192 147926 7.746439 154 8120 5996 182.034772 0.161486 0.126929 52923 
1227195026 38332 148473 7.746687 154 8145 6018 182.134509 0.161654 0.126809 53118 
1227281426 38481 149030 7.745641 154 8172 6027 182.203113 0.161853 0.126820 53278 
1227367826 38596 149436 7.743600 154 8208 6012 182.231319 0.162182 0.126540 53412 
1227454226 38683 149804 7.745211 154 8219 6027 182.366207 0.162154 0.126499 53540 
1227540626 38809 150288 7.745008 154 8228 6066 182.443918 0.162415 0.126483 53700 
1227627026 38960 150833 7.742967 154 8280 6058 182.470739 0.162623 0.126284 53875 
1227713426 39069 151351 7.747882 155 8269 6067 182.724820 0.162683 0.126199 54049 
1227799826 39180 151780 7.747831 155 8303 6043 182.822511 0.162794 0.126075 54199 
1227886226 39285 152168 7.746875 155 8317 6074 182.865623 0.163074 0.125857 54303 
1227972626 39380 152549 7.747537 156 8320 6104 182.979736 0.163086 0.125699 54421 
1228059026 39497 152969 7.745854 157 8337 6131 183.002000 0.163366 0.125454 54549 
1228145426 39605 153443 7.748668 157 8340 6149 183.160712 0.163498 0.125750 54722 
1228231826 39742 154005 7.750239 157 8339 6184 183.351970 0.163388 0.125726 54910 
1228318226 39882 154594 7.752570 157 8333 6232 183.538438 0.163713 0.125895 55130 
1228404626 40023 155238 7.757439 157 8331 6252 183.784924 0.163966 0.125717 55363 
1228491026 40193 155885 7.756823 157 8364 6277 183.857637 0.164257 0.125458 55570 
1228577426 40294 156382 7.762049 157 8339 6323 184.073758 0.164497 0.125798 55743 
1228663826 40387 156818 7.765766 157 8332 6326 184.282665 0.164608 0.126049 55897 
1228750226 40517 157355 7.767357 157 8349 6337 184.436163 0.164761 0.125873 56093 
1228836626 40676 158042 7.770774 157 8362 6374 184.671993 0.165017 0.125851 56331 
1228923026 40811 158583 7.771581 157 8385 6394 184.791698 0.165493 0.125801 56515 
1229009426 40947 159151 7.773512 157 8393 6423 184.965883 0.165701 0.125967 56723 
1229095826 41096 159777 7.775793 157 8402 6447 185.128382 0.165935 0.126044 56931 
1229182226 41215 160212 7.774451 157 8430 6470 185.162586 0.165929 0.125735 57075 
1229268626 41323 160617 7.773734 157 8455 6485 185.181231 0.166450 0.125882 57212 
1229355026 41447 161131 7.775279 157 8468 6517 185.365937 0.166592 0.125954 57400 
1229441426 41614 161783 7.775412 157 8497 6556 185.505118 0.166736 0.126157 57644 
1229527826 41773 162459 7.778182 157 8515 6565 185.671223 0.166877 0.125759 57869 
1229614226 41929 163074 7.778578 157 8543 6592 185.783825 0.166992 0.125695 58059 
1229700626 42083 163661 7.778010 157 8579 6581 185.857852 0.167309 0.125670 58248 
1229787026 42198 164195 7.782122 158 8579 6600 186.087540 0.167392 0.125433 58440 
1229873426 42297 164669 7.786321 158 8562 6623 186.307729 0.167459 0.125658 58610 
1229959826 42434 165331 7.792383 159 8538 6670 186.633926 0.167368 0.125802 58825 
1230046226 42571 165986 7.798079 159 8536 6685 186.961688 0.167420 0.125730 59066 
1230132626 42698 166555 7.801536 159 8535 6723 187.165628 0.167592 0.125768 59277 
1230219026 42801 167020 7.804491 160 8534 6758 187.319035 0.167745 0.125691 59441 
1230305426 42903 167401 7.803697 160 8553 6769 187.401907 0.167588 0.125867 59571 
1230391826 43027 167861 7.802589 161 8590 6759 187.428870 0.167780 0.125844 59715 
1230478226 43133 168335 7.805393 162 8602 6747 187.589549 0.167667 0.125615 59869 
1230564626 43285 168936 7.805753 162 8627 6743 187.705348 0.167624 0.125519 60057 
1230651026 43476 169634 7.803570 162 8662 6773 187.735624 0.168075 0.125481 60298 
1230737426 43664 170318 7.801301 162 8712 6794 187.756642 0.168193 0.125054 60495 
1230823826 43814 170851 7.798923 162 8766 6808 187.746291 0.168448 0.124721 60657 
1230910226 43962 171459 7.800328 162 8789 6823 187.914381 0.168461 0.124568 60860 
1230996626 44108 172017 7.799810 162 8813 6848 187.951755 0.168777 0.124479 61037 
1231083026 44201 172561 7.808013 162 8774 6857 188.270492 0.168762 0.124630 61238 
1231169426 44338 173171 7.811403 162 8776 6869 188.429925 0.168973 0.124609 61439 
1231255826 44466 173926 7.822876 162 8740 6893 188.925741 0.168853 0.124775 61743 
1231342226 44578 174686 7.837319 163 8704 6894 189.474539 0.168944 0.125098 62016 
1231428626 44680 175398 7.851298 163 8651 6901 189.979902 0.168973 0.125298 62293 
1231515026 44781 176084 7.864228 163 8622 6911 190.514772 0.168992 0.125546 62568 
1231601426 44857 176673 7.877165 163 8577 6920 190.966895 0.169231 0.125804 62802 
1231687826 44937 177177 7.885573 165 8556 6925 191.292521 0.169303 0.126094 62996 
1231774226 45025 177774 7.896680 165 8523 6923 191.702032 0.169297 0.126419 63202 
1231860626 45130 178466 7.908974 165 8486 6933 192.158608 0.169546 0.126371 63442 
1231947026 45227 179157 7.922568 165 8426 6950 192.695293 0.169523 0.126813 63688 
1232033426 45335 179798 7.931973 165 8369 6991 193.059138 0.169642 0.127235 63925 
1232119826 45416 180433 7.945790 165 8331 6978 193.539061 0.170061 0.127264 64142 
1232206226 45501 181010 7.956309 165 8296 7011 193.920090 0.170209 0.127566 64353 
1232292626 45573 181549 7.967393 165 8266 6988 194.356176 0.170260 0.127489 64582 
1232379026 45633 182078 7.980102 165 8231 6989 194.846624 0.170270 0.127381 64792 
1232465426 45711 182714 7.994312 166 8186 7003 195.348166 0.170276 0.127777 65042 
1232551826 45792 183272 8.004542 166 8161 7002 195.734277 0.170416 0.127586 65244 
1232638226 45812 183401 8.006679 166 8162 7005 195.830394 0.170380 0.127592 65286 
