1165073426 0 0 0.000000 0 0 0 0.000000 0.000000 0.000000 0 
1165159826 7999 18411 4.603325 46 2060 1316 42.199525 0.208099 0.091162 4161 
1165246226 8025 18512 4.613583 46 2065 1318 42.457321 0.208328 0.091746 4212 
1165332626 8056 18639 4.627358 46 2075 1317 42.774826 0.208003 0.091825 4257 
1165419026 8089 18782 4.643837 46 2077 1332 43.172456 0.207153 0.093008 4304 
1165505426 8111 18892 4.658365 46 2084 1327 43.462952 0.206978 0.093655 4345 
1165591826 8142 18998 4.666667 46 2102 1324 43.671579 0.206408 0.093600 4372 
1165678226 8160 19096 4.680392 46 2104 1324 43.960049 0.205366 0.094414 4415 
1165764626 8180 19167 4.686308 46 2114 1321 44.128362 0.206012 0.093833 4436 
1165851026 8209 19263 4.693142 46 2132 1314 44.328907 0.206363 0.094359 4480 
1165937426 8236 19381 4.706411 46 2138 1319 44.674114 0.204794 0.094767 4517 
1166023826 8277 19493 4.710161 46 2165 1308 44.840643 0.203593 0.094809 4556 
1166110226 8304 19624 4.726397 46 2171 1310 45.188102 0.203235 0.094951 4601 
1166196626 8330 19736 4.738535 46 2179 1308 45.467947 0.202419 0.095225 4643 
1166283026 8346 19826 4.751018 46 2180 1307 45.688234 0.202600 0.095251 4672 
1166369426 8358 19915 4.765494 46 2176 1309 45.979182 0.201538 0.096160 4721 
1166455826 8382 20012 4.774994 46 2179 1311 46.178955 0.202411 0.096830 4760 
1166542226 8405 20121 4.787864 46 2190 1308 46.508745 0.202236 0.097015 4802 
1166628626 8427 20223 4.799573 46 2190 1314 46.731458 0.201717 0.097901 4849 
1166715026 8455 20365 4.817268 46 2185 1328 47.111059 0.201179 0.097868 4886 
1166801426 8481 20480 4.829619 46 2189 1338 47.440868 0.200949 0.098865 4937 
1166887826 8504 20568 4.837253 46 2193 1344 47.621119 0.200745 0.098686 4964 
1166974226 8516 20633 4.845702 46 2195 1348 47.828793 0.201141 0.098790 4990 
1167060626 8534 20737 4.859855 46 2192 1350 48.134286 0.201883 0.099431 5031 
1167147026 8552 20848 4.875585 46 2196 1354 48.473573 0.201519 0.099740 5090 
1167233426 8566 20912 4.882559 46 2201 1358 48.653747 0.201990 0.099706 5110 
1167319826 8594 21025 4.892949 46 2212 1360 48.940889 0.200389 0.099626 5145 
1167406226 8618 21122 4.901833 47 2226 1355 49.176375 0.201084 0.099492 5174 
1167492626 8635 21217 4.914186 47 2230 1350 49.504806 0.200251 0.099487 5200 
1167579026 8650 21288 4.922081 47 2237 1345 49.686936 0.199731 0.099935 5235 
1167665426 8671 21376 4.930458 48 2238 1354 49.930573 0.198537 0.100594 5271 
1167751826 8689 21484 4.945103 48 2235 1362 50.255726 0.198908 0.100954 5311 
1167838226 8726 21580 4.946138 48 2260 1359 50.354802 0.198365 0.100933 5334 
1167924626 8743 21658 4.954363 48 2262 1366 50.550154 0.198321 0.100930 5358 
1168011026 8769 21769 4.964990 48 2274 1356 50.769073 0.198766 0.101164 5399 
1168097426 8791 21842 4.969173 48 2281 1362 50.921169 0.198057 0.101783 5432 
1168183826 8813 21934 4.977647 48 2284 1369 51.142857 0.197672 0.102625 5462 
1168270226 8844 22043 4.984848 48 2295 1366 51.349163 0.196924 0.102869 5497 
1168356626 8864 22147 4.997067 49 2302 1365 51.717509 0.196854 0.102615 5539 
1168443026 8892 22265 5.007872 49 2311 1364 51.955016 0.196605 0.102528 5584 
1168529426 8920 22366 5.014798 49 2322 1359 52.166368 0.197435 0.102569 5620 
1168615826 8941 22469 5.026060 50 2325 1355 52.425008 0.196644 0.103362 5662 
1168702226 8960 22544 5.032143 50 2333 1351 52.590625 0.197012 0.102848 5684 
1168788626 8980 22625 5.038976 51 2344 1350 52.836526 0.197269 0.102737 5718 
1168875026 9004 22707 5.043758 51 2358 1349 52.972235 0.197625 0.102512 5746 
1168961426 9031 22830 5.055919 52 2364 1359 53.295538 0.198636 0.102220 5791 
1169047826 9068 22940 5.059550 53 2377 1368 53.486546 0.199057 0.101606 5820 
1169134226 9088 23064 5.075704 53 2377 1371 53.906910 0.197696 0.101633 5870 
1169220626 9114 23175 5.085583 53 2381 1378 54.217907 0.197724 0.102124 5919 
1169307026 9139 23270 5.092461 54 2385 1384 54.400700 0.197716 0.102533 5953 
1169393426 9154 23364 5.104654 56 2381 1388 54.682762 0.196155 0.103073 5995 
1169479826 9178 23465 5.113314 56 2395 1385 54.989976 0.195843 0.102949 6045 
1169566226 9208 23573 5.120113 56 2405 1391 55.187663 0.195306 0.102920 6082 
1169652626 9234 23696 5.132337 56 2402 1405 55.479749 0.195449 0.102882 6122 
1169739026 9263 23832 5.145633 56 2403 1410 55.833315 0.194961 0.103375 6169 
1169825426 9290 23938 5.153498 56 2417 1411 56.093219 0.193471 0.102953 6203 
1169911826 9312 24024 5.159794 56 2429 1411 56.280284 0.193462 0.102987 6238 
1169998226 9331 24121 5.170078 56 2431 1415 56.543136 0.193221 0.103190 6272 
1170084626 9356 24241 5.181915 56 2439 1423 56.872595 0.192467 0.103588 6324 
1170171026 9380 24374 5.197015 56 2436 1434 57.263966 0.193179 0.104007 6385 
1170257426 9416 24523 5.208794 56 2445 1442 57.641249 0.192190 0.104703 6432 
1170343826 9437 24670 5.228356 56 2437 1451 58.121225 0.191819 0.105477 6483 
1170430226 9465 24817 5.243951 57 2440 1461 58.535658 0.190072 0.106599 6541 
1170516626 9492 24945 5.256005 58 2448 1466 58.900969 0.189580 0.106870 6591 
1170603026 9511 25053 5.268216 58 2453 1464 59.240669 0.188264 0.106979 6632 
1170689426 9535 25175 5.280545 59 2464 1465 59.620975 0.188202 0.106744 6669 
1170775826 9561 25284 5.288987 59 2469 1468 59.863194 0.188964 0.106834 6701 
1170862226 9597 25411 5.295613 60 2484 1473 60.128165 0.189141 0.106714 6755 
1170948626 9620 25549 5.311642 60 2489 1466 60.591684 0.188640 0.106845 6801 
1171035026 9648 25688 5.325041 60 2491 1475 60.960199 0.188023 0.106789 6856 
1171121426 9679 25801 5.331336 62 2499 1486 61.182560 0.187871 0.106733 6892 
1171207826 9704 25902 5.338417 62 2506 1494 61.395919 0.188296 0.107030 6931 
1171294226 9725 26036 5.354447 62 2500 1501 61.799280 0.188342 0.107943 6996 
1171380626 9752 26188 5.370796 62 2502 1505 62.293068 0.188562 0.107384 7054 
1171467026 9793 26329 5.377106 62 2518 1510 62.561013 0.188104 0.107020 7091 
1171553426 9827 26507 5.394729 62 2521 1505 63.034293 0.187038 0.106957 7153 
1171639826 9854 26606 5.400041 63 2524 1521 63.240309 0.187180 0.107188 7195 
1171726226 9869 26684 5.407640 63 2523 1525 63.423650 0.187063 0.107207 7218 
1171812626 9881 26745 5.413420 63 2523 1527 63.578788 0.186700 0.107405 7242 
1171899026 9892 26805 5.419531 63 2525 1530 63.751516 0.186949 0.107406 7267 
1171985426 9908 26886 5.427130 63 2527 1533 63.973759 0.186765 0.107455 7307 
1172071826 9923 26971 5.436058 63 2532 1529 64.207195 0.186804 0.107065 7346 
1172158226 9952 27105 5.447146 64 2549 1529 64.628014 0.186581 0.106973 7403 
1172244626 9973 27246 5.463953 64 2549 1531 65.079715 0.185966 0.107107 7453 
1172331026 9994 27359 5.475085 64 2549 1540 65.376626 0.186414 0.107155 7506 
1172417426 10016 27464 5.484026 64 2554 1547 65.709465 0.187332 0.107099 7555 
1172503826 10039 27591 5.496763 64 2557 1542 66.090646 0.186750 0.107206 7604 
1172590226 10075 27782 5.515037 64 2570 1529 66.697171 0.185571 0.106896 7679 
1172676626 10105 27941 5.530134 64 2575 1531 67.151905 0.185518 0.106003 7730 
1172763026 10128 28103 5.549566 64 2578 1534 67.751975 0.184876 0.105833 7793 
1172849426 10160 28264 5.563780 64 2577 1546 68.140551 0.184856 0.106219 7849 
1172935826 10174 28341 5.571260 64 2579 1546 68.353253 0.184928 0.105984 7874 
1173022226 10197 28436 5.577327 64 2586 1548 68.611356 0.184646 0.106138 7912 
1173108626 10222 28555 5.586969 65 2591 1553 68.933086 0.184102 0.106592 7959 
1173195026 10254 28742 5.606007 65 2578 1583 69.500878 0.183566 0.107345 8027 
1173281426 10283 28925 5.625790 65 2573 1590 70.049402 0.183796 0.107863 8093 
1173367826 10310 29091 5.643259 66 2570 1603 70.578468 0.183342 0.108326 8153 
1173454226 10335 29232 5.656894 67 2565 1603 70.949782 0.183025 0.108607 8204 
1173540626 10358 29342 5.665573 67 2574 1607 71.300251 0.182362 0.108548 8257 
1173627026 10369 29408 5.672292 67 2569 1616 71.512586 0.182172 0.108747 8279 
1173713426 10384 29511 5.683937 67 2567 1616 71.887904 0.182352 0.108609 8322 
1173799826 10419 29666 5.694596 67 2578 1622 72.268548 0.183124 0.108443 8378 
1173886226 10451 29824 5.707396 67 2587 1629 72.679744 0.182998 0.107953 8424 
1173972626 10473 29987 5.726535 68 2579 1641 73.245488 0.183953 0.108684 8488 
1174059026 10502 30108 5.733765 68 2591 1640 73.530185 0.183615 0.109128 8538 
1174145426 10521 30227 5.746032 68 2589 1646 73.874727 0.183404 0.108899 8581 
1174231826 10539 30330 5.755764 68 2589 1652 74.177626 0.183775 0.108513 8615 
1174318226 10557 30455 5.769632 69 2583 1661 74.614569 0.182577 0.109370 8670 
1174404626 10590 30603 5.779603 69 2590 1663 74.942965 0.182292 0.108918 8709 
1174491026 10621 30752 5.790792 70 2597 1673 75.348649 0.181376 0.108746 8772 
1174577426 10646 30903 5.805561 72 2599 1684 75.856472 0.180563 0.108607 8826 
1174663826 10668 31042 5.819648 72 2599 1691 76.277465 0.180075 0.108669 8885 
1174750226 10689 31142 5.826925 72 2607 1688 76.563944 0.179108 0.108426 8914 
1174836626 10701 31218 5.834595 73 2608 1682 76.802355 0.178109 0.108044 8943 
1174923026 10734 31336 5.838644 74 2619 1681 77.024408 0.177795 0.108121 8978 
1175009426 10766 31474 5.846926 75 2624 1694 77.341074 0.176953 0.107792 9018 
1175095826 10790 31615 5.860056 75 2631 1678 77.726043 0.176358 0.107713 9073 
1175182226 10819 31758 5.870783 75 2637 1683 78.068028 0.176128 0.107342 9115 
1175268626 10847 31866 5.875542 75 2647 1693 78.299253 0.176481 0.107500 9161 
1175355026 10867 31972 5.884237 75 2657 1693 78.624827 0.175799 0.107427 9202 
1175441426 10875 32040 5.892414 75 2652 1704 78.852046 0.175310 0.107708 9233 
1175527826 10893 32151 5.903057 75 2647 1716 79.189938 0.175216 0.107671 9281 
1175614226 10911 32279 5.916781 77 2640 1722 79.584089 0.174686 0.107797 9327 
1175700626 10933 32409 5.928656 77 2645 1720 80.013720 0.173994 0.107899 9380 
1175787026 10952 32529 5.940285 77 2644 1726 80.372352 0.173996 0.107942 9420 
1175873426 10982 32628 5.942087 77 2659 1729 80.509015 0.173683 0.108148 9458 
1175959826 11001 32724 5.949277 77 2663 1729 80.735751 0.173938 0.108202 9493 
1176046226 11025 32821 5.953923 78 2670 1739 80.986304 0.173292 0.108339 9525 
1176132626 11041 32925 5.964134 78 2675 1737 81.298795 0.173370 0.108420 9574 
1176219026 11077 33099 5.976167 78 2678 1752 81.741807 0.173450 0.109056 9635 
1176305426 11109 33303 5.995679 79 2679 1758 82.410298 0.172343 0.108930 9711 
1176391826 11129 33419 6.005751 79 2684 1759 82.726750 0.172086 0.109003 9760 
1176478226 11153 33541 6.014705 79 2686 1760 83.057294 0.171690 0.109023 9803 
1176564626 11167 33640 6.024895 79 2685 1760 83.361332 0.172159 0.109223 9852 
1176651026 11185 33729 6.031113 79 2684 1764 83.575145 0.172192 0.108888 9882 
1176737426 11201 33845 6.043210 80 2684 1769 84.025712 0.170870 0.108763 9937 
1176823826 11227 34024 6.061103 80 2675 1779 84.582702 0.171106 0.109319 10030 
1176910226 11260 34209 6.076199 81 2695 1767 85.156661 0.170336 0.108555 10109 
1176996626 11285 34355 6.088613 81 2688 1781 85.539743 0.170214 0.108789 10163 
1177083026 11321 34518 6.098048 81 2693 1791 85.881459 0.170449 0.108507 10217 
1177169426 11346 34614 6.101534 81 2702 1797 86.052353 0.169906 0.108430 10245 
1177255826 11361 34695 6.107737 82 2706 1801 86.276384 0.170262 0.108687 10281 
1177342226 11378 34816 6.119880 82 2708 1798 86.684479 0.170579 0.108730 10330 
1177428626 11401 34973 6.135076 82 2697 1810 87.118674 0.170653 0.108884 10384 
1177515026 11428 35123 6.146832 82 2695 1819 87.509800 0.170151 0.108920 10439 
1177601426 11457 35284 6.159379 82 2707 1815 88.004190 0.170451 0.108785 10515 
1177687826 11495 35431 6.164593 83 2723 1821 88.324663 0.170084 0.108937 10568 
1177774226 11517 35537 6.171225 83 2727 1828 88.594252 0.170613 0.108893 10608 
1177860626 11532 35629 6.179154 83 2727 1831 88.886750 0.171150 0.108999 10651 
1177947026 11559 35770 6.189117 85 2732 1836 89.355135 0.169290 0.108982 10698 
1178033426 11596 35936 6.197999 85 2748 1840 89.754743 0.168526 0.108841 10763 
1178119826 11623 36074 6.207348 85 2751 1839 90.099630 0.168969 0.109445 10829 
1178206226 11642 36228 6.223673 85 2746 1840 90.598007 0.168964 0.109396 10876 
1178292626 11665 36357 6.233519 85 2752 1839 90.973339 0.168311 0.109024 10925 
1178379026 11685 36494 6.246299 85 2753 1843 91.444758 0.168572 0.109017 10980 
1178465426 11709 36590 6.249893 87 2766 1840 91.642156 0.169085 0.108854 11015 
1178551826 11728 36727 6.263131 87 2767 1847 92.072647 0.168775 0.108747 11072 
1178638226 11750 36913 6.283064 88 2759 1849 92.723745 0.168284 0.108928 11164 
1178724626 11782 37043 6.288067 88 2777 1842 92.996096 0.168288 0.108867 11212 
1178811026 11805 37185 6.299873 88 2787 1834 93.455485 0.168172 0.108945 11267 
1178897426 11835 37331 6.308576 89 2793 1837 93.897254 0.168029 0.109058 11340 
1178983826 11854 37413 6.312300 89 2802 1836 94.051797 0.168256 0.109178 11373 
1179070226 11875 37518 6.318821 90 2811 1837 94.322526 0.168763 0.108945 11414 
1179156626 11901 37666 6.329888 90 2813 1836 94.639778 0.169169 0.108605 11470 
1179243026 11930 37831 6.342163 90 2808 1845 95.064040 0.169112 0.109552 11544 
1179329426 11959 37968 6.349695 91 2815 1850 95.391588 0.169019 0.109470 11594 
1179415826 11986 38104 6.358084 91 2818 1854 95.738361 0.168541 0.109407 11654 
1179502226 12016 38262 6.368509 91 2832 1849 96.153296 0.168397 0.109166 11723 
1179588626 12030 38382 6.381047 91 2833 1851 96.574730 0.168357 0.109412 11771 
1179675026 12044 38464 6.387247 91 2836 1850 96.835271 0.168614 0.109446 11802 
1179761426 12062 38591 6.398773 91 2831 1853 97.215885 0.168846 0.109528 11851 
1179847826 12083 38723 6.409501 91 2829 1849 97.605562 0.169136 0.109940 11920 
1179934226 12104 38863 6.421514 91 2830 1848 97.968110 0.168733 0.110043 11979 
1180020626 12147 39071 6.433029 91 2841 1849 98.486540 0.168479 0.110208 12071 
1180107026 12173 39229 6.445248 91 2841 1855 98.838741 0.168847 0.110333 12128 
1180193426 12191 39339 6.453777 91 2846 1858 99.202198 0.168749 0.110545 12170 
1180279826 12207 39432 6.460555 91 2847 1858 99.446547 0.168733 0.110633 12209 
1180366226 12238 39562 6.465436 91 2865 1859 99.737702 0.168702 0.110390 12264 
1180452626 12259 39709 6.478342 92 2871 1851 100.191206 0.168073 0.110614 12321 
1180539026 12288 39889 6.492350 92 2869 1864 100.645182 0.168060 0.111535 12394 
1180625426 12309 40065 6.509871 94 2857 1878 101.302787 0.167721 0.111709 12471 
1180711826 12337 40213 6.519089 94 2872 1876 101.675610 0.168218 0.111553 12543 
1180798226 12353 40334 6.530236 94 2867 1882 102.088561 0.167980 0.111647 12588 
1180884626 12372 40421 6.534271 94 2872 1880 102.277401 0.168474 0.111453 12620 
1180971026 12392 40526 6.540671 94 2881 1880 102.551646 0.168312 0.111570 12660 
1181057426 12433 40669 6.542106 94 2904 1884 102.781790 0.168183 0.111305 12704 
1181143826 12462 40797 6.547424 94 2914 1889 103.073022 0.168285 0.111132 12758 
1181230226 12497 40938 6.551652 94 2927 1894 103.319357 0.167910 0.111191 12815 
1181316626 12524 41082 6.560524 94 2929 1903 103.657777 0.168126 0.111547 12880 
1181403026 12550 41174 6.561594 94 2936 1908 103.805896 0.168101 0.111444 12908 
1181489426 12576 41283 6.565363 94 2944 1903 104.029103 0.167513 0.111609 12950 
1181575826 12596 41414 6.575738 94 2943 1905 104.391077 0.167525 0.111981 13009 
1181662226 12633 41593 6.584818 94 2951 1907 104.758331 0.167392 0.112386 13088 
1181748626 12668 41751 6.591569 94 2966 1900 105.077518 0.167093 0.111774 13137 
1181835026 12706 41925 6.599244 94 2985 1908 105.408154 0.167443 0.111668 13215 
1181921426 12732 42090 6.611687 94 2988 1911 105.896953 0.167439 0.111719 13291 
1182007826 12749 42213 6.622166 94 2983 1920 106.270923 0.167316 0.111960 13344 
1182094226 12777 42342 6.627847 95 2991 1930 106.626438 0.167126 0.112239 13394 
1182180626 12799 42489 6.639425 95 2994 1928 107.088054 0.167333 0.111901 13458 
1182267026 12824 42639 6.649875 95 3009 1917 107.499532 0.166971 0.111661 13519 
1182353426 12851 42791 6.659560 95 3012 1922 107.858532 0.166753 0.111742 13570 
1182439826 12877 42927 6.667236 96 3016 1932 108.207036 0.166106 0.111982 13630 
1182526226 12919 43108 6.673582 96 3031 1930 108.544934 0.165845 0.111701 13685 
1182612626 12937 43253 6.686713 97 3029 1931 109.076293 0.165159 0.111589 13744 
1182699026 12961 43364 6.691459 98 3036 1937 109.341872 0.165035 0.111761 13786 
1182785426 12999 43514 6.694977 98 3051 1937 109.657512 0.165043 0.111994 13845 
1182871826 13040 43689 6.700767 98 3068 1935 109.973006 0.165459 0.111611 13912 
1182958226 13069 43833 6.707935 98 3083 1932 110.369424 0.165848 0.111183 13956 
1183044626 13106 43981 6.711582 98 3096 1938 110.633908 0.165343 0.111449 14005 
1183131026 13133 44113 6.717886 99 3109 1938 110.979822 0.164997 0.111640 14061 
1183217426 13159 44248 6.725131 99 3115 1948 111.377004 0.164643 0.112084 14111 
1183303826 13173 44345 6.732711 99 3115 1952 111.691035 0.164447 0.112141 14150 
1183390226 13209 44494 6.736922 99 3134 1955 111.972746 0.164515 0.111796 14207 
1183476626 13240 44688 6.750453 99 3141 1958 112.550000 0.164264 0.111966 14305 
1183563026 13278 44832 6.752824 100 3151 1973 112.781744 0.164405 0.111809 14359 
1183649426 13306 44953 6.756801 100 3162 1982 113.019089 0.164439 0.111907 14417 
1183735826 13335 45142 6.770454 100 3167 1982 113.574953 0.163637 0.111958 14482 
1183822226 13352 45270 6.781007 100 3163 1992 113.949521 0.163968 0.112180 14537 
1183908626 13379 45409 6.788101 100 3164 2004 114.265341 0.163825 0.112339 14593 
1183995026 13414 45560 6.792903 100 3177 2001 114.553153 0.163408 0.112490 14654 
1184081426 13456 45733 6.797414 100 3206 1992 114.937128 0.163051 0.112426 14728 
1184167826 13484 45898 6.807772 100 3213 1995 115.374666 0.163089 0.112213 14804 
1184254226 13512 46059 6.817496 100 3222 1996 115.811427 0.163191 0.112017 14861 
1184340626 13536 46224 6.829787 100 3218 2007 116.311022 0.163165 0.112068 14925 
1184427026 13560 46374 6.839823 101 3215 2020 116.785693 0.162559 0.112218 14990 
1184513426 13575 46477 6.847440 101 3219 2020 117.144899 0.162249 0.112221 15033 
1184599826 13603 46673 6.862163 101 3217 2023 117.695655 0.162151 0.112177 15103 
1184686226 13644 46866 6.869833 101 3231 2029 118.167546 0.161508 0.112562 15189 
1184772626 13682 47029 6.874580 101 3243 2038 118.537056 0.160893 0.112659 15265 
1184859026 13721 47216 6.882297 101 3258 2044 118.969026 0.160781 0.112255 15334 
1184945426 13755 47394 6.891167 101 3258 2059 119.392803 0.160241 0.112740 15413 
1185031826 13789 47537 6.894916 101 3272 2058 119.661469 0.160468 0.112748 15473 
1185118226 13818 47654 6.897380 101 3285 2058 119.909104 0.160312 0.112447 15507 
1185204626 13845 47778 6.901842 102 3291 2065 120.156157 0.160580 0.112353 15547 
1185291026 13874 47922 6.908174 102 3302 2063 120.495315 0.160689 0.112046 15598 
1185377426 13907 48081 6.914647 103 3315 2063 120.912922 0.160643 0.111903 15658 
1185463826 13939 48245 6.922304 104 3316 2080 121.329220 0.161017 0.112191 15727 
1185550226 13973 48390 6.926215 104 3329 2090 121.575896 0.161666 0.112257 15790 
1185636626 13998 48535 6.934562 105 3338 2077 121.898843 0.161430 0.111704 15845 
1185723026 14022 48637 6.937241 105 3343 2090 122.081586 0.161637 0.111754 15889 
1185809426 14057 48797 6.942733 105 3350 2101 122.362097 0.161260 0.111649 15946 
1185895826 14091 48975 6.951245 105 3359 2105 122.889220 0.160987 0.111847 16025 
1185982226 14119 49142 6.961116 105 3366 2104 123.316949 0.161463 0.111922 16100 
1186068626 14156 49324 6.968635 105 3380 2107 123.722662 0.161080 0.112121 16177 
1186155026 14198 49500 6.972813 105 3404 2106 124.114946 0.161288 0.111725 16251 
1186241426 14223 49623 6.977853 105 3415 2101 124.414540 0.160847 0.111394 16299 
1186327826 14241 49755 6.987571 105 3419 2094 124.798118 0.160515 0.110909 16344 
1186414226 14281 49933 6.992928 105 3435 2098 125.237728 0.160187 0.110295 16431 
1186500626 14318 50145 7.004470 105 3442 2109 125.748708 0.160358 0.110179 16522 
1186587026 14351 50361 7.018466 105 3439 2113 126.307992 0.160133 0.110079 16611 
1186673426 14387 50583 7.031765 106 3437 2121 126.879405 0.160392 0.109821 16717 
1186759826 14417 50743 7.039329 107 3441 2124 127.225775 0.160579 0.109793 16792 
1186846226 14447 50869 7.042154 107 3454 2126 127.456496 0.160476 0.110006 16833 
1186932626 14467 50986 7.048593 107 3461 2120 127.738024 0.160611 0.109913 16879 
1187019026 14485 51118 7.058060 107 3465 2112 128.178530 0.160549 0.109890 16940 
1187105426 14518 51274 7.063507 107 3474 2120 128.560683 0.160467 0.110062 17013 
1187191826 14547 51447 7.073211 107 3469 2135 128.965147 0.160105 0.110129 17084 
1187278226 14584 51609 7.077482 108 3486 2136 129.260697 0.160001 0.109930 17157 
1187364626 14611 51770 7.086442 108 3491 2137 129.687222 0.159428 0.109819 17228 
1187451026 14630 51916 7.097198 108 3496 2127 130.165687 0.159022 0.109537 17300 
1187537426 14654 52067 7.106183 108 3491 2134 130.595878 0.158522 0.109763 17371 
1187623826 14678 52217 7.115002 108 3492 2142 130.959259 0.158704 0.109795 17427 
1187710226 14708 52399 7.125238 109 3498 2149 131.490481 0.158122 0.109965 17521 
1187796626 14747 52547 7.126466 109 3520 2152 131.780159 0.157711 0.110112 17578 
1187883026 14779 52704 7.132282 110 3532 2149 132.096353 0.157463 0.109925 17642 
1187969426 14823 52875 7.134183 112 3550 2158 132.419078 0.157189 0.109560 17708 
1188055826 14845 53013 7.142203 112 3547 2174 132.862647 0.156652 0.109503 17766 
1188142226 14864 53140 7.150161 112 3547 2184 133.212998 0.156696 0.109299 17811 
1188228626 14892 53329 7.162100 113 3561 2180 133.775584 0.156408 0.109511 17903 
1188315026 14928 53507 7.168676 114 3570 2182 134.195472 0.155868 0.109598 17982 
1188401426 14959 53692 7.178555 114 3572 2186 134.646032 0.155722 0.109569 18054 
1188487826 14984 53863 7.189402 114 3570 2197 135.156967 0.155524 0.109878 18136 
1188574226 15012 54025 7.197575 114 3575 2197 135.629763 0.155603 0.109461 18204 
1188660626 15036 54149 7.202580 114 3582 2193 135.913009 0.156101 0.109256 18266 
1188747026 15055 54253 7.207307 114 3586 2199 136.125274 0.155974 0.109379 18310 
1188833426 15086 54392 7.210924 114 3603 2201 136.383667 0.156018 0.109521 18368 
1188919826 15110 54528 7.217472 115 3611 2206 136.770615 0.155458 0.109468 18427 
1189006226 15141 54711 7.226867 115 3619 2207 137.253682 0.155306 0.109446 18509 
1189092626 15179 54930 7.237631 115 3628 2206 137.816720 0.154979 0.109719 18614 
1189179026 15211 55085 7.242785 115 3641 2211 138.222997 0.154234 0.109597 18682 
1189265426 15243 55213 7.244374 115 3649 2229 138.461851 0.154019 0.109535 18740 
1189351826 15264 55345 7.251703 115 3646 2233 138.826389 0.153699 0.110182 18797 
1189438226 15319 55541 7.251257 115 3688 2227 139.098766 0.153679 0.109977 18885 
1189524626 15345 55704 7.260215 115 3695 2229 139.530270 0.153962 0.109834 18951 
1189611026 15384 55873 7.263781 116 3711 2233 139.852054 0.154419 0.109667 19015 
1189697426 15423 56027 7.265383 117 3722 2233 140.064838 0.153959 0.109567 19064 
1189783826 15449 56169 7.271539 118 3728 2231 140.440676 0.153730 0.109462 19135 
1189870226 15479 56316 7.276439 119 3745 2226 140.771109 0.153580 0.109250 19198 
1189956626 15507 56451 7.280712 119 3755 2223 141.067518 0.153483 0.109062 19248 
1190043026 15544 56616 7.284611 119 3761 2237 141.454452 0.153316 0.109477 19319 
1190129426 15586 56808 7.289619 119 3780 2236 141.901450 0.152408 0.109258 19395 
1190215826 15623 57001 7.297062 119 3797 2235 142.383025 0.151897 0.109178 19487 
1190302226 15679 57222 7.299190 119 3830 2234 142.749155 0.151995 0.108812 19587 
1190388626 15725 57433 7.304674 119 3848 2239 143.154340 0.152403 0.108693 19692 
1190475026 15752 57578 7.310564 119 3856 2243 143.515998 0.152101 0.108403 19741 
1190561426 15788 57698 7.309096 119 3869 2246 143.566380 0.152436 0.108535 19784 
1190647826 15832 57852 7.308236 119 3893 2250 143.775771 0.152770 0.108177 19853 
1190734226 15880 58033 7.308942 119 3915 2255 144.034131 0.152354 0.108305 19930 
1190820626 15928 58212 7.309392 119 3937 2262 144.295203 0.152204 0.108167 19996 
1190907026 15971 58423 7.316135 119 3952 2264 144.756120 0.152062 0.108135 20096 
1190993426 16017 58621 7.319848 119 3968 2277 145.199725 0.151767 0.108081 20177 
1191079826 16053 58741 7.318383 119 3992 2281 145.382421 0.151893 0.107795 20220 
1191166226 16090 58864 7.316843 120 4007 2295 145.551398 0.151989 0.107889 20262 
1191252626 16145 59035 7.313100 120 4032 2312 145.673955 0.152407 0.107804 20321 
1191339026 16195 59260 7.318308 120 4045 2326 146.122754 0.152195 0.107705 20418 
1191425426 16234 59430 7.321671 120 4065 2327 146.409634 0.152224 0.107448 20471 
1191511826 16287 59631 7.322527 122 4101 2329 146.749309 0.152018 0.107146 20565 
1191598226 16329 59813 7.325984 122 4119 2335 147.083226 0.151865 0.107162 20640 
1191684626 16371 59960 7.325148 122 4141 2338 147.195651 0.151972 0.106981 20690 
1191771026 16400 60063 7.324756 122 4151 2349 147.313902 0.151994 0.107169 20736 
1191857426 16433 60248 7.332563 122 4155 2364 147.760604 0.151750 0.107176 20808 
1191943826 16484 60429 7.331837 122 4185 2365 147.987867 0.151964 0.107085 20886 
1192030226 16522 60590 7.334463 122 4194 2378 148.230602 0.151977 0.107228 20940 
1192116626 16568 60773 7.336190 122 4210 2386 148.509899 0.152080 0.106951 20995 
1192203026 16610 60946 7.338471 122 4229 2383 148.829500 0.151825 0.107201 21071 
1192289426 16646 61061 7.336417 122 4256 2378 148.924306 0.151757 0.106983 21111 
1192375826 16671 61172 7.338732 122 4268 2384 149.180373 0.151673 0.106676 21150 
1192462226 16700 61316 7.343234 122 4273 2392 149.505749 0.151522 0.106769 21222 
1192548626 16741 61527 7.350457 122 4281 2400 149.938474 0.151552 0.106677 21310 
1192635026 16783 61719 7.354943 122 4301 2405 150.409819 0.151516 0.106430 21409 
1192721426 16826 61905 7.358255 122 4312 2422 150.745632 0.151191 0.106375 21488 
1192807826 16880 62088 7.356398 122 4343 2427 150.950118 0.151337 0.106399 21575 
1192894226 16903 62201 7.359759 122 4343 2435 151.189848 0.151427 0.106477 21619 
1192980626 16922 62280 7.360832 122 4348 2443 151.332703 0.151377 0.106546 21652 
1193067026 16947 62408 7.365079 123 4358 2442 151.635452 0.151198 0.106519 21723 
1193153426 16978 62596 7.373778 123 4362 2450 152.133231 0.151287 0.106630 21814 
1193239826 17025 62797 7.377034 124 4382 2450 152.584317 0.150933 0.106538 21903 
1193326226 17062 62967 7.380964 124 4396 2456 152.896847 0.150937 0.106515 21965 
1193412626 17108 63144 7.381810 124 4423 2459 153.207973 0.150684 0.106192 22031 
1193499026 17125 63250 7.386861 124 4428 2460 153.516847 0.150778 0.106229 22090 
1193585426 17147 63330 7.386715 124 4433 2469 153.577769 0.150996 0.106312 22122 
1193671826 17173 63429 7.387061 124 4446 2471 153.722122 0.151064 0.106150 22155 
1193758226 17209 63607 7.392295 124 4451 2485 154.028241 0.151195 0.106370 22227 
1193844626 17245 63770 7.395767 124 4469 2484 154.338301 0.151253 0.106470 22300 
1193931026 17278 63896 7.396226 124 4479 2493 154.533974 0.151304 0.106739 22356 
1194017426 17313 64077 7.402183 124 4476 2511 154.919309 0.151483 0.107121 22432 
1194103826 17342 64196 7.403529 124 4493 2515 155.094683 0.151696 0.106898 22473 
1194190226 17364 64313 7.407625 125 4491 2528 155.395992 0.151669 0.106924 22528 
1194276626 17394 64451 7.410716 125 4501 2536 155.648499 0.151466 0.107153 22586 
1194363026 17439 64623 7.411319 125 4523 2539 155.887264 0.151881 0.107280 22666 
1194449426 17477 64791 7.414430 125 4529 2550 156.153001 0.151705 0.107685 22736 
1194535826 17510 64986 7.422730 126 4529 2564 156.665220 0.151600 0.107603 22808 
1194622226 17546 65153 7.426536 126 4545 2564 156.970250 0.151866 0.107351 22887 
1194708626 17580 65296 7.428441 126 4558 2574 157.213538 0.151433 0.107750 22952 
1194795026 17604 65402 7.430357 126 4562 2584 157.408771 0.151497 0.107991 23004 
1194881426 17639 65544 7.431714 126 4576 2589 157.633313 0.151286 0.107779 23069 
1194967826 17682 65749 7.436828 126 4587 2597 158.034159 0.151398 0.107987 23169 
1195054226 17728 65935 7.438515 127 4608 2603 158.383123 0.150956 0.107924 23270 
1195140626 17764 66095 7.441455 127 4616 2613 158.623058 0.151249 0.108137 23343 
1195227026 17800 66261 7.445056 127 4624 2628 158.932135 0.151195 0.108028 23413 
1195313426 17832 66377 7.444706 128 4641 2635 159.096344 0.151000 0.107873 23454 
1195399826 17851 66493 7.449779 128 4647 2638 159.479917 0.150475 0.108146 23509 
1195486226 17882 66631 7.452298 128 4656 2641 159.715244 0.150373 0.108324 23571 
1195572626 17918 66823 7.458757 129 4675 2632 160.168992 0.149937 0.108118 23650 
1195659026 17951 66969 7.461311 129 4685 2638 160.444878 0.149802 0.108286 23713 
1195745426 17968 67072 7.465717 129 4681 2648 160.704697 0.149632 0.108232 23758 
1195831826 17992 67176 7.467319 129 4690 2648 160.893619 0.149757 0.107983 23796 
1195918226 18013 67261 7.468051 129 4699 2651 160.995947 0.149843 0.107904 23824 
1196004626 18031 67373 7.473019 129 4705 2653 161.312961 0.149324 0.107616 23862 
1196091026 18058 67523 7.478458 129 4707 2666 161.704618 0.149388 0.107603 23917 
1196177426 18096 67710 7.483422 129 4712 2672 162.059682 0.149461 0.107747 23992 
1196263826 18137 67883 7.485582 130 4733 2679 162.357060 0.149824 0.107433 24084 
1196350226 18169 68041 7.489790 130 4745 2686 162.746656 0.149780 0.107591 24151 
1196436626 18200 68199 7.494396 130 4754 2696 163.088022 0.149836 0.107472 24215 
1196523026 18226 68308 7.495666 130 4762 2697 163.252716 0.149526 0.107333 24255 
1196609426 18245 68415 7.499589 130 4771 2695 163.534557 0.149616 0.107285 24314 
1196695826 18277 68541 7.500246 130 4783 2705 163.756853 0.149358 0.107275 24373 
1196782226 18298 68716 7.510766 130 4774 2716 164.247459 0.149381 0.107560 24467 
1196868626 18324 68885 7.518555 130 4773 2734 164.669395 0.149069 0.107850 24539 
1196955026 18354 69020 7.520976 130 4781 2741 164.946933 0.149112 0.107809 24603 
1197041426 18390 69188 7.524524 130 4787 2749 165.297336 0.148595 0.107839 24678 
1197127826 18416 69322 7.528454 131 4790 2761 165.563532 0.148353 0.107694 24729 
1197214226 18439 69436 7.531428 131 4803 2764 165.840447 0.148163 0.107654 24779 
1197300626 18466 69548 7.532546 132 4812 2767 166.072891 0.147972 0.107603 24833 
1197387026 18505 69702 7.533315 133 4830 2771 166.295596 0.147648 0.107379 24878 
1197473426 18536 69863 7.538088 133 4844 2779 166.626996 0.147773 0.107402 24951 
1197559826 18569 70011 7.540632 133 4848 2791 166.916905 0.147836 0.107667 25020 
1197646226 18605 70138 7.539694 133 4868 2795 167.102177 0.147981 0.107396 25081 
1197732626 18628 70249 7.542302 133 4873 2803 167.306313 0.148458 0.107485 25132 
1197819026 18645 70335 7.544650 134 4869 2816 167.481684 0.148363 0.107714 25165 
1197905426 18676 70463 7.545834 134 4880 2817 167.664703 0.148581 0.107925 25221 
1197991826 18697 70563 7.548056 134 4891 2810 167.816334 0.148566 0.107809 25264 
1198078226 18741 70710 7.546022 134 4920 2805 167.949096 0.148689 0.107427 25318 
1198164626 18786 70844 7.542212 134 4944 2819 168.054189 0.148778 0.107621 25371 
1198251026 18812 70967 7.544865 134 4958 2818 168.312673 0.149042 0.107345 25418 
1198337426 18844 71088 7.544895 134 4967 2830 168.462853 0.148963 0.107552 25471 
1198423826 18855 71173 7.549509 134 4967 2835 168.720976 0.148772 0.107475 25514 
1198510226 18878 71257 7.549211 134 4973 2841 168.832609 0.148845 0.108075 25556 
1198596626 18892 71354 7.553885 134 4981 2834 169.155198 0.148761 0.107944 25600 
1198683026 18900 71418 7.557460 135 4980 2834 169.378836 0.148404 0.107973 25623 
1198769426 18922 71510 7.558398 135 4991 2831 169.531128 0.148503 0.107976 25658 
1198855826 18942 71631 7.563193 135 4997 2834 169.883117 0.148221 0.108027 25724 
1198942226 18961 71762 7.569432 135 4999 2841 170.275829 0.148405 0.108255 25796 
1199028626 18988 71864 7.569412 135 5017 2835 170.392985 0.148468 0.108190 25837 
1199115026 19015 71997 7.572653 135 5029 2838 170.712385 0.148662 0.107953 25902 
1199201426 19034 72094 7.575286 135 5044 2835 170.958811 0.148407 0.107869 25952 
1199287826 19060 72221 7.578279 135 5054 2833 171.207240 0.148288 0.107868 26012 
1199374226 19094 72337 7.576935 135 5073 2837 171.352676 0.148093 0.107788 26072 
1199460626 19120 72455 7.578975 135 5085 2839 171.575418 0.148065 0.107638 26124 
1199547026 19142 72544 7.579563 135 5093 2839 171.694285 0.148034 0.107401 26152 
1199633426 19170 72648 7.579343 135 5109 2840 171.836202 0.147908 0.107214 26196 
1199719826 19197 72741 7.578372 135 5123 2845 171.952701 0.147914 0.107193 26236 
1199806226 19221 72852 7.580459 135 5135 2848 172.143697 0.147802 0.107112 26284 
1199892626 19238 72954 7.584364 136 5137 2853 172.413037 0.147739 0.107454 26326 
1199979026 19265 73077 7.586504 137 5141 2866 172.611679 0.147568 0.107224 26370 
1200065426 19298 73195 7.585760 137 5160 2871 172.728884 0.147635 0.107213 26424 
1200151826 19329 73309 7.585390 137 5174 2870 172.858399 0.147794 0.107069 26469 
1200238226 19350 73405 7.587080 138 5185 2869 173.039070 0.148056 0.107070 26516 
1200324626 19381 73511 7.585883 138 5202 2872 173.140189 0.148195 0.106934 26559 
1200411026 19405 73650 7.590827 138 5205 2880 173.469312 0.148154 0.107000 26622 
1200497426 19449 73791 7.588154 138 5231 2883 173.640598 0.148107 0.106894 26687 
1200583826 19480 73929 7.590246 138 5237 2901 173.906057 0.147743 0.106656 26736 
1200670226 19511 74070 7.592640 138 5243 2908 174.181949 0.147654 0.106764 26788 
1200756626 19535 74164 7.592936 138 5260 2904 174.359253 0.147330 0.106607 26824 
1200843026 19551 74259 7.596440 138 5262 2905 174.552299 0.147427 0.106428 26862 
1200929426 19573 74379 7.600163 138 5264 2909 174.787718 0.147438 0.106435 26914 
1201015826 19602 74494 7.600653 138 5284 2905 174.978880 0.147377 0.106298 26966 
1201102226 19649 74650 7.598351 138 5309 2912 175.054812 0.147534 0.106104 27027 
1201188626 19682 74791 7.599939 138 5324 2905 175.277309 0.147732 0.105967 27087 
1201275026 19722 74944 7.600041 138 5345 2908 175.476929 0.147587 0.105734 27141 
1201361426 19769 75131 7.600890 138 5371 2904 175.733522 0.147735 0.105472 27217 
1201447826 19806 75306 7.604362 138 5381 2915 176.077956 0.147735 0.105365 27288 
1201534226 19837 75459 7.607904 138 5390 2921 176.381711 0.147466 0.105384 27352 
1201620626 19875 75660 7.613585 138 5411 2911 176.794868 0.147820 0.105125 27456 
1201707026 19919 75819 7.612732 138 5430 2916 176.980873 0.147747 0.105208 27528 
1201793426 19959 75959 7.611504 138 5455 2915 177.130417 0.147816 0.105159 27581 
1201879826 19995 76102 7.612103 138 5468 2920 177.287722 0.147901 0.105100 27635 
1201966226 20017 76201 7.613628 138 5470 2932 177.476545 0.147919 0.105154 27694 
1202052626 20029 76273 7.616256 138 5472 2937 177.660592 0.147839 0.105226 27724 
1202139026 20055 76351 7.614161 138 5489 2936 177.671005 0.147925 0.105269 27760 
1202225426 20077 76454 7.616078 138 5500 2933 177.827863 0.148264 0.105103 27807 
1202311826 20096 76531 7.616541 138 5505 2936 177.941282 0.148164 0.104913 27842 
1202398226 20137 76681 7.615931 138 5523 2947 178.116899 0.148125 0.104829 27895 
1202484626 20181 76833 7.614390 138 5551 2947 178.271047 0.148312 0.104764 27958 
1202571026 20213 77026 7.621432 139 5557 2952 178.719438 0.148111 0.104874 28050 
1202657426 20238 77125 7.621801 139 5566 2963 178.889317 0.147954 0.104819 28089 
1202743826 20272 77277 7.624013 139 5586 2958 179.166634 0.147901 0.104753 28165 
1202830226 20303 77457 7.630104 139 5584 2971 179.599567 0.147949 0.104879 28255 
1202916626 20344 77659 7.634585 139 5605 2967 180.001475 0.147626 0.104946 28349 
1203003026 20383 77833 7.637050 140 5624 2970 180.344208 0.147055 0.104764 28431 
1203089426 20417 77998 7.640496 140 5643 2966 180.669932 0.146976 0.104640 28509 
1203175826 20449 78107 7.639200 140 5663 2969 180.828109 0.147078 0.104427 28568 
1203262226 20470 78214 7.641817 141 5671 2971 181.094577 0.147213 0.104529 28629 
1203348626 20498 78366 7.646209 142 5679 2977 181.464338 0.147122 0.104404 28700 
1203435026 20534 78546 7.650336 142 5699 2976 181.861595 0.147185 0.104480 28787 
1203521426 20569 78721 7.654334 142 5708 2989 182.248238 0.147174 0.104420 28867 
1203607826 20599 78866 7.657265 142 5719 2995 182.580028 0.146747 0.104496 28933 
1203694226 20629 79000 7.659121 143 5729 3000 182.854040 0.146854 0.104570 28994 
1203780626 20660 79129 7.660116 143 5741 3005 183.035237 0.146830 0.104584 29051 
1203867026 20676 79216 7.662604 143 5748 3004 183.264751 0.146603 0.104656 29088 
1203953426 20717 79352 7.660569 143 5776 3009 183.391321 0.146651 0.104621 29150 
1204039826 20756 79522 7.662555 144 5786 3013 183.638273 0.146533 0.104817 29218 
1204126226 20798 79712 7.665352 144 5796 3024 184.042023 0.146250 0.104568 29288 
1204212626 20840 79883 7.666315 144 5803 3041 184.269674 0.146336 0.104778 29360 
1204299026 20891 80046 7.663204 144 5830 3047 184.362261 0.146492 0.104639 29446 
1204385426 20918 80170 7.665169 144 5846 3044 184.557128 0.146496 0.104685 29506 
1204471826 20945 80323 7.669897 144 5841 3061 184.859203 0.146594 0.104964 29580 
1204558226 20969 80442 7.672469 144 5849 3064 185.147217 0.146621 0.105002 29639 
1204644626 21024 80674 7.674467 144 5881 3063 185.570015 0.145984 0.104426 29726 
1204731026 21071 80867 7.675668 144 5908 3062 185.893408 0.146045 0.104277 29835 
1204817426 21112 81061 7.679140 144 5922 3070 186.264589 0.146068 0.104206 29912 
1204903826 21156 81212 7.677444 144 5945 3081 186.401872 0.146184 0.104238 29976 
1204990226 21191 81364 7.679109 144 5955 3092 186.657826 0.146362 0.104224 30056 
1205076626 21231 81491 7.676605 144 5972 3104 186.766803 0.146561 0.104061 30108 
1205163026 21267 81639 7.677529 144 5980 3113 186.937133 0.146769 0.104098 30174 
1205249426 21318 81818 7.675955 144 6008 3125 187.115395 0.146947 0.104078 30251 
1205335826 21363 82001 7.676918 144 6026 3135 187.427983 0.146801 0.103961 30327 
1205422226 21398 82148 7.678101 144 6043 3135 187.728292 0.146759 0.103927 30407 
1205508626 21428 82293 7.680885 144 6059 3140 188.056655 0.146548 0.103958 30475 
1205595026 21455 82398 7.681007 144 6071 3144 188.213377 0.146540 0.104000 30525 
1205681426 21472 82475 7.682098 144 6075 3151 188.314735 0.146876 0.104202 30568 
1205767826 21505 82610 7.682864 144 6094 3148 188.526203 0.146946 0.104040 30628 
1205854226 21559 82809 7.682082 145 6123 3142 188.767197 0.146826 0.103959 30713 
1205940626 21603 82985 7.682729 145 6153 3146 189.052169 0.146690 0.103708 30802 
1206027026 21628 83118 7.686148 145 6155 3155 189.358239 0.146840 0.103744 30858 
1206113426 21665 83262 7.686314 145 6166 3174 189.524025 0.146909 0.103859 30933 
1206199826 21687 83393 7.690598 145 6171 3180 189.813252 0.146958 0.103874 31007 
1206286226 21715 83515 7.691918 145 6185 3179 190.012157 0.147216 0.103816 31061 
1206372626 21736 83624 7.694516 146 6196 3180 190.192308 0.147126 0.103839 31115 
1206459026 21781 83799 7.694688 146 6218 3184 190.466278 0.146987 0.103779 31197 
1206545426 21818 83971 7.697406 146 6233 3188 190.795123 0.146548 0.103915 31276 
1206631826 21859 84146 7.698980 146 6247 3196 191.078183 0.146846 0.103793 31356 
1206718226 21894 84376 7.707682 147 6256 3200 191.764593 0.146507 0.103785 31484 
1206804626 21934 84529 7.707577 148 6278 3199 192.000912 0.146279 0.103623 31560 
1206891026 21972 84675 7.707537 148 6291 3217 192.196796 0.146228 0.103857 31627 
1206977426 22012 84880 7.712157 148 6296 3232 192.612666 0.146242 0.104034 31741 
1207063826 22051 85073 7.716022 148 6301 3244 192.937010 0.145939 0.103978 31826 
1207150226 22113 85302 7.715100 148 6326 3255 193.223172 0.145803 0.103887 31924 
1207236626 22161 85531 7.719056 148 6350 3252 193.661387 0.145738 0.103760 32044 
1207323026 22205 85727 7.721414 148 6370 3261 193.981085 0.145600 0.103675 32130 
1207409426 22251 85916 7.722439 148 6392 3265 194.238281 0.145632 0.103487 32220 
1207495826 22294 86041 7.718758 149 6417 3264 194.267247 0.145621 0.103498 32272 
1207582226 22330 86238 7.723959 149 6433 3267 194.688222 0.145505 0.103358 32364 
1207668626 22368 86439 7.728809 149 6432 3279 195.059192 0.145243 0.103647 32458 
1207755026 22405 86620 7.732203 149 6444 3287 195.402544 0.145360 0.103808 32557 
1207841426 22450 86823 7.734788 150 6461 3298 195.730245 0.145539 0.103751 32658 
1207927826 22507 87031 7.733683 150 6479 3325 196.011463 0.145192 0.103892 32734 
1208014226 22543 87183 7.734818 151 6499 3331 196.334827 0.145003 0.103895 32815 
1208100626 22560 87278 7.737411 151 6501 3337 196.547252 0.145276 0.103960 32864 
1208187026 22598 87431 7.737941 151 6525 3336 196.749978 0.145141 0.103734 32921 
1208273426 22650 87639 7.738543 151 6545 3348 197.045563 0.145124 0.103553 33006 
1208359826 22682 87846 7.745878 152 6549 3354 197.603386 0.144963 0.103766 33119 
1208446226 22725 88075 7.751375 152 6553 3372 198.102178 0.144407 0.103747 33213 
1208532626 22768 88285 7.755183 152 6561 3389 198.466971 0.144522 0.103522 33304 
1208619026 22813 88463 7.755490 152 6582 3393 198.706615 0.144304 0.103530 33386 
1208705426 22829 88550 7.757677 153 6584 3395 198.899207 0.144286 0.103556 33430 
1208791826 22862 88722 7.761526 153 6588 3407 199.307060 0.144072 0.103597 33500 
1208878226 22905 88924 7.764593 154 6608 3409 199.658852 0.144290 0.103623 33596 
1208964626 22950 89127 7.767059 154 6617 3430 200.062309 0.144346 0.103498 33691 
1209051026 23000 89331 7.767913 154 6636 3439 200.410783 0.144415 0.103765 33791 
1209137426 23040 89509 7.769878 154 6648 3443 200.669965 0.144438 0.103777 33867 
1209223826 23066 89608 7.769704 154 6665 3443 200.778809 0.144500 0.103452 33909 
1209310226 23101 89739 7.769274 154 6682 3453 200.932167 0.144623 0.103492 33975 
1209396626 23144 89891 7.767974 154 6701 3457 201.032233 0.144672 0.103442 34030 
1209483026 23197 90104 7.768591 156 6724 3475 201.442687 0.144345 0.103246 34128 
1209569426 23252 90298 7.766902 156 6747 3483 201.598400 0.144539 0.103431 34225 
1209655826 23301 90511 7.768851 156 6758 3494 201.956740 0.144653 0.103320 34310 
1209742226 23344 90736 7.773818 156 6769 3502 202.412868 0.144587 0.103326 34405 
1209828626 23369 90882 7.777996 157 6772 3510 202.730027 0.144217 0.103322 34484 
1209915026 23393 91029 7.782585 157 6776 3514 203.108879 0.144316 0.103324 34567 
1210001426 23435 91219 7.784852 158 6789 3523 203.437167 0.144402 0.103263 34655 
1210087826 23481 91429 7.787488 158 6809 3539 203.846855 0.144104 0.103175 34753 
1210174226 23533 91625 7.786937 158 6818 3561 204.109973 0.144069 0.103297 34846 
1210260626 23574 91822 7.790108 158 6822 3571 204.424875 0.143873 0.103229 34931 
1210347026 23616 91991 7.790566 158 6845 3573 204.694360 0.143924 0.103025 35014 
1210433426 23652 92133 7.790715 158 6854 3580 204.790631 0.144059 0.103044 35067 
1210519826 23677 92280 7.794906 158 6848 3598 205.059087 0.144059 0.103141 35125 
1210606226 23721 92441 7.794022 158 6857 3608 205.170187 0.143946 0.102967 35180 
1210692626 23761 92616 7.795631 159 6866 3622 205.491267 0.143707 0.102999 35273 
1210779026 23819 92838 7.795289 159 6884 3640 205.672782 0.143795 0.102943 35357 
1210865426 23859 93038 7.798986 159 6894 3646 206.011987 0.143803 0.102863 35457 
1210951826 23899 93226 7.801665 159 6897 3653 206.279593 0.143804 0.103015 35540 
1211038226 23937 93361 7.800560 159 6910 3667 206.342649 0.143936 0.103109 35598 
1211124626 23976 93484 7.798131 159 6918 3677 206.341592 0.144078 0.103293 35655 
1211211026 24006 93658 7.802883 159 6917 3685 206.718820 0.144009 0.103767 35737 
1211297426 24062 93852 7.800848 159 6927 3705 206.777242 0.144262 0.103939 35808 
1211383826 24110 94064 7.802903 159 6937 3722 207.126504 0.144551 0.103817 35906 
1211470226 24152 94249 7.804654 160 6940 3743 207.405101 0.144428 0.103631 35983 
1211556626 24200 94447 7.805537 160 6938 3767 207.622149 0.144567 0.103791 36071 
1211643026 24234 94600 7.807213 160 6949 3772 207.836346 0.144754 0.103774 36144 
1211729426 24257 94726 7.810199 160 6952 3774 208.118399 0.144651 0.103860 36213 
1211815826 24285 94845 7.810994 160 6963 3774 208.261478 0.144688 0.103836 36257 
1211902226 24328 95006 7.810424 161 6977 3784 208.398635 0.144857 0.103977 36339 
1211988626 24375 95202 7.811446 162 6981 3802 208.588964 0.144912 0.103958 36422 
1212075026 24416 95400 7.814548 162 6991 3817 208.913745 0.144747 0.103958 36490 
1212161426 24457 95613 7.818866 162 6989 3833 209.310872 0.144523 0.104205 36592 
1212247826 24510 95782 7.815749 162 7006 3846 209.358548 0.144617 0.104344 36655 
1212334226 24537 95899 7.816685 162 7015 3846 209.529038 0.144627 0.104236 36707 
1212420626 24578 96044 7.815445 162 7029 3855 209.641305 0.144697 0.104024 36769 
1212507026 24625 96243 7.816690 162 7037 3867 209.855269 0.144694 0.104214 36844 
1212593426 24673 96454 7.818587 162 7052 3875 210.147124 0.144572 0.104044 36923 
1212679826 24731 96652 7.816263 162 7084 3869 210.284259 0.144681 0.104058 37010 
1212766226 24788 96851 7.814346 162 7105 3882 210.352832 0.144664 0.103968 37093 
1212852626 24836 97026 7.813335 162 7110 3902 210.462957 0.144863 0.104054 37176 
1212939026 24874 97179 7.813701 162 7122 3910 210.617834 0.144833 0.104017 37242 
1213025426 24931 97338 7.808592 162 7151 3919 210.615699 0.144977 0.103909 37305 
1213111826 24975 97509 7.808529 162 7171 3922 210.763243 0.144996 0.103729 37379 
1213198226 25026 97717 7.809238 163 7177 3946 210.991848 0.144879 0.103791 37463 
1213284626 25079 97924 7.809243 163 7194 3952 211.180191 0.144962 0.103676 37546 
1213371026 25127 98109 7.809050 163 7210 3969 211.350101 0.144933 0.103694 37632 
1213457426 25155 98241 7.810853 163 7213 3983 211.549990 0.144839 0.103687 37687 
1213543826 25185 98368 7.811634 163 7226 3990 211.711416 0.144785 0.103591 37742 
1213630226 25249 98573 7.808072 163 7247 4016 211.779635 0.144772 0.103674 37834 
1213716626 25296 98777 7.809693 163 7260 4030 212.055740 0.144797 0.103633 37924 
1213803026 25336 98993 7.814414 163 7257 4046 212.352621 0.144947 0.103892 38013 
1213889426 25376 99185 7.817229 164 7260 4059 212.643679 0.144713 0.103959 38103 
1213975826 25437 99386 7.814286 166 7287 4073 212.742305 0.144800 0.103850 38186 
1214062226 25482 99542 7.812731 166 7312 4069 212.848521 0.144960 0.103669 38244 
1214148626 25512 99689 7.815067 166 7317 4070 213.063029 0.145009 0.103749 38314 
1214235026 25568 99888 7.813517 166 7341 4076 213.202441 0.145033 0.103707 38399 
1214321426 25635 100138 7.812600 167 7351 4097 213.383577 0.145085 0.103923 38517 
1214407826 25689 100344 7.812215 167 7374 4100 213.538947 0.145305 0.103885 38597 
1214494226 25742 100561 7.812990 167 7392 4116 213.839562 0.145440 0.103975 38695 
1214580626 25822 100802 7.807451 167 7424 4138 213.854698 0.145474 0.103747 38784 
1214667026 25881 100974 7.802944 167 7449 4147 213.852324 0.145617 0.103528 38850 
1214753426 25927 101163 7.803680 167 7461 4159 214.042273 0.145660 0.103588 38937 
1214839826 25978 101367 7.804065 167 7472 4169 214.268458 0.145977 0.103526 39030 
1214926226 26044 101605 7.802565 167 7492 4181 214.392029 0.146275 0.103553 39126 
1215012626 26097 101836 7.804422 167 7503 4195 214.681228 0.146353 0.103441 39243 
1215099026 26153 102090 7.807135 167 7516 4203 214.998356 0.146510 0.103350 39351 
1215185426 26203 102259 7.805137 167 7534 4219 215.070564 0.146311 0.103426 39406 
1215271826 26232 102380 7.805733 167 7541 4229 215.224382 0.146342 0.103455 39459 
1215358226 26266 102520 7.806289 168 7552 4232 215.421914 0.146211 0.103586 39513 
1215444626 26321 102734 7.806238 169 7571 4246 215.712321 0.146110 0.103519 39616 
1215531026 26381 102948 7.804708 169 7582 4273 215.863841 0.146304 0.103658 39718 
1215617426 26464 103211 7.800106 169 7617 4287 215.930849 0.146417 0.103438 39797 
1215703826 26538 103456 7.796820 169 7645 4297 216.013490 0.146663 0.103657 39904 
1215790226 26599 103690 7.796534 169 7651 4322 216.239407 0.146504 0.103740 40002 
1215876626 26633 103857 7.799121 169 7658 4329 216.479255 0.146348 0.103925 40071 
1215963026 26672 104026 7.800390 169 7668 4336 216.685438 0.146128 0.103843 40131 
1216049426 26712 104197 7.801512 169 7668 4356 216.928721 0.146019 0.103846 40209 
1216135826 26787 104494 7.801844 169 7690 4361 217.220816 0.146323 0.104140 40334 
1216222226 26848 104747 7.802965 170 7689 4389 217.413960 0.146505 0.104454 40444 
1216308626 26908 104976 7.802587 170 7713 4389 217.624647 0.146627 0.104259 40534 
1216395026 26980 105213 7.799333 170 7737 4406 217.722832 0.146536 0.104329 40632 
1216481426 27014 105382 7.802029 170 7733 4421 217.998001 0.146407 0.104695 40714 
1216567826 27055 105560 7.803364 170 7740 4435 218.224653 0.146459 0.104499 40769 
1216654226 27123 105775 7.799653 170 7766 4448 218.253217 0.146665 0.104373 40865 
1216740626 27210 106070 7.796398 170 7795 4464 218.333921 0.146826 0.104403 40983 
1216827026 27300 106351 7.791282 171 7834 4487 218.478315 0.146726 0.104396 41111 
1216913426 27391 106625 7.785404 174 7866 4507 218.524917 0.146725 0.104660 41225 
1216999826 27463 106863 7.782325 175 7897 4510 218.611222 0.146896 0.104613 41314 
1217086226 27534 107092 7.778892 175 7930 4515 218.677344 0.146893 0.104747 41400 
1217172626 27590 107290 7.777456 175 7962 4515 218.849221 0.146978 0.104940 41494 
1217259026 27651 107505 7.775849 175 7984 4530 219.029981 0.147093 0.104967 41589 
1217345426 27736 107798 7.773147 175 8014 4554 219.223897 0.147113 0.104881 41709 
1217431826 27814 108098 7.772920 175 8032 4572 219.479039 0.147407 0.104902 41830 
1217518226 27896 108396 7.771437 176 8054 4591 219.657442 0.147629 0.104828 41962 
1217604626 27963 108668 7.772271 176 8084 4591 219.931695 0.147599 0.104833 42093 
1217691026 28041 108921 7.768696 176 8123 4597 220.020399 0.147756 0.104788 42199 
1217777426 28096 109130 7.768366 177 8139 4603 220.190419 0.147563 0.104850 42288 
1217863826 28171 109399 7.766781 177 8163 4615 220.365127 0.147495 0.104796 42399 
1217950226 28271 109715 7.761664 177 8194 4643 220.516077 0.147214 0.104952 42532 
1218036626 28366 110061 7.760065 177 8210 4691 220.803427 0.147209 0.105206 42678 
1218123026 28479 110400 7.753081 177 8260 4710 220.825521 0.147435 0.105172 42821 
1218209426 28555 110693 7.752968 177 8268 4724 221.042690 0.147490 0.105459 42942 
1218295826 28599 110917 7.756705 177 8278 4727 221.420679 0.147430 0.105682 43039 
1218382226 28663 111097 7.751945 177 8315 4734 221.395597 0.147364 0.105595 43104 
1218468626 28735 111344 7.749713 178 8338 4753 221.494693 0.147410 0.105625 43207 
1218555026 28827 111638 7.745378 178 8377 4759 221.587886 0.147783 0.105258 43324 
1218641426 28914 111951 7.743723 178 8409 4770 221.812202 0.147736 0.105202 43451 
1218727826 29002 112257 7.741328 179 8440 4787 222.038135 0.147646 0.105579 43575 
1218814226 29073 112547 7.742373 180 8452 4802 222.305507 0.147647 0.105329 43695 
1218900626 29152 112794 7.738337 180 8480 4815 222.377058 0.147925 0.105093 43809 
1218987026 29233 113051 7.734478 181 8508 4835 222.437040 0.148142 0.105076 43918 
1219073426 29306 113378 7.737528 183 8528 4835 222.806115 0.148268 0.105042 44084 
1219159826 29419 113747 7.732894 183 8583 4852 222.978143 0.148543 0.104969 44240 
1219246226 29502 114073 7.733238 183 8602 4878 223.318419 0.148249 0.105485 44407 
1219332626 29600 114418 7.730946 183 8632 4887 223.501351 0.148507 0.105433 44540 
1219419026 29694 114738 7.728026 184 8667 4902 223.697111 0.148434 0.105549 44683 
1219505426 29775 115031 7.726683 185 8702 4902 223.905155 0.148548 0.105250 44788 
1219591826 29843 115265 7.724760 185 8734 4901 224.081761 0.148268 0.105040 44882 
1219678226 29945 115607 7.721289 186 8767 4925 224.206712 0.148259 0.105376 45026 
1219764626 30056 115981 7.717660 187 8797 4961 224.399854 0.148345 0.105464 45178 
1219851026 30143 116323 7.718077 189 8818 4980 224.700727 0.148024 0.105652 45330 
1219937426 30246 116711 7.717450 189 8831 5021 224.934471 0.148112 0.105673 45484 
1220023826 30317 116993 7.717980 189 8855 5027 225.170498 0.148292 0.105542 45611 
1220110226 30395 117233 7.713966 189 8892 5051 225.250140 0.148426 0.105414 45713 
1220196626 30437 117435 7.716595 189 8899 5064 225.493840 0.148504 0.105432 45809 
1220283026 30484 117677 7.720575 189 8899 5076 225.835520 0.148728 0.105589 45930 
1220369426 30526 117874 7.722859 189 8905 5078 226.063618 0.148938 0.105808 46024 
1220455826 30571 118069 7.724248 190 8911 5097 226.311210 0.148798 0.105918 46115 
1220542226 30605 118281 7.729521 190 8903 5109 226.682176 0.148649 0.106044 46222 
1220628626 30650 118500 7.732463 190 8910 5126 226.987471 0.148640 0.106414 46325 
1220715026 30711 118756 7.733776 191 8933 5122 227.285403 0.148586 0.106255 46446 
1220801426 30769 119014 7.735968 191 8936 5141 227.594137 0.148655 0.106376 46566 
1220887826 30850 119307 7.734652 191 8952 5163 227.766224 0.148731 0.106451 46693 
1220974226 30928 119703 7.740753 191 8956 5167 228.412054 0.148304 0.106618 46884 
1221060626 31032 120015 7.734919 192 9018 5164 228.500580 0.148090 0.106354 47012 
1221147026 31110 120312 7.734619 193 9045 5167 228.723947 0.148181 0.106330 47139 
1221233426 31227 120682 7.729337 193 9087 5189 228.830691 0.148223 0.106210 47292 
1221319826 31312 120955 7.725792 193 9113 5218 228.920478 0.148132 0.106381 47393 
1221406226 31373 121239 7.728875 194 9112 5237 229.210850 0.148089 0.106602 47514 
1221492626 31449 121540 7.729340 194 9109 5280 229.339502 0.148321 0.106622 47623 
1221579026 31546 121903 7.728587 195 9111 5316 229.532936 0.148169 0.106996 47753 
1221665426 31681 122396 7.726776 195 9133 5350 229.708595 0.148164 0.106945 47915 
1221751826 31788 122792 7.725683 195 9145 5386 229.830817 0.148408 0.107060 48057 
1221838226 31885 123152 7.724761 196 9153 5417 230.042151 0.148333 0.107070 48204 
1221924626 31977 123458 7.721675 196 9163 5457 230.038215 0.148636 0.107170 48324 
1222011026 32059 123752 7.720266 196 9186 5465 230.160142 0.148858 0.107061 48448 
1222097426 32140 124091 7.721904 196 9180 5494 230.375793 0.149015 0.107385 48583 
1222183826 32240 124462 7.720968 196 9198 5513 230.547208 0.149056 0.107269 48726 
1222270226 32344 124817 7.718093 196 9214 5553 230.620022 0.149127 0.107277 48832 
1222356626 32448 125203 7.717147 197 9243 5571 230.892690 0.149115 0.107472 49003 
1222443026 32541 125535 7.715497 197 9260 5585 230.973910 0.149424 0.107387 49128 
1222529426 32613 125793 7.714286 197 9258 5609 230.994757 0.149737 0.107477 49221 
1222615826 32689 126025 7.710545 197 9277 5624 230.936829 0.149781 0.107445 49286 
1222702226 32786 126364 7.708412 197 9304 5643 231.043006 0.150147 0.107213 49421 
1222788626 32863 126799 7.716824 197 9276 5666 231.559931 0.150351 0.107182 49598 
1222875026 32981 127193 7.713108 197 9304 5702 231.559322 0.150580 0.107635 49755 
1222961426 33064 127618 7.719453 197 9277 5753 232.026010 0.150603 0.107752 49925 
1223047826 33162 128029 7.721428 199 9278 5780 232.266932 0.150834 0.107763 50088 
1223134226 33243 128365 7.722829 200 9274 5808 232.439912 0.150845 0.107634 50203 
1223220626 33303 128645 7.725730 200 9275 5838 232.747620 0.150705 0.107469 50324 
1223307026 33390 128968 7.724948 200 9284 5864 232.800299 0.151026 0.107484 50446 
1223393426 33489 129377 7.726537 201 9297 5887 233.125086 0.151035 0.107227 50587 
1223479826 33619 129844 7.724442 202 9318 5916 233.296529 0.151353 0.107722 50774 
1223566226 33734 130201 7.719274 203 9339 5949 233.236972 0.151543 0.107931 50876 
1223652626 33845 130653 7.720668 203 9348 5956 233.398434 0.151961 0.108279 51061 
1223739026 33927 130969 7.720635 203 9355 5986 233.549444 0.152164 0.108131 51158 
1223825426 33997 131227 7.719916 203 9367 5997 233.642439 0.152115 0.108077 51247 
1223911826 34083 131635 7.724379 203 9352 6040 233.996949 0.152405 0.108007 51413 
1223998226 34201 132156 7.728195 203 9365 6055 234.379930 0.152718 0.107773 51623 
1224084626 34315 132568 7.726534 203 9373 6086 234.469707 0.153068 0.108187 51786 
1224171026 34414 133004 7.729645 203 9372 6116 234.803452 0.153193 0.108378 51973 
1224257426 34542 133511 7.730357 204 9382 6158 235.158937 0.152996 0.108457 52171 
1224343826 34628 133814 7.728659 204 9390 6187 235.271168 0.153116 0.108424 52275 
1224430226 34695 134043 7.726935 204 9397 6207 235.264274 0.153284 0.108306 52348 
1224516626 34790 134446 7.729003 205 9395 6220 235.539925 0.153248 0.108600 52489 
1224603026 34922 134960 7.729225 206 9412 6247 235.790505 0.153278 0.108683 52689 
1224689426 35047 135435 7.728764 206 9431 6272 235.962793 0.153583 0.108871 52896 
1224775826 35173 135936 7.729565 206 9461 6287 236.326387 0.153553 0.108763 53102 
1224862226 35288 136408 7.731127 208 9474 6320 236.558830 0.153923 0.108536 53280 
1224948626 35369 136747 7.732591 209 9462 6343 236.762532 0.153870 0.108658 53404 
1225035026 35431 136996 7.733115 209 9470 6355 236.917671 0.154009 0.108683 53511 
1225121426 35526 137326 7.731014 209 9490 6377 236.955188 0.154217 0.108639 53624 
1225207826 35642 137781 7.731384 209 9503 6396 237.216262 0.154443 0.108666 53810 
1225294226 35757 138206 7.730291 209 9526 6421 237.389826 0.154639 0.108580 53959 
1225380626 35864 138648 7.731876 209 9539 6443 237.688323 0.154725 0.108536 54109 
1225467026 35985 139069 7.729276 209 9573 6461 237.790413 0.154840 0.108419 54270 
1225553426 36050 139357 7.731318 209 9582 6467 237.958058 0.155029 0.108490 54385 
1225639826 36122 139631 7.731078 210 9595 6479 238.061126 0.155127 0.108706 54501 
1225726226 36204 139990 7.733400 211 9603 6478 238.327975 0.155046 0.108861 54646 
1225812626 36328 140483 7.734144 212 9625 6503 238.677824 0.154802 0.108865 54823 
1225899026 36446 140882 7.730999 213 9648 6537 238.767931 0.154890 0.108582 54967 
1225985426 36561 141356 7.732611 214 9678 6548 239.114247 0.155188 0.108749 55178 
1226071826 36700 141833 7.729319 214 9712 6570 239.249646 0.155270 0.108642 55350 
1226158226 36793 142252 7.732558 215 9712 6605 239.596662 0.155104 0.108829 55531 
1226244626 36865 142575 7.734979 215 9721 6623 239.853628 0.155249 0.108915 55661 
1226331026 36978 143133 7.741522 217 9696 6660 240.397858 0.155379 0.109035 55883 
1226417426 37120 143731 7.744127 219 9712 6690 240.783675 0.155392 0.109071 56117 
1226503826 37265 144286 7.743781 221 9735 6717 241.037381 0.155374 0.109275 56339 
1226590226 37431 144862 7.740215 221 9776 6752 241.165398 0.155604 0.109246 56556 
1226676626 37601 145461 7.737081 221 9829 6764 241.325284 0.155839 0.109182 56783 
1226763026 37707 145933 7.740367 222 9825 6802 241.708171 0.155693 0.109125 56941 
1226849426 37792 146339 7.744443 222 9822 6821 242.023815 0.155868 0.109351 57109 
1226935826 37912 146808 7.744672 222 9845 6841 242.226683 0.156027 0.109286 57287 
1227022226 38063 147392 7.744634 222 9866 6881 242.426136 0.156327 0.109300 57494 
1227108626 38192 147926 7.746439 222 9878 6905 242.729891 0.156334 0.109702 57712 
1227195026 38332 148473 7.746687 222 9897 6942 243.000522 0.156816 0.109950 57934 
1227281426 38481 149030 7.745641 222 9939 6956 243.242535 0.156863 0.109826 58126 
1227367826 38596 149436 7.743600 224 9974 6961 243.328635 0.156736 0.109814 58270 
1227454226 38683 149804 7.745211 224 9980 6979 243.574749 0.156890 0.109786 58428 
1227540626 38809 150288 7.745008 224 10016 6981 243.743668 0.157251 0.109909 58610 
1227627026 38960 150833 7.742967 224 10051 7007 243.872074 0.157372 0.109943 58831 
1227713426 39069 151351 7.747882 224 10050 7016 244.319077 0.157389 0.110043 59036 
1227799826 39180 151780 7.747831 225 10079 7034 244.552016 0.157396 0.109957 59199 
1227886226 39285 152168 7.746875 225 10101 7050 244.670383 0.157336 0.109726 59330 
1227972626 39380 152549 7.747537 226 10120 7068 244.938751 0.157051 0.109504 59477 
1228059026 39497 152969 7.745854 227 10152 7074 245.049346 0.157423 0.109472 59648 
1228145426 39605 153443 7.748668 230 10157 7093 245.411993 0.157480 0.109446 59841 
1228231826 39742 154005 7.750239 230 10158 7138 245.743043 0.157474 0.109455 60060 
1228318226 39882 154594 7.752570 230 10184 7160 246.083246 0.157693 0.109276 60283 
1228404626 40023 155238 7.757439 230 10184 7179 246.539240 0.157925 0.109225 60535 
1228491026 40193 155885 7.756823 231 10215 7213 246.876372 0.157894 0.109229 60767 
1228577426 40294 156382 7.762049 231 10208 7227 247.291855 0.157852 0.109259 60956 
1228663826 40387 156818 7.765766 231 10215 7234 247.648055 0.157979 0.109197 61114 
1228750226 40517 157355 7.767357 231 10242 7239 248.040921 0.157643 0.109051 61307 
1228836626 40676 158042 7.770774 233 10267 7263 248.512440 0.157722 0.108931 61588 
1228923026 40811 158583 7.771581 233 10270 7312 248.718042 0.157918 0.108939 61783 
1229009426 40947 159151 7.773512 234 10294 7338 249.057123 0.158231 0.108620 62021 
1229095826 41096 159777 7.775793 236 10326 7352 249.555869 0.158241 0.108323 62283 
1229182226 41215 160212 7.774451 236 10346 7365 249.672013 0.158512 0.108158 62435 
1229268626 41323 160617 7.773734 236 10368 7381 249.807516 0.158544 0.107926 62566 
1229355026 41447 161131 7.775279 237 10387 7401 250.086713 0.158712 0.107919 62779 
1229441426 41614 161783 7.775412 239 10399 7454 250.295766 0.158795 0.107817 62996 
1229527826 41773 162459 7.778182 239 10411 7497 250.695234 0.158840 0.107802 63242 
1229614226 41929 163074 7.778578 241 10451 7506 250.992392 0.158741 0.107815 63476 
1229700626 42083 163661 7.778010 241 10499 7518 251.257040 0.158676 0.107745 63695 
1229787026 42198 164195 7.782122 241 10520 7504 251.631547 0.158972 0.107869 63898 
1229873426 42297 164669 7.786321 241 10503 7526 251.944346 0.159080 0.107816 64072 
1229959826 42434 165331 7.792383 241 10515 7534 252.479003 0.159213 0.108020 64360 
1230046226 42571 165986 7.798079 243 10521 7575 253.084494 0.159132 0.108326 64659 
1230132626 42698 166555 7.801536 243 10538 7602 253.695442 0.159044 0.108228 64918 
1230219026 42801 167020 7.804491 243 10561 7604 254.060279 0.159123 0.107940 65109 
1230305426 42903 167401 7.803697 244 10578 7620 254.214391 0.159093 0.107869 65248 
1230391826 43027 167861 7.802589 244 10611 7633 254.401469 0.159075 0.107745 65438 
1230478226 43133 168335 7.805393 245 10615 7664 254.773978 0.159209 0.107710 65627 
1230564626 43285 168936 7.805753 245 10662 7665 255.039020 0.159266 0.107687 65885 
1230651026 43476 169634 7.803570 247 10709 7680 255.273898 0.159343 0.107532 66139 
1230737426 43664 170318 7.801301 247 10755 7701 255.474441 0.159661 0.107538 66403 
1230823826 43814 170851 7.798923 247 10803 7705 255.556443 0.159941 0.107657 66584 
1230910226 43962 171459 7.800328 247 10825 7731 255.921250 0.159888 0.107628 66833 
1230996626 44108 172017 7.799810 248 10845 7787 256.209214 0.159844 0.107378 67037 
1231083026 44201 172561 7.808013 248 10814 7819 256.746680 0.160065 0.107448 67277 
1231169426 44338 173171 7.811403 248 10826 7855 257.136542 0.160252 0.107340 67488 
1231255826 44466 173926 7.822876 250 10814 7868 257.995097 0.159910 0.107423 67817 
1231342226 44578 174686 7.837319 251 10767 7900 258.979048 0.159887 0.107763 68151 
1231428626 44680 175398 7.851298 251 10722 7936 259.882498 0.159509 0.107965 68462 
1231515026 44781 176084 7.864228 251 10671 7988 260.699270 0.159566 0.108256 68750 
1231601426 44857 176673 7.877165 252 10633 7998 261.529170 0.159205 0.108394 69022 
1231687826 44937 177177 7.885573 252 10617 8009 262.089681 0.159262 0.108362 69221 
1231774226 45025 177774 7.896680 253 10582 8040 262.874225 0.159030 0.108894 69492 
1231860626 45130 178466 7.908974 253 10548 8073 263.795125 0.158801 0.109221 69800 
1231947026 45227 179157 7.922568 253 10514 8099 264.704800 0.158867 0.109232 70127 
1232033426 45335 179798 7.931973 253 10521 8071 265.425521 0.158763 0.109195 70389 
1232119826 45416 180433 7.945790 253 10481 8078 266.261714 0.158708 0.109276 70650 
1232206226 45501 181010 7.956309 253 10463 8108 267.007362 0.158607 0.109535 70905 
1232292626 45573 181549 7.967393 254 10440 8112 267.699559 0.158361 0.109863 71144 
1232379026 45633 182078 7.980102 254 10394 8127 268.456950 0.158586 0.109822 71374 
1232465426 45711 182714 7.994312 254 10363 8112 269.451117 0.158455 0.109981 71691 
1232551826 45792 183272 8.004542 254 10349 8113 270.116265 0.158372 0.110177 71915 
1232638226 45812 183401 8.006679 254 10348 8110 270.271545 0.158293 0.110160 71970 
