1165073426 0 0 0.000000 0 0 0 0.000000 0.000000 0.000000 0 
1165159826 7999 18411 4.603325 46 2059 1327 42.192774 0.207224 0.091110 4163 
1165246226 8025 18512 4.613583 46 2059 1341 42.415202 0.206464 0.092504 4200 
1165332626 8056 18639 4.627358 46 2065 1337 42.712264 0.204644 0.092846 4233 
1165419026 8089 18782 4.643837 46 2068 1336 43.068612 0.203297 0.093087 4278 
1165505426 8111 18892 4.658365 46 2070 1331 43.385033 0.202561 0.093881 4324 
1165591826 8142 18998 4.666667 46 2072 1340 43.583395 0.202500 0.094798 4348 
1165678226 8160 19096 4.680392 47 2068 1336 43.840686 0.201721 0.095439 4380 
1165764626 8180 19167 4.686308 47 2072 1336 44.016626 0.201258 0.096606 4410 
1165851026 8209 19263 4.693142 47 2074 1345 44.164697 0.201271 0.097065 4440 
1165937426 8236 19381 4.706411 47 2079 1342 44.438562 0.201004 0.096417 4466 
1166023826 8277 19493 4.710161 47 2100 1344 44.569288 0.199355 0.096308 4492 
1166110226 8304 19624 4.726397 47 2094 1358 44.946050 0.198032 0.096868 4537 
1166196626 8330 19736 4.738535 47 2094 1367 45.209124 0.197495 0.097329 4576 
1166283026 8346 19826 4.751018 47 2100 1356 45.455548 0.197152 0.097540 4614 
1166369426 8358 19915 4.765494 47 2087 1368 45.736301 0.196601 0.098346 4651 
1166455826 8382 20012 4.774994 47 2094 1367 45.922691 0.196632 0.098917 4681 
1166542226 8405 20121 4.787864 47 2100 1365 46.207496 0.196381 0.098782 4714 
1166628626 8427 20223 4.799573 47 2097 1374 46.459001 0.195711 0.099809 4748 
1166715026 8455 20365 4.817268 47 2090 1382 46.777765 0.195866 0.100260 4793 
1166801426 8481 20480 4.829619 47 2081 1400 47.015210 0.195119 0.101057 4850 
1166887826 8504 20568 4.837253 47 2092 1402 47.234478 0.195230 0.100866 4873 
1166974226 8516 20633 4.845702 47 2084 1409 47.392673 0.195061 0.100834 4897 
1167060626 8534 20737 4.859855 48 2089 1401 47.684322 0.193851 0.101184 4936 
1167147026 8552 20848 4.875585 48 2089 1403 47.996024 0.193219 0.101400 4972 
1167233426 8566 20912 4.882559 48 2092 1403 48.159468 0.193354 0.101462 4995 
1167319826 8594 21025 4.892949 48 2086 1416 48.328834 0.194069 0.102333 5024 
1167406226 8618 21122 4.901833 48 2096 1406 48.494778 0.194619 0.102180 5052 
1167492626 8635 21217 4.914186 48 2087 1413 48.749045 0.193587 0.103034 5088 
1167579026 8650 21288 4.922081 48 2091 1410 48.926012 0.193120 0.103217 5102 
1167665426 8671 21376 4.930458 49 2092 1410 49.103218 0.192045 0.103878 5138 
1167751826 8689 21484 4.945103 49 2089 1412 49.400852 0.192005 0.104446 5177 
1167838226 8726 21580 4.946138 49 2102 1418 49.495989 0.191458 0.104562 5195 
1167924626 8743 21658 4.954363 49 2109 1416 49.667391 0.190567 0.104977 5220 
1168011026 8769 21769 4.964990 49 2104 1431 49.901471 0.190049 0.105398 5254 
1168097426 8791 21842 4.969173 49 2115 1423 50.006143 0.190351 0.105271 5275 
1168183826 8813 21934 4.977647 49 2126 1413 50.175877 0.191020 0.105011 5303 
1168270226 8844 22043 4.984848 49 2134 1423 50.376753 0.189871 0.104779 5336 
1168356626 8864 22147 4.997067 50 2128 1426 50.613042 0.188931 0.105219 5366 
1168443026 8892 22265 5.007872 50 2133 1429 50.868871 0.188391 0.105291 5400 
1168529426 8920 22366 5.014798 51 2145 1422 51.065919 0.189420 0.105170 5436 
1168615826 8941 22469 5.026060 51 2146 1419 51.318644 0.188356 0.105820 5475 
1168702226 8960 22544 5.032143 52 2150 1422 51.484821 0.188327 0.106066 5495 
1168788626 8980 22625 5.038976 52 2155 1422 51.667483 0.189230 0.106024 5535 
1168875026 9004 22707 5.043758 52 2166 1424 51.813638 0.188799 0.106440 5558 
1168961426 9031 22830 5.055919 52 2168 1427 52.108072 0.188536 0.106879 5605 
1169047826 9068 22940 5.059550 52 2179 1431 52.219894 0.188463 0.106958 5631 
1169134226 9088 23064 5.075704 52 2172 1432 52.560299 0.187252 0.106906 5667 
1169220626 9114 23175 5.085583 53 2180 1436 52.802941 0.187289 0.107348 5701 
1169307026 9139 23270 5.092461 53 2177 1448 52.969690 0.186934 0.107726 5723 
1169393426 9154 23364 5.104654 53 2173 1449 53.231593 0.186335 0.107850 5750 
1169479826 9178 23465 5.113314 53 2177 1457 53.458270 0.185927 0.107750 5780 
1169566226 9208 23573 5.120113 53 2191 1453 53.651390 0.185463 0.107292 5812 
1169652626 9234 23696 5.132337 53 2184 1464 53.869179 0.185585 0.107867 5857 
1169739026 9263 23832 5.145633 54 2187 1467 54.185469 0.184815 0.107714 5893 
1169825426 9290 23938 5.153498 54 2180 1481 54.329817 0.185366 0.108138 5927 
1169911826 9312 24024 5.159794 54 2182 1486 54.468428 0.185410 0.108376 5959 
1169998226 9331 24121 5.170078 54 2175 1500 54.717394 0.184937 0.109149 5984 
1170084626 9356 24241 5.181915 54 2178 1499 54.987602 0.184819 0.109270 6020 
1170171026 9380 24374 5.197015 54 2172 1498 55.347122 0.184358 0.108981 6065 
1170257426 9416 24523 5.208794 54 2176 1502 55.616822 0.183822 0.110276 6114 
1170343826 9437 24670 5.228356 55 2171 1502 56.062944 0.182502 0.110071 6166 
1170430226 9465 24817 5.243951 55 2176 1500 56.441204 0.180942 0.110119 6217 
1170516626 9492 24945 5.256005 55 2174 1501 56.732406 0.180846 0.110080 6257 
1170603026 9511 25053 5.268216 55 2170 1513 57.020503 0.180261 0.110387 6305 
1170689426 9535 25175 5.280545 55 2170 1513 57.312638 0.180777 0.110299 6348 
1170775826 9561 25284 5.288987 55 2178 1520 57.556113 0.181406 0.109701 6375 
1170862226 9597 25411 5.295613 55 2190 1519 57.703241 0.181633 0.110195 6410 
1170948626 9620 25549 5.311642 57 2191 1514 58.076715 0.179234 0.110706 6456 
1171035026 9648 25688 5.325041 57 2191 1517 58.412106 0.179132 0.111465 6503 
1171121426 9679 25801 5.331336 57 2201 1516 58.616386 0.178954 0.111199 6524 
1171207826 9704 25902 5.338417 57 2210 1519 58.816158 0.178132 0.110836 6555 
1171294226 9725 26036 5.354447 57 2212 1518 59.203907 0.177554 0.111513 6615 
1171380626 9752 26188 5.370796 57 2214 1515 59.568704 0.178559 0.111145 6679 
1171467026 9793 26329 5.377106 58 2222 1528 59.815583 0.178113 0.111730 6736 
1171553426 9827 26507 5.394729 58 2221 1527 60.197008 0.177409 0.112771 6803 
1171639826 9854 26606 5.400041 58 2223 1532 60.327786 0.177261 0.112942 6831 
1171726226 9869 26684 5.407640 58 2219 1540 60.503394 0.177235 0.112822 6854 
1171812626 9881 26745 5.413420 58 2220 1541 60.647505 0.176872 0.112956 6874 
1171899026 9892 26805 5.419531 58 2220 1543 60.796603 0.176628 0.112961 6893 
1171985426 9908 26886 5.427130 58 2225 1542 60.987485 0.175969 0.112652 6921 
1172071826 9923 26971 5.436058 59 2226 1540 61.215560 0.175238 0.112659 6947 
1172158226 9952 27105 5.447146 59 2228 1545 61.542805 0.175640 0.113013 6998 
1172244626 9973 27246 5.463953 59 2221 1551 61.945252 0.174992 0.113462 7049 
1172331026 9994 27359 5.475085 59 2218 1554 62.242546 0.174243 0.113734 7100 
1172417426 10016 27464 5.484026 59 2226 1552 62.486422 0.174730 0.113996 7138 
1172503826 10039 27591 5.496763 60 2219 1565 62.802271 0.174459 0.114730 7184 
1172590226 10075 27782 5.515037 61 2223 1567 63.314938 0.172510 0.115347 7248 
1172676626 10105 27941 5.530134 61 2229 1566 63.691638 0.172619 0.115228 7291 
1172763026 10128 28103 5.549566 61 2229 1568 64.189968 0.172930 0.115291 7374 
1172849426 10160 28264 5.563780 61 2233 1569 64.526181 0.172827 0.116080 7439 
1172935826 10174 28341 5.571260 61 2237 1565 64.733831 0.171927 0.116203 7463 
1173022226 10197 28436 5.577327 61 2241 1570 64.934000 0.171962 0.116106 7506 
1173108626 10222 28555 5.586969 61 2242 1579 65.162199 0.171462 0.116208 7549 
1173195026 10254 28742 5.606007 61 2238 1585 65.616735 0.170901 0.116690 7613 
1173281426 10283 28925 5.625790 61 2233 1579 66.048235 0.170397 0.117650 7679 
1173367826 10310 29091 5.643259 61 2230 1583 66.486324 0.169846 0.117537 7742 
1173454226 10335 29232 5.656894 62 2233 1580 66.835027 0.168987 0.117491 7791 
1173540626 10358 29342 5.665573 62 2235 1577 67.065457 0.169660 0.117424 7826 
1173627026 10369 29408 5.672292 62 2236 1574 67.240621 0.169317 0.117498 7853 
1173713426 10384 29511 5.683937 62 2234 1572 67.525424 0.169292 0.118219 7892 
1173799826 10419 29666 5.694596 62 2233 1587 67.806315 0.169680 0.118335 7947 
1173886226 10451 29824 5.707396 62 2233 1590 68.165534 0.168219 0.118971 8009 
1173972626 10473 29987 5.726535 62 2226 1590 68.636303 0.166810 0.119263 8062 
1174059026 10502 30108 5.733765 63 2237 1590 68.899448 0.166793 0.119522 8107 
1174145426 10521 30227 5.746032 64 2235 1593 69.233723 0.165495 0.119030 8142 
1174231826 10539 30330 5.755764 64 2233 1597 69.484961 0.165599 0.118998 8167 
1174318226 10557 30455 5.769632 64 2227 1604 69.845790 0.165146 0.119269 8221 
1174404626 10590 30603 5.779603 65 2236 1607 70.155052 0.165548 0.119307 8272 
1174491026 10621 30752 5.790792 65 2245 1600 70.475285 0.164259 0.119750 8322 
1174577426 10646 30903 5.805561 66 2240 1608 70.848206 0.164016 0.120097 8385 
1174663826 10668 31042 5.819648 66 2231 1618 71.201162 0.164016 0.120274 8440 
1174750226 10689 31142 5.826925 66 2233 1620 71.432314 0.163960 0.120053 8483 
1174836626 10701 31218 5.834595 66 2232 1619 71.631436 0.163541 0.120135 8515 
1174923026 10734 31336 5.838644 66 2248 1617 71.789454 0.163668 0.119764 8548 
1175009426 10766 31474 5.846926 66 2259 1614 72.058146 0.163702 0.119740 8596 
1175095826 10790 31615 5.860056 66 2255 1621 72.386654 0.163840 0.119613 8644 
1175182226 10819 31758 5.870783 66 2263 1626 72.727239 0.163425 0.119570 8702 
1175268626 10847 31866 5.875542 66 2272 1631 72.906057 0.162823 0.119795 8743 
1175355026 10867 31972 5.884237 66 2271 1637 73.180087 0.162811 0.120309 8794 
1175441426 10875 32040 5.892414 66 2264 1637 73.324690 0.162846 0.120437 8819 
1175527826 10893 32151 5.903057 67 2264 1632 73.618471 0.163345 0.120198 8855 
1175614226 10911 32279 5.916781 67 2262 1630 73.959674 0.162446 0.120108 8911 
1175700626 10933 32409 5.928656 68 2258 1637 74.302021 0.162116 0.120561 8958 
1175787026 10952 32529 5.940285 68 2258 1643 74.615961 0.161332 0.120450 8997 
1175873426 10982 32628 5.942087 68 2275 1639 74.748498 0.161214 0.119988 9023 
1175959826 11001 32724 5.949277 68 2276 1648 74.997909 0.160801 0.120254 9063 
1176046226 11025 32821 5.953923 69 2288 1643 75.187846 0.161379 0.120243 9095 
1176132626 11041 32925 5.964134 69 2292 1640 75.461100 0.160826 0.120051 9133 
1176219026 11077 33099 5.976167 69 2300 1647 75.810418 0.160854 0.120406 9208 
1176305426 11109 33303 5.995679 69 2291 1666 76.343505 0.160169 0.120877 9296 
1176391826 11129 33419 6.005751 69 2287 1675 76.631144 0.159732 0.120577 9346 
1176478226 11153 33541 6.014705 69 2288 1681 76.892316 0.159426 0.120140 9383 
1176564626 11167 33640 6.024895 69 2283 1683 77.111489 0.159373 0.120289 9422 
1176651026 11185 33729 6.031113 69 2285 1673 77.267233 0.159552 0.119918 9446 
1176737426 11201 33845 6.043210 69 2282 1667 77.568967 0.158953 0.119936 9484 
1176823826 11227 34024 6.061103 69 2276 1658 78.028859 0.158608 0.120391 9545 
1176910226 11260 34209 6.076199 69 2265 1676 78.427353 0.158243 0.120864 9619 
1176996626 11285 34355 6.088613 69 2263 1678 78.757997 0.157816 0.121149 9670 
1177083026 11321 34518 6.098048 69 2272 1677 79.080823 0.157395 0.121232 9727 
1177169426 11346 34614 6.101534 70 2279 1681 79.233034 0.157060 0.121119 9756 
1177255826 11361 34695 6.107737 71 2286 1678 79.448112 0.156254 0.121105 9786 
1177342226 11378 34816 6.119880 72 2288 1679 79.825101 0.155455 0.120780 9833 
1177428626 11401 34973 6.135076 72 2282 1685 80.218577 0.155051 0.121309 9889 
1177515026 11428 35123 6.146832 72 2276 1693 80.522226 0.155057 0.122043 9952 
1177601426 11457 35284 6.159379 72 2277 1694 80.896570 0.154473 0.122645 10026 
1177687826 11495 35431 6.164593 72 2277 1710 81.079078 0.154533 0.123259 10079 
1177774226 11517 35537 6.171225 72 2276 1713 81.273943 0.154450 0.123855 10116 
1177860626 11532 35629 6.179154 72 2280 1704 81.499480 0.154205 0.123716 10144 
1177947026 11559 35770 6.189117 72 2286 1705 81.816766 0.154287 0.123988 10206 
1178033426 11596 35936 6.197999 72 2294 1712 82.107106 0.154778 0.124599 10267 
1178119826 11623 36074 6.207348 72 2294 1723 82.370816 0.154667 0.125267 10333 
1178206226 11642 36228 6.223673 73 2281 1730 82.780794 0.153937 0.126125 10409 
1178292626 11665 36357 6.233519 73 2282 1733 83.104329 0.153372 0.125964 10463 
1178379026 11685 36494 6.246299 73 2271 1746 83.494908 0.153462 0.126195 10519 
1178465426 11709 36590 6.249893 73 2281 1746 83.663336 0.153354 0.125997 10551 
1178551826 11728 36727 6.263131 73 2278 1743 84.043145 0.152781 0.126614 10608 
1178638226 11750 36913 6.283064 73 2272 1736 84.604596 0.152369 0.127171 10685 
1178724626 11782 37043 6.288067 73 2283 1738 84.753862 0.152787 0.127119 10730 
1178811026 11805 37185 6.299873 73 2286 1730 85.057010 0.152122 0.127230 10790 
1178897426 11835 37331 6.308576 73 2301 1717 85.385044 0.151641 0.127060 10850 
1178983826 11854 37413 6.312300 74 2306 1720 85.559642 0.151496 0.127364 10882 
1179070226 11875 37518 6.318821 75 2306 1726 85.768421 0.151365 0.127588 10918 
1179156626 11901 37666 6.329888 75 2306 1728 86.137467 0.150448 0.127652 10975 
1179243026 11930 37831 6.342163 75 2300 1737 86.490025 0.149542 0.128101 11047 
1179329426 11959 37968 6.349695 75 2308 1741 86.788695 0.149584 0.128152 11108 
1179415826 11986 38104 6.358084 76 2320 1735 87.086267 0.149273 0.128132 11163 
1179502226 12016 38262 6.368509 76 2323 1735 87.409621 0.149016 0.128285 11224 
1179588626 12030 38382 6.381047 77 2319 1738 87.742145 0.148681 0.128523 11279 
1179675026 12044 38464 6.387247 77 2321 1735 87.933245 0.148649 0.128581 11309 
1179761426 12062 38591 6.398773 77 2318 1739 88.264799 0.148630 0.128855 11366 
1179847826 12083 38723 6.409501 78 2316 1748 88.561947 0.148654 0.129369 11424 
1179934226 12104 38863 6.421514 79 2315 1751 88.949769 0.147663 0.129195 11480 
1180020626 12147 39071 6.433029 79 2325 1741 89.345353 0.147899 0.129447 11571 
1180107026 12173 39229 6.445248 79 2318 1745 89.702128 0.147812 0.129507 11639 
1180193426 12191 39339 6.453777 79 2317 1749 89.942088 0.147727 0.129618 11684 
1180279826 12207 39432 6.460555 79 2318 1747 90.156631 0.148053 0.129656 11724 
1180366226 12238 39562 6.465436 79 2324 1755 90.361007 0.147634 0.129334 11769 
1180452626 12259 39709 6.478342 80 2317 1763 90.731707 0.147158 0.129589 11831 
1180539026 12288 39889 6.492350 80 2314 1773 91.145020 0.146897 0.129645 11891 
1180625426 12309 40065 6.509871 81 2311 1773 91.630352 0.146242 0.129419 11962 
1180711826 12337 40213 6.519089 81 2309 1780 91.900786 0.146173 0.130065 12029 
1180798226 12353 40334 6.530236 81 2308 1767 92.238970 0.145413 0.130579 12088 
1180884626 12372 40421 6.534271 81 2311 1771 92.365826 0.145556 0.130518 12115 
1180971026 12392 40526 6.540671 81 2315 1771 92.576178 0.145582 0.130501 12161 
1181057426 12433 40669 6.542106 81 2330 1777 92.709724 0.145469 0.130321 12199 
1181143826 12462 40797 6.547424 81 2341 1781 92.942064 0.145222 0.130472 12245 
1181230226 12497 40938 6.551652 81 2352 1790 93.156278 0.145293 0.130130 12293 
1181316626 12524 41082 6.560524 81 2360 1790 93.431651 0.145216 0.130303 12338 
1181403026 12550 41174 6.561594 81 2375 1787 93.524143 0.145307 0.129971 12364 
1181489426 12576 41283 6.565363 81 2378 1795 93.696883 0.145041 0.129839 12401 
1181575826 12596 41414 6.575738 81 2377 1797 93.968085 0.145303 0.129788 12451 
1181662226 12633 41593 6.584818 81 2385 1806 94.302066 0.145485 0.130009 12522 
1181748626 12668 41751 6.591569 81 2390 1802 94.548784 0.144709 0.130019 12581 
1181835026 12706 41925 6.599244 81 2402 1808 94.829057 0.145104 0.129715 12637 
1181921426 12732 42090 6.611687 82 2407 1799 95.213321 0.144813 0.129817 12700 
1182007826 12749 42213 6.622166 82 2403 1802 95.501608 0.144986 0.130174 12757 
1182094226 12777 42342 6.627847 82 2408 1804 95.734680 0.144969 0.130354 12804 
1182180626 12799 42489 6.639425 82 2401 1805 96.077819 0.144302 0.130391 12868 
1182267026 12824 42639 6.649875 82 2404 1808 96.441360 0.144056 0.130263 12921 
1182353426 12851 42791 6.659560 82 2402 1818 96.776282 0.143758 0.130500 12974 
1182439826 12877 42927 6.667236 82 2398 1829 97.036266 0.143701 0.131101 13034 
1182526226 12919 43108 6.673582 82 2415 1822 97.301494 0.143766 0.130898 13100 
1182612626 12937 43253 6.686713 82 2412 1831 97.743526 0.143213 0.131087 13160 
1182699026 12961 43364 6.691459 82 2415 1833 97.926240 0.143050 0.131302 13202 
1182785426 12999 43514 6.694977 82 2425 1842 98.133856 0.143321 0.131102 13256 
1182871826 13040 43689 6.700767 82 2441 1842 98.387117 0.143539 0.131045 13323 
1182958226 13069 43833 6.707935 82 2443 1845 98.678705 0.142781 0.131001 13368 
1183044626 13106 43981 6.711582 82 2454 1851 98.825118 0.143409 0.130932 13424 
1183131026 13133 44113 6.717886 82 2452 1864 99.078048 0.143276 0.130771 13470 
1183217426 13159 44248 6.725131 82 2460 1865 99.378828 0.143199 0.130986 13522 
1183303826 13173 44345 6.732711 82 2464 1868 99.646246 0.143479 0.130847 13569 
1183390226 13209 44494 6.736922 82 2477 1875 99.902642 0.143516 0.130928 13624 
1183476626 13240 44688 6.750453 83 2469 1891 100.335952 0.143712 0.131557 13715 
1183563026 13278 44832 6.752824 83 2485 1893 100.522669 0.143378 0.131303 13767 
1183649426 13306 44953 6.756801 83 2490 1901 100.694724 0.143461 0.131405 13816 
1183735826 13335 45142 6.770454 83 2494 1903 101.127409 0.143518 0.131498 13898 
1183822226 13352 45270 6.781007 83 2495 1897 101.437837 0.143929 0.131791 13954 
1183908626 13379 45409 6.788101 84 2494 1904 101.680993 0.143636 0.132226 13998 
1183995026 13414 45560 6.792903 84 2511 1904 101.929328 0.144051 0.132005 14061 
1184081426 13456 45733 6.797414 84 2524 1913 102.140161 0.144621 0.131775 14131 
1184167826 13484 45898 6.807772 84 2523 1912 102.385346 0.144583 0.131946 14198 
1184254226 13512 46059 6.817496 84 2534 1912 102.745856 0.144752 0.131491 14263 
1184340626 13536 46224 6.829787 84 2533 1916 103.087027 0.144573 0.132191 14340 
1184427026 13560 46374 6.839823 85 2528 1921 103.368142 0.144495 0.132631 14407 
1184513426 13575 46477 6.847440 86 2526 1912 103.604567 0.144032 0.133109 14446 
1184599826 13603 46673 6.862163 86 2529 1903 104.093656 0.143500 0.132720 14516 
1184686226 13644 46866 6.869833 86 2539 1907 104.376136 0.143526 0.132584 14592 
1184772626 13682 47029 6.874580 86 2553 1905 104.558252 0.143596 0.132157 14655 
1184859026 13721 47216 6.882297 86 2557 1915 104.899934 0.143554 0.132768 14736 
1184945426 13755 47394 6.891167 86 2565 1910 105.199273 0.143767 0.132704 14808 
1185031826 13789 47537 6.894916 86 2575 1921 105.400537 0.143801 0.132580 14864 
1185118226 13818 47654 6.897380 86 2587 1930 105.577073 0.143768 0.132811 14912 
1185204626 13845 47778 6.901842 86 2590 1938 105.765980 0.143288 0.132872 14964 
1185291026 13874 47922 6.908174 86 2602 1938 106.078708 0.142672 0.132523 15019 
1185377426 13907 48081 6.914647 86 2611 1938 106.352772 0.142321 0.132260 15072 
1185463826 13939 48245 6.922304 86 2612 1946 106.595595 0.142709 0.132239 15136 
1185550226 13973 48390 6.926215 86 2624 1945 106.826022 0.142345 0.132292 15193 
1185636626 13998 48535 6.934562 86 2614 1960 107.084298 0.142092 0.132994 15253 
1185723026 14022 48637 6.937241 86 2617 1966 107.248609 0.142085 0.133200 15299 
1185809426 14057 48797 6.942733 86 2619 1970 107.482535 0.142111 0.133071 15359 
1185895826 14091 48975 6.951245 86 2626 1965 107.800014 0.142386 0.132511 15421 
1185982226 14119 49142 6.961116 87 2622 1980 108.126213 0.142611 0.132800 15489 
1186068626 14156 49324 6.968635 87 2635 1979 108.463690 0.142346 0.132847 15561 
1186155026 14198 49500 6.972813 87 2645 1981 108.700380 0.142291 0.133040 15638 
1186241426 14223 49623 6.977853 87 2649 1989 108.871265 0.142467 0.133071 15690 
1186327826 14241 49755 6.987571 88 2647 1983 109.187417 0.142326 0.133101 15755 
1186414226 14281 49933 6.992928 88 2657 1986 109.489812 0.141496 0.133121 15818 
1186500626 14318 50145 7.004470 88 2672 1973 109.917447 0.140532 0.132477 15901 
1186587026 14351 50361 7.018466 89 2667 1973 110.410982 0.140203 0.132164 15981 
1186673426 14387 50583 7.031765 90 2659 1984 110.862028 0.140338 0.132158 16071 
1186759826 14417 50743 7.039329 90 2661 1993 111.128945 0.140268 0.131868 16126 
1186846226 14447 50869 7.042154 90 2671 1996 111.251194 0.140602 0.131790 16177 
1186932626 14467 50986 7.048593 91 2674 1993 111.531624 0.140401 0.131881 16226 
1187019026 14485 51118 7.058060 92 2673 1994 111.822299 0.140369 0.131739 16276 
1187105426 14518 51274 7.063507 92 2677 1999 112.024384 0.140231 0.131897 16347 
1187191826 14547 51447 7.073211 92 2675 2015 112.390871 0.140389 0.132068 16419 
1187278226 14584 51609 7.077482 92 2682 2025 112.617252 0.140326 0.131949 16483 
1187364626 14611 51770 7.086442 92 2685 2020 112.912326 0.140121 0.131971 16553 
1187451026 14630 51916 7.097198 93 2679 2020 113.296377 0.139365 0.132101 16615 
1187537426 14654 52067 7.106183 93 2679 2021 113.578136 0.138971 0.132105 16681 
1187623826 14678 52217 7.115002 93 2677 2031 113.892083 0.139027 0.132141 16744 
1187710226 14708 52399 7.125238 93 2675 2031 114.212945 0.138855 0.132091 16815 
1187796626 14747 52547 7.126466 93 2688 2041 114.377026 0.139013 0.131622 16871 
1187883026 14779 52704 7.132282 93 2687 2052 114.616551 0.138907 0.131567 16919 
1187969426 14823 52875 7.134183 93 2715 2043 114.810632 0.139164 0.131419 16980 
1188055826 14845 53013 7.142203 93 2717 2041 115.104614 0.139152 0.131481 17040 
1188142226 14864 53140 7.150161 93 2713 2046 115.363025 0.138980 0.131118 17088 
1188228626 14892 53329 7.162100 93 2705 2051 115.748858 0.138490 0.131598 17167 
1188315026 14928 53507 7.168676 94 2719 2050 116.034432 0.138705 0.131534 17250 
1188401426 14959 53692 7.178555 94 2724 2043 116.358446 0.138696 0.131816 17326 
1188487826 14984 53863 7.189402 94 2719 2054 116.724773 0.138587 0.132029 17408 
1188574226 15012 54025 7.197575 95 2724 2047 117.089528 0.138045 0.132051 17479 
1188660626 15036 54149 7.202580 95 2725 2058 117.259777 0.137942 0.132242 17519 
1188747026 15055 54253 7.207307 95 2732 2051 117.434075 0.138194 0.132209 17559 
1188833426 15086 54392 7.210924 95 2744 2052 117.642185 0.138004 0.131933 17618 
1188919826 15110 54528 7.217472 95 2744 2060 117.863534 0.138127 0.131907 17667 
1189006226 15141 54711 7.226867 96 2750 2058 118.212403 0.138201 0.131856 17729 
1189092626 15179 54930 7.237631 96 2745 2071 118.627182 0.138153 0.132046 17815 
1189179026 15211 55085 7.242785 96 2755 2075 118.894879 0.138029 0.132387 17884 
1189265426 15243 55213 7.244374 96 2771 2075 119.067375 0.137856 0.131916 17932 
1189351826 15264 55345 7.251703 96 2781 2069 119.336347 0.137776 0.131687 17993 
1189438226 15319 55541 7.251257 96 2805 2071 119.510281 0.137435 0.131396 18067 
1189524626 15345 55704 7.260215 96 2807 2067 119.783122 0.137707 0.131225 18130 
1189611026 15384 55873 7.263781 96 2824 2068 119.982839 0.137743 0.130832 18199 
1189697426 15423 56027 7.265383 97 2835 2075 120.154704 0.137756 0.130740 18252 
1189783826 15449 56169 7.271539 97 2845 2077 120.467085 0.137211 0.130762 18307 
1189870226 15479 56316 7.276439 97 2846 2085 120.646166 0.137440 0.131195 18372 
1189956626 15507 56451 7.280712 97 2850 2090 120.805572 0.137670 0.131291 18429 
1190043026 15544 56616 7.284611 98 2860 2092 121.038343 0.137947 0.131129 18493 
1190129426 15586 56808 7.289619 98 2875 2091 121.328628 0.138581 0.130646 18570 
1190215826 15623 57001 7.297062 99 2866 2107 121.626704 0.138187 0.130459 18630 
1190302226 15679 57222 7.299190 99 2888 2125 121.850373 0.138584 0.130504 18717 
1190388626 15725 57433 7.304674 99 2900 2135 122.141940 0.138919 0.130563 18801 
1190475026 15752 57578 7.310564 99 2911 2135 122.396140 0.138637 0.130428 18861 
1190561426 15788 57698 7.309096 99 2929 2139 122.454016 0.138669 0.130263 18914 
1190647826 15832 57852 7.308236 99 2944 2149 122.550152 0.138651 0.130421 18974 
1190734226 15880 58033 7.308942 99 2971 2147 122.781486 0.137754 0.130615 19036 
1190820626 15928 58212 7.309392 99 2975 2173 122.947765 0.137654 0.131167 19105 
1190907026 15971 58423 7.316135 99 2983 2180 123.269676 0.137796 0.130896 19181 
1190993426 16017 58621 7.319848 99 2993 2189 123.490292 0.137713 0.131525 19265 
1191079826 16053 58741 7.318383 99 3005 2197 123.572790 0.137763 0.131510 19304 
1191166226 16090 58864 7.316843 99 3026 2191 123.612554 0.137865 0.131527 19354 
1191252626 16145 59035 7.313100 100 3061 2189 123.694766 0.137702 0.131105 19416 
1191339026 16195 59260 7.318308 100 3065 2214 124.029762 0.137869 0.131680 19519 
1191425426 16234 59430 7.321671 100 3071 2230 124.286805 0.137542 0.131674 19575 
1191511826 16287 59631 7.322527 101 3087 2233 124.478050 0.137780 0.131611 19653 
1191598226 16329 59813 7.325984 101 3106 2231 124.705616 0.137651 0.131445 19735 
1191684626 16371 59960 7.325148 101 3124 2229 124.788956 0.138088 0.131457 19782 
1191771026 16400 60063 7.324756 101 3134 2239 124.887561 0.138225 0.131487 19821 
1191857426 16433 60248 7.332563 101 3124 2257 125.192600 0.138627 0.131886 19907 
1191943826 16484 60429 7.331837 101 3148 2253 125.341422 0.138121 0.131561 19971 
1192030226 16522 60590 7.334463 102 3163 2257 125.568575 0.137963 0.131406 20037 
1192116626 16568 60773 7.336190 102 3177 2265 125.777885 0.138069 0.131459 20105 
1192203026 16610 60946 7.338471 103 3198 2260 126.006382 0.138052 0.131021 20171 
1192289426 16646 61061 7.336417 103 3215 2267 126.068725 0.138049 0.130945 20215 
1192375826 16671 61172 7.338732 103 3216 2276 126.210425 0.138305 0.131109 20259 
1192462226 16700 61316 7.343234 103 3223 2285 126.444671 0.138709 0.131117 20326 
1192548626 16741 61527 7.350457 104 3232 2298 126.782152 0.138461 0.131475 20414 
1192635026 16783 61719 7.354943 104 3244 2314 127.100161 0.138441 0.131539 20479 
1192721426 16826 61905 7.358255 104 3254 2315 127.291216 0.138609 0.131546 20543 
1192807826 16880 62088 7.356398 104 3284 2315 127.463033 0.138116 0.131280 20612 
1192894226 16903 62201 7.359759 104 3288 2315 127.627048 0.138088 0.131453 20659 
1192980626 16922 62280 7.360832 104 3298 2317 127.735847 0.137982 0.131490 20696 
1193067026 16947 62408 7.365079 104 3301 2317 127.945713 0.137674 0.131509 20745 
1193153426 16978 62596 7.373778 105 3307 2309 128.273766 0.137666 0.131119 20826 
1193239826 17025 62797 7.377034 106 3318 2318 128.509251 0.137872 0.131196 20909 
1193326226 17062 62967 7.380964 106 3324 2326 128.723362 0.138009 0.131660 20982 
1193412626 17108 63144 7.381810 106 3343 2331 128.880173 0.138024 0.131637 21050 
1193499026 17125 63250 7.386861 107 3338 2339 129.080058 0.137825 0.132041 21087 
1193585426 17147 63330 7.386715 107 3342 2347 129.136759 0.137945 0.131954 21116 
1193671826 17173 63429 7.387061 107 3354 2350 129.245211 0.137765 0.132040 21154 
1193758226 17209 63607 7.392295 107 3370 2342 129.521646 0.137810 0.131610 21207 
1193844626 17245 63770 7.395767 107 3375 2361 129.754248 0.138070 0.131977 21276 
1193931026 17278 63896 7.396226 107 3392 2359 129.869314 0.138158 0.131904 21320 
1194017426 17313 64077 7.402183 107 3396 2367 130.128689 0.137947 0.131829 21400 
1194103826 17342 64196 7.403529 107 3407 2373 130.249222 0.138101 0.132012 21449 
1194190226 17364 64313 7.407625 107 3407 2374 130.463372 0.137545 0.131769 21492 
1194276626 17394 64451 7.410716 107 3413 2378 130.622169 0.137551 0.131692 21540 
1194363026 17439 64623 7.411319 107 3431 2386 130.783416 0.137179 0.131315 21598 
1194449426 17477 64791 7.414430 108 3438 2390 130.950392 0.137395 0.131223 21647 
1194535826 17510 64986 7.422730 108 3436 2396 131.287379 0.137277 0.131311 21728 
1194622226 17546 65153 7.426536 108 3448 2396 131.464379 0.137469 0.131185 21791 
1194708626 17580 65296 7.428441 108 3462 2403 131.630717 0.137249 0.131392 21847 
1194795026 17604 65402 7.430357 108 3466 2409 131.762895 0.137299 0.131411 21884 
1194881426 17639 65544 7.431714 108 3476 2417 131.904303 0.136927 0.131126 21926 
1194967826 17682 65749 7.436828 108 3484 2425 132.176903 0.136702 0.131011 22002 
1195054226 17728 65935 7.438515 108 3496 2436 132.350519 0.136779 0.131228 22071 
1195140626 17764 66095 7.441455 108 3508 2432 132.530849 0.136758 0.130941 22128 
1195227026 17800 66261 7.445056 108 3514 2436 132.727079 0.136877 0.131097 22195 
1195313426 17832 66377 7.444706 108 3526 2444 132.797667 0.136963 0.131145 22243 
1195399826 17851 66493 7.449779 108 3526 2451 133.006666 0.136837 0.131303 22289 
1195486226 17882 66631 7.452298 109 3536 2460 133.203892 0.136498 0.131481 22340 
1195572626 17918 66823 7.458757 110 3550 2460 133.498940 0.136518 0.131272 22438 
1195659026 17951 66969 7.461311 110 3564 2462 133.663974 0.136785 0.130733 22494 
1195745426 17968 67072 7.465717 110 3563 2464 133.811776 0.136957 0.130640 22533 
1195831826 17992 67176 7.467319 110 3575 2465 133.958759 0.136921 0.130420 22576 
1195918226 18013 67261 7.468051 110 3578 2476 134.038861 0.137058 0.130826 22613 
1196004626 18031 67373 7.473019 110 3580 2470 134.264433 0.137269 0.130775 22659 
1196091026 18058 67523 7.478458 110 3588 2472 134.590431 0.137249 0.130964 22733 
1196177426 18096 67710 7.483422 110 3596 2486 134.841733 0.136929 0.130999 22804 
1196263826 18137 67883 7.485582 110 3598 2503 134.986271 0.136809 0.131234 22874 
1196350226 18169 68041 7.489790 110 3601 2517 135.236942 0.136599 0.131194 22932 
1196436626 18200 68199 7.494396 111 3608 2518 135.447692 0.136098 0.131255 23003 
1196523026 18226 68308 7.495666 111 3608 2525 135.541315 0.136140 0.131674 23044 
1196609426 18245 68415 7.499589 111 3610 2529 135.724637 0.136039 0.131896 23093 
1196695826 18277 68541 7.500246 111 3620 2541 135.878864 0.135806 0.132047 23141 
1196782226 18298 68716 7.510766 111 3608 2557 136.311072 0.135343 0.132487 23228 
1196868626 18324 68885 7.518555 111 3613 2555 136.650622 0.135198 0.132602 23302 
1196955026 18354 69020 7.520976 112 3623 2549 136.832298 0.134985 0.132475 23351 
1197041426 18390 69188 7.524524 112 3632 2555 137.043393 0.135029 0.132602 23424 
1197127826 18416 69322 7.528454 112 3637 2555 137.217745 0.135160 0.132874 23487 
1197214226 18439 69436 7.531428 112 3644 2558 137.422203 0.135072 0.133029 23541 
1197300626 18466 69548 7.532546 112 3653 2568 137.543919 0.134856 0.133170 23579 
1197387026 18505 69702 7.533315 112 3673 2570 137.694353 0.134886 0.132811 23641 
1197473426 18536 69863 7.538088 112 3676 2580 137.981118 0.134967 0.132746 23706 
1197559826 18569 70011 7.540632 112 3695 2576 138.213151 0.134862 0.132749 23769 
1197646226 18605 70138 7.539694 113 3715 2576 138.352056 0.134978 0.132474 23835 
1197732626 18628 70249 7.542302 113 3719 2577 138.489263 0.134982 0.132463 23878 
1197819026 18645 70335 7.544650 113 3725 2569 138.631483 0.134947 0.132233 23914 
1197905426 18676 70463 7.545834 113 3725 2584 138.751124 0.134926 0.132542 23971 
1197991826 18697 70563 7.548056 113 3731 2587 138.870728 0.134922 0.132529 24008 
1198078226 18741 70710 7.546022 113 3759 2586 138.976789 0.134745 0.132417 24066 
1198164626 18786 70844 7.542212 114 3784 2588 138.981582 0.134893 0.132223 24108 
1198251026 18812 70967 7.544865 114 3786 2604 139.191686 0.134778 0.132345 24158 
1198337426 18844 71088 7.544895 114 3800 2603 139.269688 0.135190 0.132342 24208 
1198423826 18855 71173 7.549509 114 3797 2604 139.450544 0.135059 0.132330 24248 
1198510226 18878 71257 7.549211 114 3804 2611 139.501642 0.135272 0.132463 24287 
1198596626 18892 71354 7.553885 114 3804 2610 139.643659 0.135369 0.132614 24331 
1198683026 18900 71418 7.557460 115 3800 2617 139.772910 0.135196 0.132723 24357 
1198769426 18922 71510 7.558398 115 3806 2613 139.877603 0.135289 0.132531 24391 
1198855826 18942 71631 7.563193 115 3807 2618 140.112237 0.135268 0.132482 24440 
1198942226 18961 71762 7.569432 115 3805 2617 140.356732 0.135583 0.132373 24499 
1199028626 18988 71864 7.569412 116 3819 2618 140.461660 0.135866 0.132330 24549 
1199115026 19015 71997 7.572653 116 3828 2621 140.658428 0.135945 0.132475 24618 
1199201426 19034 72094 7.575286 116 3833 2624 140.809919 0.135945 0.132359 24651 
1199287826 19060 72221 7.578279 116 3832 2631 140.971144 0.136109 0.132448 24704 
1199374226 19094 72337 7.576935 116 3853 2626 141.034042 0.135943 0.132528 24755 
1199460626 19120 72455 7.578975 116 3849 2635 141.149163 0.135968 0.132915 24801 
1199547026 19142 72544 7.579563 116 3858 2639 141.266430 0.135797 0.132905 24834 
1199633426 19170 72648 7.579343 116 3868 2641 141.348565 0.135811 0.132803 24879 
1199719826 19197 72741 7.578372 116 3872 2652 141.389488 0.135989 0.132848 24913 
1199806226 19221 72852 7.580459 116 3885 2643 141.535508 0.135950 0.132718 24959 
1199892626 19238 72954 7.584364 116 3890 2647 141.707870 0.135879 0.132735 25005 
1199979026 19265 73077 7.586504 116 3892 2657 141.869504 0.135803 0.133031 25056 
1200065426 19298 73195 7.585760 116 3904 2663 141.948907 0.135787 0.132993 25099 
1200151826 19329 73309 7.585390 116 3923 2661 142.015935 0.135948 0.132874 25142 
1200238226 19350 73405 7.587080 117 3931 2664 142.181602 0.135667 0.132772 25182 
1200324626 19381 73511 7.585883 117 3941 2671 142.226510 0.135970 0.132998 25220 
1200411026 19405 73650 7.590827 117 3941 2675 142.425148 0.136071 0.133070 25279 
1200497426 19449 73791 7.588154 117 3965 2677 142.455756 0.136297 0.132794 25331 
1200583826 19480 73929 7.590246 117 3974 2680 142.612115 0.136235 0.132523 25391 
1200670226 19511 74070 7.592640 118 3978 2697 142.784481 0.136110 0.132714 25444 
1200756626 19535 74164 7.592936 118 3984 2700 142.819350 0.136379 0.132550 25482 
1200843026 19551 74259 7.596440 118 3985 2703 143.004450 0.136436 0.132466 25523 
1200929426 19573 74379 7.600163 119 3989 2708 143.148317 0.136629 0.132777 25582 
1201015826 19602 74494 7.600653 119 4002 2709 143.227018 0.136783 0.133058 25631 
1201102226 19649 74650 7.598351 119 4026 2713 143.309583 0.136915 0.133019 25696 
1201188626 19682 74791 7.599939 119 4036 2721 143.480236 0.136959 0.132984 25762 
1201275026 19722 74944 7.600041 119 4054 2728 143.601967 0.137160 0.132721 25838 
1201361426 19769 75131 7.600890 119 4073 2729 143.777025 0.137078 0.132731 25911 
1201447826 19806 75306 7.604362 119 4089 2722 144.027668 0.137001 0.132747 25990 
1201534226 19837 75459 7.607904 119 4096 2725 144.211826 0.136845 0.132784 26053 
1201620626 19875 75660 7.613585 119 4102 2730 144.538566 0.136844 0.132675 26136 
1201707026 19919 75819 7.612732 119 4120 2738 144.657563 0.137165 0.132552 26198 
1201793426 19959 75959 7.611504 119 4141 2738 144.752543 0.137494 0.132460 26250 
1201879826 19995 76102 7.612103 119 4156 2744 144.895024 0.137284 0.132272 26311 
1201966226 20017 76201 7.613628 119 4156 2750 145.011640 0.137398 0.132266 26355 
1202052626 20029 76273 7.616256 120 4159 2749 145.164312 0.137088 0.132409 26388 
1202139026 20055 76351 7.614161 120 4169 2753 145.186936 0.136870 0.132685 26420 
1202225426 20077 76454 7.616078 120 4170 2763 145.320217 0.136841 0.132957 26468 
1202311826 20096 76531 7.616541 120 4177 2760 145.377787 0.136845 0.132832 26495 
1202398226 20137 76681 7.615931 120 4190 2771 145.470130 0.136703 0.132955 26562 
1202484626 20181 76833 7.614390 120 4204 2781 145.587037 0.136425 0.132929 26610 
1202571026 20213 77026 7.621432 121 4198 2786 145.891159 0.136035 0.132977 26692 
1202657426 20238 77125 7.621801 121 4212 2786 146.000000 0.135972 0.132870 26730 
1202743826 20272 77277 7.624013 121 4217 2790 146.161800 0.135914 0.132629 26788 
1202830226 20303 77457 7.630104 121 4221 2792 146.470866 0.135965 0.132729 26856 
1202916626 20344 77659 7.634585 121 4229 2799 146.726111 0.135898 0.133138 26954 
1203003026 20383 77833 7.637050 121 4242 2798 146.878772 0.136152 0.133014 27022 
1203089426 20417 77998 7.640496 121 4253 2790 147.063721 0.135930 0.132792 27077 
1203175826 20449 78107 7.639200 121 4271 2790 147.093745 0.136151 0.132687 27118 
1203262226 20470 78214 7.641817 122 4273 2799 147.273473 0.136115 0.132745 27162 
1203348626 20498 78366 7.646209 122 4274 2800 147.472924 0.136085 0.133031 27230 
1203435026 20534 78546 7.650336 122 4264 2819 147.658420 0.136114 0.133071 27285 
1203521426 20569 78721 7.654334 122 4268 2829 147.927075 0.135724 0.133266 27359 
1203607826 20599 78866 7.657265 122 4277 2826 148.090296 0.135762 0.133219 27421 
1203694226 20629 79000 7.659121 122 4289 2830 148.250521 0.135529 0.133333 27479 
1203780626 20660 79129 7.660116 122 4299 2834 148.379864 0.135267 0.133305 27526 
1203867026 20676 79216 7.662604 122 4296 2839 148.467692 0.135300 0.133474 27561 
1203953426 20717 79352 7.660569 122 4308 2853 148.466284 0.135583 0.133351 27615 
1204039826 20756 79522 7.662555 122 4322 2858 148.682020 0.135284 0.133828 27685 
1204126226 20798 79712 7.665352 122 4341 2845 148.863448 0.135258 0.133872 27762 
1204212626 20840 79883 7.666315 122 4345 2866 149.020537 0.135232 0.134279 27828 
1204299026 20891 80046 7.663204 122 4374 2869 149.090900 0.135485 0.134079 27904 
1204385426 20918 80170 7.665169 122 4380 2876 149.236447 0.135608 0.134168 27958 
1204471826 20945 80323 7.669897 122 4381 2884 149.472428 0.135491 0.133918 28020 
1204558226 20969 80442 7.672469 122 4384 2891 149.603987 0.135462 0.134108 28077 
1204644626 21024 80674 7.674467 123 4399 2903 149.841039 0.135229 0.134091 28160 
1204731026 21071 80867 7.675668 125 4406 2923 149.983389 0.135091 0.134577 28229 
1204817426 21112 81061 7.679140 125 4416 2928 150.225180 0.134862 0.134756 28309 
1204903826 21156 81212 7.677444 125 4434 2930 150.282851 0.135203 0.134598 28370 
1204990226 21191 81364 7.679109 125 4443 2933 150.428956 0.135333 0.134247 28421 
1205076626 21231 81491 7.676605 126 4469 2929 150.499458 0.135088 0.134002 28468 
1205163026 21267 81639 7.677529 127 4482 2933 150.652560 0.134976 0.133903 28535 
1205249426 21318 81818 7.675955 127 4508 2941 150.709635 0.135082 0.133640 28601 
1205335826 21363 82001 7.676918 127 4519 2947 150.844357 0.135418 0.134028 28683 
1205422226 21398 82148 7.678101 127 4520 2959 150.970745 0.135572 0.134427 28742 
1205508626 21428 82293 7.680885 127 4523 2961 151.155777 0.135335 0.134270 28799 
1205595026 21455 82398 7.681007 127 4534 2959 151.204847 0.135509 0.134162 28847 
1205681426 21472 82475 7.682098 127 4538 2965 151.281576 0.135631 0.134177 28874 
1205767826 21505 82610 7.682864 127 4549 2967 151.379121 0.135731 0.134075 28928 
1205854226 21559 82809 7.682082 127 4578 2961 151.513428 0.135584 0.133762 29001 
1205940626 21603 82985 7.682729 127 4593 2963 151.663102 0.135550 0.133619 29078 
1206027026 21628 83118 7.686148 127 4589 2979 151.848807 0.135627 0.133912 29128 
1206113426 21665 83262 7.686314 127 4603 2980 151.913224 0.135866 0.133618 29177 
1206199826 21687 83393 7.690598 127 4602 2986 152.151335 0.135393 0.133858 29228 
1206286226 21715 83515 7.691918 127 4609 2985 152.254847 0.135745 0.134022 29289 
1206372626 21736 83624 7.694516 127 4615 2982 152.390044 0.135794 0.133988 29327 
1206459026 21781 83799 7.694688 127 4636 2982 152.512924 0.135784 0.134005 29399 
1206545426 21818 83971 7.697406 127 4641 2992 152.726373 0.135703 0.133942 29468 
1206631826 21859 84146 7.698980 127 4646 3006 152.864541 0.135839 0.133818 29530 
1206718226 21894 84376 7.707682 127 4633 3022 153.209555 0.135863 0.134233 29630 
1206804626 21934 84529 7.707577 127 4647 3022 153.271815 0.136034 0.134142 29687 
1206891026 21972 84675 7.707537 128 4666 3027 153.372292 0.136086 0.133945 29751 
1206977426 22012 84880 7.712157 128 4670 3033 153.656914 0.135816 0.133924 29846 
1207063826 22051 85073 7.716022 128 4667 3054 153.888259 0.136094 0.134293 29922 
1207150226 22113 85302 7.715100 129 4697 3058 154.053362 0.136192 0.134081 30012 
1207236626 22161 85531 7.719056 129 4699 3072 154.300167 0.135932 0.134347 30105 
1207323026 22205 85727 7.721414 130 4707 3087 154.484576 0.136179 0.134676 30192 
1207409426 22251 85916 7.722439 131 4722 3105 154.674846 0.135985 0.134735 30274 
1207495826 22294 86041 7.718758 131 4753 3101 154.745133 0.135845 0.134359 30318 
1207582226 22330 86238 7.723959 131 4752 3120 155.003314 0.135469 0.134540 30398 
1207668626 22368 86439 7.728809 131 4755 3127 155.270029 0.135497 0.134538 30472 
1207755026 22405 86620 7.732203 131 4760 3141 155.506985 0.135581 0.134493 30542 
1207841426 22450 86823 7.734788 131 4771 3151 155.705746 0.135524 0.134417 30615 
1207927826 22507 87031 7.733683 131 4795 3164 155.882170 0.135622 0.134278 30694 
1208014226 22543 87183 7.734818 131 4805 3170 156.008872 0.135611 0.134041 30751 
1208100626 22560 87278 7.737411 132 4810 3171 156.140337 0.135427 0.134030 30790 
1208187026 22598 87431 7.737941 132 4821 3175 156.258784 0.135601 0.133956 30850 
1208273426 22650 87639 7.738543 132 4845 3174 156.402737 0.135880 0.133740 30944 
1208359826 22682 87846 7.745878 132 4842 3180 156.745613 0.135475 0.133920 31042 
1208446226 22725 88075 7.751375 132 4844 3191 157.058746 0.135385 0.134269 31148 
1208532626 22768 88285 7.755183 132 4849 3199 157.289793 0.135406 0.134273 31220 
1208619026 22813 88463 7.755490 132 4861 3207 157.431728 0.135160 0.134599 31286 
1208705426 22829 88550 7.757677 132 4868 3201 157.541460 0.135166 0.134451 31313 
1208791826 22862 88722 7.761526 132 4865 3215 157.797481 0.135027 0.134657 31383 
1208878226 22905 88924 7.764593 132 4867 3225 158.010653 0.135383 0.134652 31467 
1208964626 22950 89127 7.767059 133 4875 3233 158.251765 0.135173 0.134545 31554 
1209051026 23000 89331 7.767913 133 4890 3241 158.478609 0.135208 0.134406 31652 
1209137426 23040 89509 7.769878 134 4900 3248 158.620139 0.135117 0.134322 31712 
1209223826 23066 89608 7.769704 134 4915 3244 158.677534 0.135018 0.134201 31750 
1209310226 23101 89739 7.769274 136 4922 3251 158.774166 0.134732 0.134382 31786 
1209396626 23144 89891 7.767974 136 4931 3273 158.807812 0.134854 0.134780 31842 
1209483026 23197 90104 7.768591 136 4944 3288 158.965297 0.134937 0.134507 31918 
1209569426 23252 90298 7.766902 136 4958 3299 159.036814 0.134933 0.134552 31984 
1209655826 23301 90511 7.768851 136 4976 3298 159.211622 0.135048 0.134211 32056 
1209742226 23344 90736 7.773818 136 4987 3296 159.520648 0.135135 0.134122 32145 
1209828626 23369 90882 7.777996 136 4989 3297 159.714322 0.135051 0.134072 32200 
1209915026 23393 91029 7.782585 136 4996 3303 159.984012 0.135452 0.133988 32275 
1210001426 23435 91219 7.784852 136 5012 3289 160.140303 0.135483 0.134081 32360 
1210087826 23481 91429 7.787488 136 5022 3305 160.347600 0.135439 0.133984 32453 
1210174226 23533 91625 7.786937 136 5029 3329 160.424595 0.135827 0.133887 32520 
1210260626 23574 91822 7.790108 136 5029 3340 160.612454 0.135788 0.133991 32592 
1210347026 23616 91991 7.790566 136 5038 3346 160.711636 0.136172 0.134345 32668 
1210433426 23652 92133 7.790715 136 5055 3349 160.883900 0.136276 0.134350 32726 
1210519826 23677 92280 7.794906 137 5057 3357 161.109769 0.135944 0.134311 32784 
1210606226 23721 92441 7.794022 137 5069 3366 161.203322 0.136057 0.134333 32844 
1210692626 23761 92616 7.795631 137 5075 3380 161.358024 0.135973 0.134504 32909 
1210779026 23819 92838 7.795289 137 5090 3399 161.497460 0.136037 0.134431 32983 
1210865426 23859 93038 7.798986 137 5097 3409 161.736452 0.136126 0.134106 33061 
1210951826 23899 93226 7.801665 138 5108 3412 161.962760 0.136359 0.133985 33137 
1211038226 23937 93361 7.800560 138 5129 3407 162.040607 0.136426 0.133765 33184 
1211124626 23976 93484 7.798131 138 5143 3417 162.081498 0.136314 0.133709 33240 
1211211026 24006 93658 7.802883 138 5129 3428 162.291760 0.136316 0.134205 33313 
1211297426 24062 93852 7.800848 138 5154 3426 162.367135 0.136371 0.134159 33398 
1211383826 24110 94064 7.802903 138 5163 3440 162.550809 0.136379 0.134228 33479 
1211470226 24152 94249 7.804654 138 5169 3454 162.702054 0.136420 0.134337 33543 
1211556626 24200 94447 7.805537 138 5187 3460 162.858760 0.136504 0.134182 33614 
1211643026 24234 94600 7.807213 138 5193 3469 162.974416 0.136534 0.134011 33667 
1211729426 24257 94726 7.810199 138 5202 3473 163.139135 0.136690 0.133975 33721 
1211815826 24285 94845 7.810994 138 5219 3468 163.231624 0.136654 0.133914 33766 
1211902226 24328 95006 7.810424 138 5235 3473 163.294229 0.136796 0.133798 33824 
1211988626 24375 95202 7.811446 139 5249 3471 163.466010 0.136545 0.133970 33889 
1212075026 24416 95400 7.814548 139 5253 3482 163.663745 0.136686 0.133892 33962 
1212161426 24457 95613 7.818866 139 5259 3474 163.887967 0.136669 0.134168 34063 
1212247826 24510 95782 7.815749 139 5278 3482 163.911302 0.136546 0.134229 34126 
1212334226 24537 95899 7.816685 139 5285 3488 164.006032 0.136566 0.134326 34177 
1212420626 24578 96044 7.815445 140 5290 3506 164.108308 0.136173 0.134501 34236 
1212507026 24625 96243 7.816690 141 5294 3531 164.284426 0.135853 0.134620 34316 
1212593426 24673 96454 7.818587 141 5298 3539 164.452154 0.135893 0.134681 34394 
1212679826 24731 96652 7.816263 141 5317 3553 164.556710 0.135502 0.134596 34462 
1212766226 24788 96851 7.814346 141 5335 3570 164.664676 0.135593 0.134604 34535 
1212852626 24836 97026 7.813335 142 5337 3590 164.691979 0.135855 0.134696 34591 
1212939026 24874 97179 7.813701 142 5355 3594 164.806786 0.135740 0.134794 34656 
1213025426 24931 97338 7.808592 142 5395 3590 164.817135 0.135669 0.134585 34717 
1213111826 24975 97509 7.808529 142 5406 3603 164.943343 0.135328 0.134608 34780 
1213198226 25026 97717 7.809238 142 5430 3599 165.047471 0.135553 0.134507 34861 
1213284626 25079 97924 7.809243 142 5451 3603 165.172694 0.135894 0.134314 34941 
1213371026 25127 98109 7.809050 142 5475 3598 165.252597 0.136038 0.134274 35006 
1213457426 25155 98241 7.810853 142 5479 3599 165.382548 0.136068 0.134084 35053 
1213543826 25185 98368 7.811634 142 5489 3605 165.497558 0.136178 0.134105 35108 
1213630226 25249 98573 7.808072 143 5517 3604 165.526318 0.136036 0.134159 35188 
1213716626 25296 98777 7.809693 143 5525 3602 165.686195 0.136047 0.134112 35278 
1213803026 25336 98993 7.814414 143 5528 3610 165.930770 0.135978 0.134116 35370 
1213889426 25376 99185 7.817229 144 5535 3620 166.124921 0.135996 0.134089 35450 
1213975826 25437 99386 7.814286 144 5558 3628 166.159610 0.135988 0.133979 35525 
1214062226 25482 99542 7.812731 144 5585 3626 166.198964 0.136015 0.133816 35579 
1214148626 25512 99689 7.815067 144 5586 3637 166.366259 0.135893 0.133934 35644 
1214235026 25568 99888 7.813517 145 5613 3638 166.415598 0.136031 0.133930 35715 
1214321426 25635 100138 7.812600 145 5622 3666 166.510630 0.136356 0.134097 35819 
1214407826 25689 100344 7.812215 145 5627 3692 166.579236 0.136563 0.134094 35891 
1214494226 25742 100561 7.812990 146 5633 3709 166.708647 0.136691 0.134013 35972 
1214580626 25822 100802 7.807451 146 5673 3722 166.744481 0.136577 0.133820 36049 
1214667026 25881 100974 7.802944 146 5699 3730 166.700978 0.136769 0.133623 36112 
1214753426 25927 101163 7.803680 146 5710 3733 166.817063 0.136774 0.133233 36184 
1214839826 25978 101367 7.804065 146 5721 3742 166.894064 0.137038 0.133150 36264 
1214926226 26044 101605 7.802565 146 5746 3744 166.990938 0.137210 0.132892 36371 
1215012626 26097 101836 7.804422 146 5752 3756 167.124957 0.137542 0.132815 36460 
1215099026 26153 102090 7.807135 146 5752 3772 167.273200 0.137584 0.132896 36545 
1215185426 26203 102259 7.805137 146 5769 3780 167.292905 0.137607 0.133079 36611 
1215271826 26232 102380 7.805733 146 5773 3794 167.371226 0.137640 0.133158 36652 
1215358226 26266 102520 7.806289 146 5781 3802 167.457550 0.137673 0.133050 36702 
1215444626 26321 102734 7.806238 146 5786 3824 167.531781 0.137870 0.132985 36776 
1215531026 26381 102948 7.804708 146 5810 3833 167.620030 0.137710 0.132402 36842 
1215617426 26464 103211 7.800106 146 5843 3844 167.706620 0.137603 0.132155 36939 
1215703826 26538 103456 7.796820 146 5870 3853 167.726505 0.137649 0.131980 37029 
1215790226 26599 103690 7.796534 146 5872 3881 167.804504 0.137604 0.131912 37096 
1215876626 26633 103857 7.799121 146 5873 3889 167.951414 0.137568 0.131932 37158 
1215963026 26672 104026 7.800390 146 5866 3913 168.036593 0.137583 0.132195 37225 
1216049426 26712 104197 7.801512 146 5869 3930 168.160677 0.137726 0.132419 37303 
1216135826 26787 104494 7.801844 148 5884 3952 168.321649 0.137767 0.132579 37425 
1216222226 26848 104747 7.802965 148 5888 3973 168.439437 0.138103 0.132375 37512 
1216308626 26908 104976 7.802587 148 5908 3975 168.521927 0.138360 0.132090 37594 
1216395026 26980 105213 7.799333 148 5935 3990 168.556560 0.138606 0.131946 37670 
1216481426 27014 105382 7.802029 148 5938 3990 168.664026 0.138740 0.131857 37727 
1216567826 27055 105560 7.803364 148 5955 3983 168.772870 0.138752 0.131760 37787 
1216654226 27123 105775 7.799653 148 5980 4001 168.763190 0.138990 0.131827 37863 
1216740626 27210 106070 7.796398 149 6004 4017 168.807277 0.139271 0.131481 37953 
1216827026 27300 106351 7.791282 149 6044 4026 168.764322 0.139539 0.131027 38053 
1216913426 27391 106625 7.785404 150 6087 4027 168.761637 0.139542 0.130857 38136 
1216999826 27463 106863 7.782325 150 6100 4051 168.764155 0.139738 0.131027 38210 
1217086226 27534 107092 7.778892 150 6119 4069 168.770030 0.139822 0.131023 38292 
1217172626 27590 107290 7.777456 150 6125 4087 168.775788 0.140113 0.130771 38357 
1217259026 27651 107505 7.775849 150 6141 4098 168.861813 0.139914 0.130417 38423 
1217345426 27736 107798 7.773147 150 6173 4111 168.938852 0.140113 0.130340 38518 
1217431826 27814 108098 7.772920 150 6185 4143 169.050262 0.140251 0.130129 38620 
1217518226 27896 108396 7.771437 150 6194 4165 169.139948 0.140206 0.130171 38725 
1217604626 27963 108668 7.772271 150 6210 4168 169.324250 0.140324 0.130115 38831 
1217691026 28041 108921 7.768696 151 6245 4170 169.351164 0.140465 0.129872 38920 
1217777426 28096 109130 7.768366 151 6250 4192 169.406819 0.140647 0.129724 38993 
1217863826 28171 109399 7.766781 151 6269 4205 169.483724 0.140879 0.129879 39088 
1217950226 28271 109715 7.761664 151 6300 4237 169.499275 0.141306 0.130137 39198 
1218036626 28366 110061 7.760065 151 6338 4239 169.665515 0.141655 0.130051 39346 
1218123026 28479 110400 7.753081 151 6371 4273 169.584676 0.142013 0.130130 39468 
1218209426 28555 110693 7.752968 151 6395 4283 169.667939 0.142264 0.129789 39590 
1218295826 28599 110917 7.756705 151 6391 4281 169.897409 0.142402 0.129792 39685 
1218382226 28663 111097 7.751945 151 6425 4285 169.827931 0.142586 0.129492 39742 
1218468626 28735 111344 7.749713 151 6427 4308 169.809083 0.142764 0.129498 39814 
1218555026 28827 111638 7.745378 152 6454 4344 169.817948 0.143056 0.129242 39914 
1218641426 28914 111951 7.743723 152 6485 4348 169.932697 0.143091 0.129194 40034 
1218727826 29002 112257 7.741328 153 6518 4359 170.061030 0.143103 0.128794 40142 
1218814226 29073 112547 7.742373 153 6519 4384 170.240223 0.143253 0.128975 40256 
1218900626 29152 112794 7.738337 153 6541 4403 170.212335 0.143455 0.128787 40337 
1218987026 29233 113051 7.734478 153 6571 4413 170.213936 0.143804 0.128532 40417 
1219073426 29306 113378 7.737528 154 6581 4422 170.428035 0.143604 0.128547 40535 
1219159826 29419 113747 7.732894 154 6610 4454 170.445494 0.143914 0.128418 40654 
1219246226 29502 114073 7.733238 154 6617 4481 170.592773 0.144003 0.128352 40774 
1219332626 29600 114418 7.730946 155 6644 4486 170.660135 0.144332 0.128398 40884 
1219419026 29694 114738 7.728026 155 6677 4496 170.730787 0.144508 0.128435 41013 
1219505426 29775 115031 7.726683 155 6680 4521 170.764198 0.144625 0.128347 41102 
1219591826 29843 115265 7.724760 155 6697 4538 170.789063 0.144629 0.128509 41183 
1219678226 29945 115607 7.721289 156 6719 4564 170.803874 0.144973 0.128335 41297 
1219764626 30056 115981 7.717660 156 6754 4572 170.804365 0.145209 0.127888 41414 
1219851026 30143 116323 7.718077 157 6760 4598 170.957503 0.144961 0.128148 41533 
1219937426 30246 116711 7.717450 157 6786 4619 171.123454 0.145118 0.128240 41681 
1220023826 30317 116993 7.717980 158 6800 4626 171.260877 0.145111 0.128228 41779 
1220110226 30395 117233 7.713966 158 6832 4634 171.265011 0.145369 0.127993 41854 
1220196626 30437 117435 7.716595 158 6819 4651 171.419194 0.145444 0.128043 41929 
1220283026 30484 117677 7.720575 159 6797 4684 171.622294 0.145314 0.128491 42020 
1220369426 30526 117874 7.722859 160 6802 4693 171.764529 0.145097 0.128797 42089 
1220455826 30571 118069 7.724248 161 6811 4692 171.928167 0.145202 0.128710 42155 
1220542226 30605 118281 7.729521 161 6803 4695 172.135533 0.145244 0.128563 42245 
1220628626 30650 118500 7.732463 161 6799 4714 172.305644 0.145269 0.128703 42322 
1220715026 30711 118756 7.733776 161 6801 4721 172.375696 0.145444 0.128561 42402 
1220801426 30769 119014 7.735968 161 6798 4735 172.504794 0.145434 0.128617 42505 
1220887826 30850 119307 7.734652 161 6806 4765 172.557147 0.145489 0.128584 42602 
1220974226 30928 119703 7.740753 161 6802 4779 172.862455 0.145727 0.128882 42743 
1221060626 31032 120015 7.734919 161 6846 4786 172.786156 0.145892 0.128414 42836 
1221147026 31110 120312 7.734619 161 6860 4796 172.854388 0.146028 0.128207 42939 
1221233426 31227 120682 7.729337 161 6900 4804 172.804816 0.146570 0.127771 43053 
1221319826 31312 120955 7.725792 161 6917 4827 172.759900 0.146914 0.127743 43137 
1221406226 31373 121239 7.728875 161 6911 4848 172.953623 0.146892 0.128111 43240 
1221492626 31449 121540 7.729340 161 6922 4861 173.050081 0.147152 0.128155 43368 
1221579026 31546 121903 7.728587 161 6937 4878 173.084702 0.147663 0.127837 43489 
1221665426 31681 122396 7.726776 161 6963 4915 173.174332 0.148010 0.127929 43651 
1221751826 31788 122792 7.725683 161 6981 4926 173.244621 0.148268 0.128242 43794 
1221838226 31885 123152 7.724761 161 6998 4939 173.318739 0.148286 0.127951 43906 
1221924626 31977 123458 7.721675 161 7019 4957 173.317447 0.148381 0.128355 44021 
1222011026 32059 123752 7.720266 161 7043 4966 173.385945 0.148430 0.128220 44118 
1222097426 32140 124091 7.721904 161 7056 4977 173.512881 0.148635 0.128102 44250 
1222183826 32240 124462 7.720968 161 7058 5013 173.596526 0.148623 0.128462 44385 
1222270226 32344 124817 7.718093 162 7089 5023 173.655887 0.148478 0.128489 44517 
1222356626 32448 125203 7.717147 162 7102 5059 173.744083 0.148540 0.128602 44648 
1222443026 32541 125535 7.715497 162 7117 5075 173.748502 0.148815 0.128806 44757 
1222529426 32613 125793 7.714286 162 7137 5077 173.782050 0.148886 0.129111 44854 
1222615826 32689 126025 7.710545 163 7155 5093 173.774481 0.148722 0.128960 44921 
1222702226 32786 126364 7.708412 163 7186 5107 173.852864 0.148743 0.128884 45043 
1222788626 32863 126799 7.716824 164 7173 5126 174.261632 0.148494 0.129576 45225 
1222875026 32981 127193 7.713108 164 7196 5153 174.264031 0.148968 0.129306 45371 
1222961426 33064 127618 7.719453 164 7191 5164 174.554319 0.149085 0.129245 45514 
1223047826 33162 128029 7.721428 165 7196 5182 174.705144 0.149374 0.129478 45664 
1223134226 33243 128365 7.722829 165 7193 5211 174.838492 0.149196 0.129818 45786 
1223220626 33303 128645 7.725730 165 7198 5226 175.048014 0.149116 0.129424 45881 
1223307026 33390 128968 7.724948 165 7212 5238 175.123690 0.149107 0.129557 45995 
1223393426 33489 129377 7.726537 165 7234 5251 175.293977 0.149084 0.129554 46138 
1223479826 33619 129844 7.724442 165 7272 5262 175.386835 0.149629 0.129113 46295 
1223566226 33734 130201 7.719274 165 7302 5287 175.352938 0.149745 0.129189 46417 
1223652626 33845 130653 7.720668 165 7309 5318 175.507401 0.149925 0.129212 46579 
1223739026 33927 130969 7.720635 165 7310 5343 175.624252 0.150284 0.129297 46688 
1223825426 33997 131227 7.719916 165 7326 5350 175.674207 0.150286 0.129310 46784 
1223911826 34083 131635 7.724379 166 7317 5372 175.939325 0.150211 0.129489 46934 
1223998226 34201 132156 7.728195 166 7328 5381 176.188649 0.150525 0.129315 47141 
1224084626 34315 132568 7.726534 166 7362 5386 176.270377 0.150872 0.129229 47280 
1224171026 34414 133004 7.729645 167 7377 5401 176.505201 0.151062 0.129452 47449 
1224257426 34542 133511 7.730357 168 7411 5415 176.692085 0.151471 0.129212 47637 
1224343826 34628 133814 7.728659 168 7436 5421 176.735821 0.151537 0.129127 47737 
1224430226 34695 134043 7.726935 168 7460 5427 176.749215 0.151648 0.129113 47817 
1224516626 34790 134446 7.729003 169 7454 5465 176.923426 0.151502 0.129244 47956 
1224603026 34922 134960 7.729225 169 7487 5464 177.056812 0.151847 0.128938 48140 
1224689426 35047 135435 7.728764 169 7518 5477 177.183668 0.152000 0.128900 48299 
1224775826 35173 135936 7.729565 169 7530 5501 177.313166 0.152241 0.128880 48464 
1224862226 35288 136408 7.731127 169 7556 5498 177.498640 0.152180 0.128633 48618 
1224948626 35369 136747 7.732591 169 7576 5488 177.623116 0.152175 0.128513 48737 
1225035026 35431 136996 7.733115 169 7569 5517 177.680619 0.152346 0.128502 48812 
1225121426 35526 137326 7.731014 169 7601 5516 177.711535 0.152687 0.128582 48934 
1225207826 35642 137781 7.731384 169 7617 5533 177.810112 0.152959 0.128482 49093 
1225294226 35757 138206 7.730291 169 7636 5565 177.866879 0.153250 0.128480 49230 
1225380626 35864 138648 7.731876 169 7657 5570 178.010094 0.153404 0.128402 49392 
1225467026 35985 139069 7.729276 169 7697 5577 178.007948 0.153701 0.128184 49533 
1225553426 36050 139357 7.731318 169 7707 5583 178.127046 0.154050 0.128424 49647 
1225639826 36122 139631 7.731078 169 7717 5595 178.136703 0.154365 0.128571 49736 
1225726226 36204 139990 7.733400 169 7725 5629 178.329135 0.154483 0.128717 49880 
1225812626 36328 140483 7.734144 169 7750 5626 178.472748 0.154596 0.128661 50061 
1225899026 36446 140882 7.730999 170 7786 5643 178.494101 0.154681 0.128459 50175 
1225985426 36561 141356 7.732611 170 7796 5675 178.663932 0.154758 0.128669 50369 
1226071826 36700 141833 7.729319 170 7818 5695 178.614932 0.155302 0.128425 50515 
1226158226 36793 142252 7.732558 170 7829 5713 178.832387 0.155460 0.128241 50681 
1226244626 36865 142575 7.734979 170 7823 5726 178.985433 0.155545 0.128368 50802 
1226331026 36978 143133 7.741522 172 7808 5763 179.345719 0.155598 0.128673 51008 
1226417426 37120 143731 7.744127 172 7830 5765 179.591325 0.155433 0.128768 51219 
1226503826 37265 144286 7.743781 172 7855 5788 179.725748 0.155397 0.128777 51417 
1226590226 37431 144862 7.740215 172 7890 5828 179.707088 0.155671 0.128683 51600 
1226676626 37601 145461 7.737081 172 7917 5847 179.678892 0.156172 0.128093 51754 
1226763026 37707 145933 7.740367 172 7920 5866 179.868088 0.156400 0.128181 51917 
1226849426 37792 146339 7.744443 172 7913 5896 180.062130 0.156604 0.128240 52071 
1226935826 37912 146808 7.744672 173 7927 5923 180.175564 0.156599 0.128208 52243 
1227022226 38063 147392 7.744634 173 7945 5950 180.334708 0.157060 0.128244 52441 
1227108626 38192 147926 7.746439 173 7962 5968 180.460463 0.157545 0.127987 52615 
1227195026 38332 148473 7.746687 173 7982 5996 180.612491 0.157899 0.127621 52790 
1227281426 38481 149030 7.745641 174 8029 6006 180.742912 0.157853 0.127199 52959 
1227367826 38596 149436 7.743600 174 8058 6018 180.759198 0.157887 0.126801 53068 
1227454226 38683 149804 7.745211 174 8072 6020 180.887263 0.158118 0.126572 53179 
1227540626 38809 150288 7.745008 174 8082 6044 180.976629 0.158443 0.126677 53345 
1227627026 38960 150833 7.742967 174 8125 6053 181.021612 0.158676 0.126705 53536 
1227713426 39069 151351 7.747882 174 8101 6093 181.193632 0.159022 0.126703 53703 
1227799826 39180 151780 7.747831 174 8124 6096 181.295916 0.159072 0.126511 53838 
1227886226 39285 152168 7.746875 174 8149 6099 181.322540 0.159417 0.126377 53966 
1227972626 39380 152549 7.747537 174 8163 6111 181.412697 0.159585 0.126458 54096 
1228059026 39497 152969 7.745854 174 8186 6124 181.453731 0.159794 0.126379 54227 
1228145426 39605 153443 7.748668 174 8191 6149 181.609241 0.159804 0.126421 54394 
1228231826 39742 154005 7.750239 175 8208 6170 181.775150 0.159990 0.126682 54592 
1228318226 39882 154594 7.752570 177 8215 6211 181.977082 0.160042 0.126881 54801 
1228404626 40023 155238 7.757439 178 8197 6261 182.186043 0.160372 0.127052 55020 
1228491026 40193 155885 7.756823 179 8212 6277 182.230438 0.160779 0.127184 55249 
1228577426 40294 156382 7.762049 179 8196 6312 182.490544 0.160819 0.127255 55421 
1228663826 40387 156818 7.765766 180 8190 6334 182.699483 0.160660 0.127438 55583 
1228750226 40517 157355 7.767357 180 8214 6352 182.849372 0.161004 0.127542 55785 
1228836626 40676 158042 7.770774 181 8230 6356 183.023306 0.161292 0.127569 56012 
1228923026 40811 158583 7.771581 181 8261 6357 183.188062 0.161484 0.127200 56197 
1229009426 40947 159151 7.773512 182 8287 6372 183.356534 0.161629 0.127116 56413 
1229095826 41096 159777 7.775793 183 8300 6404 183.537327 0.161995 0.126955 56622 
1229182226 41215 160212 7.774451 183 8314 6430 183.552396 0.162111 0.127129 56755 
1229268626 41323 160617 7.773734 183 8328 6450 183.600997 0.162195 0.126874 56887 
1229355026 41447 161131 7.775279 183 8352 6457 183.710667 0.162505 0.126745 57070 
1229441426 41614 161783 7.775412 183 8391 6462 183.851540 0.162700 0.126777 57286 
1229527826 41773 162459 7.778182 184 8411 6495 184.123285 0.162673 0.126946 57547 
1229614226 41929 163074 7.778578 184 8442 6502 184.264304 0.162764 0.126828 57750 
1229700626 42083 163661 7.778010 185 8467 6534 184.303068 0.163030 0.126688 57932 
1229787026 42198 164195 7.782122 185 8469 6551 184.521920 0.163188 0.126695 58112 
1229873426 42297 164669 7.786321 185 8461 6576 184.763837 0.163168 0.126671 58271 
1229959826 42434 165331 7.792383 185 8473 6573 185.038790 0.163215 0.126722 58504 
1230046226 42571 165986 7.798079 185 8490 6559 185.327429 0.163498 0.126705 58747 
1230132626 42698 166555 7.801536 185 8497 6591 185.598061 0.163282 0.126801 58940 
1230219026 42801 167020 7.804491 185 8498 6610 185.774211 0.163489 0.126894 59089 
1230305426 42903 167401 7.803697 185 8517 6622 185.804070 0.163669 0.126980 59208 
1230391826 43027 167861 7.802589 185 8557 6623 185.866874 0.163622 0.126727 59352 
1230478226 43133 168335 7.805393 185 8561 6646 186.038115 0.163680 0.126588 59518 
1230564626 43285 168936 7.805753 185 8587 6664 186.194155 0.163800 0.126464 59738 
1230651026 43476 169634 7.803570 185 8641 6686 186.253933 0.164174 0.125967 59958 
1230737426 43664 170318 7.801301 185 8707 6695 186.330982 0.164379 0.125610 60185 
1230823826 43814 170851 7.798923 186 8746 6709 186.378920 0.164527 0.125473 60361 
1230910226 43962 171459 7.800328 186 8761 6736 186.485692 0.164726 0.125293 60551 
1230996626 44108 172017 7.799810 186 8793 6759 186.588827 0.164787 0.125339 60751 
1231083026 44201 172561 7.808013 186 8773 6770 186.920975 0.165050 0.125460 60971 
1231169426 44338 173171 7.811403 186 8786 6784 187.083315 0.165250 0.125420 61170 
1231255826 44466 173926 7.822876 186 8733 6846 187.491836 0.165664 0.125633 61420 
1231342226 44578 174686 7.837319 186 8685 6855 188.000673 0.165920 0.125681 61685 
1231428626 44680 175398 7.851298 187 8633 6877 188.542435 0.165581 0.125930 61952 
1231515026 44781 176084 7.864228 188 8598 6873 189.048838 0.165427 0.125892 62208 
1231601426 44857 176673 7.877165 188 8544 6913 189.535546 0.165632 0.126097 62442 
1231687826 44937 177177 7.885573 188 8511 6950 189.849256 0.165890 0.126231 62615 
1231774226 45025 177774 7.896680 188 8488 6954 190.275625 0.165793 0.126543 62833 
1231860626 45130 178466 7.908974 188 8457 6969 190.840505 0.165537 0.126721 63095 
1231947026 45227 179157 7.922568 188 8424 6960 191.375992 0.165691 0.126714 63344 
1232033426 45335 179798 7.931973 188 8392 6990 191.690658 0.165901 0.126647 63549 
1232119826 45416 180433 7.945790 188 8346 7011 192.268936 0.165683 0.126927 63793 
1232206226 45501 181010 7.956309 189 8299 7048 192.671809 0.165657 0.127013 64018 
1232292626 45573 181549 7.967393 191 8250 7086 193.121848 0.165521 0.127461 64223 
1232379026 45633 182078 7.980102 191 8201 7098 193.557995 0.165582 0.127543 64435 
1232465426 45711 182714 7.994312 192 8159 7105 194.076305 0.165545 0.127567 64679 
1232551826 45792 183272 8.004542 192 8141 7091 194.531447 0.165476 0.127735 64900 
1232638226 45812 183401 8.006679 192 8132 7104 194.604994 0.165504 0.127817 64945 
