1165073426 0 0 0.000000 0 0 0 0.000000 0.000000 0.000000 0 
1165159826 7999 18411 4.603325 46 2057 1321 42.183273 0.207823 0.091329 4155 
1165246226 8025 18512 4.613583 46 2066 1318 42.379065 0.207994 0.091692 4193 
1165332626 8056 18639 4.627358 47 2069 1316 42.646971 0.207224 0.091936 4228 
1165419026 8089 18782 4.643837 47 2071 1319 42.986030 0.206874 0.093219 4283 
1165505426 8111 18892 4.658365 47 2063 1333 43.270867 0.206256 0.094304 4329 
1165591826 8142 18998 4.666667 47 2078 1334 43.538443 0.205943 0.094116 4361 
1165678226 8160 19096 4.680392 47 2077 1333 43.832598 0.206084 0.094363 4402 
1165764626 8180 19167 4.686308 47 2080 1338 43.991932 0.205511 0.094128 4419 
1165851026 8209 19263 4.693142 47 2090 1342 44.185406 0.205180 0.094229 4451 
1165937426 8236 19381 4.706411 47 2091 1348 44.463089 0.205442 0.094481 4488 
1166023826 8277 19493 4.710161 47 2112 1351 44.624139 0.204865 0.094701 4530 
1166110226 8304 19624 4.726397 48 2107 1361 44.926060 0.204226 0.095189 4569 
1166196626 8330 19736 4.738535 48 2108 1358 45.156783 0.203687 0.095527 4600 
1166283026 8346 19826 4.751018 48 2105 1359 45.393003 0.203875 0.096064 4625 
1166369426 8358 19915 4.765494 48 2094 1370 45.675999 0.204468 0.096794 4657 
1166455826 8382 20012 4.774994 48 2094 1372 45.865665 0.203872 0.097162 4690 
1166542226 8405 20121 4.787864 49 2098 1371 46.162522 0.203411 0.097197 4723 
1166628626 8427 20223 4.799573 49 2101 1369 46.431233 0.203323 0.097529 4758 
1166715026 8455 20365 4.817268 49 2099 1375 46.781076 0.203118 0.097546 4804 
1166801426 8481 20480 4.829619 49 2104 1370 47.089966 0.202379 0.097936 4842 
1166887826 8504 20568 4.837253 49 2106 1378 47.300564 0.200656 0.099332 4870 
1166974226 8516 20633 4.845702 49 2107 1383 47.502349 0.199624 0.099629 4896 
1167060626 8534 20737 4.859855 49 2101 1389 47.769862 0.199653 0.100271 4921 
1167147026 8552 20848 4.875585 50 2098 1387 48.062208 0.198863 0.100796 4967 
1167233426 8566 20912 4.882559 50 2097 1394 48.212001 0.198536 0.101195 4990 
1167319826 8594 21025 4.892949 50 2102 1392 48.433558 0.198856 0.100886 5011 
1167406226 8618 21122 4.901833 50 2105 1400 48.640520 0.197991 0.100560 5034 
1167492626 8635 21217 4.914186 50 2106 1399 48.919050 0.198166 0.100959 5079 
1167579026 8650 21288 4.922081 50 2105 1404 49.055954 0.197906 0.101210 5108 
1167665426 8671 21376 4.930458 50 2110 1403 49.238611 0.197329 0.101516 5139 
1167751826 8689 21484 4.945103 50 2104 1405 49.552077 0.196793 0.102128 5175 
1167838226 8726 21580 4.946138 50 2127 1399 49.666972 0.196504 0.101810 5202 
1167924626 8743 21658 4.954363 50 2124 1404 49.859087 0.195266 0.101879 5225 
1168011026 8769 21769 4.964990 51 2123 1410 50.106283 0.193426 0.101918 5251 
1168097426 8791 21842 4.969173 52 2135 1408 50.239108 0.192909 0.102331 5279 
1168183826 8813 21934 4.977647 52 2141 1412 50.479746 0.192585 0.102727 5309 
1168270226 8844 22043 4.984848 52 2148 1422 50.643148 0.193160 0.102656 5340 
1168356626 8864 22147 4.997067 52 2148 1411 50.925090 0.191815 0.103804 5381 
1168443026 8892 22265 5.007872 52 2152 1415 51.175439 0.192718 0.104472 5428 
1168529426 8920 22366 5.014798 53 2162 1410 51.308969 0.192197 0.104228 5458 
1168615826 8941 22469 5.026060 53 2156 1422 51.527346 0.191673 0.105082 5497 
1168702226 8960 22544 5.032143 53 2162 1425 51.712500 0.191406 0.105110 5521 
1168788626 8980 22625 5.038976 53 2165 1428 51.869488 0.191725 0.105518 5545 
1168875026 9004 22707 5.043758 53 2177 1418 51.986006 0.191222 0.105714 5576 
1168961426 9031 22830 5.055919 53 2179 1420 52.262208 0.191032 0.105891 5617 
1169047826 9068 22940 5.059550 53 2189 1427 52.399647 0.190588 0.106630 5651 
1169134226 9088 23064 5.075704 53 2188 1428 52.743838 0.190066 0.106924 5693 
1169220626 9114 23175 5.085583 53 2191 1433 53.015580 0.189559 0.107453 5735 
1169307026 9139 23270 5.092461 53 2197 1435 53.192034 0.188501 0.107769 5762 
1169393426 9154 23364 5.104654 53 2194 1430 53.417741 0.189024 0.107426 5796 
1169479826 9178 23465 5.113314 53 2196 1437 53.628024 0.188754 0.107697 5836 
1169566226 9208 23573 5.120113 53 2201 1443 53.807993 0.188401 0.108010 5866 
1169652626 9234 23696 5.132337 53 2196 1459 54.110245 0.187215 0.108840 5927 
1169739026 9263 23832 5.145633 53 2198 1459 54.402245 0.186633 0.109055 5978 
1169825426 9290 23938 5.153498 53 2208 1463 54.634446 0.185441 0.109196 6006 
1169911826 9312 24024 5.159794 53 2212 1468 54.829682 0.185411 0.109709 6036 
1169998226 9331 24121 5.170078 53 2216 1462 55.034401 0.185397 0.109655 6066 
1170084626 9356 24241 5.181915 53 2203 1487 55.292860 0.184114 0.110466 6108 
1170171026 9380 24374 5.197015 53 2203 1480 55.571429 0.183784 0.111306 6153 
1170257426 9416 24523 5.208794 53 2212 1486 55.885726 0.182127 0.111129 6192 
1170343826 9437 24670 5.228356 53 2209 1480 56.329978 0.179985 0.111025 6240 
1170430226 9465 24817 5.243951 53 2211 1478 56.720761 0.179356 0.111377 6296 
1170516626 9492 24945 5.256005 53 2216 1485 57.022756 0.180126 0.111426 6345 
1170603026 9511 25053 5.268216 53 2219 1483 57.264431 0.179883 0.111452 6376 
1170689426 9535 25175 5.280545 53 2219 1490 57.557420 0.180244 0.111792 6426 
1170775826 9561 25284 5.288987 53 2217 1497 57.762786 0.181050 0.111350 6457 
1170862226 9597 25411 5.295613 54 2223 1510 57.968740 0.181011 0.111250 6506 
1170948626 9620 25549 5.311642 54 2220 1512 58.347401 0.179901 0.111607 6555 
1171035026 9648 25688 5.325041 54 2221 1519 58.693823 0.178686 0.112536 6609 
1171121426 9679 25801 5.331336 54 2229 1530 58.873851 0.178333 0.112469 6637 
1171207826 9704 25902 5.338417 54 2229 1545 59.085532 0.178976 0.112446 6673 
1171294226 9725 26036 5.354447 54 2219 1551 59.420051 0.178890 0.112945 6727 
1171380626 9752 26188 5.370796 55 2223 1553 59.813577 0.178381 0.113221 6790 
1171467026 9793 26329 5.377106 55 2244 1538 60.018176 0.178351 0.113440 6835 
1171553426 9827 26507 5.394729 55 2248 1537 60.504935 0.177349 0.114319 6909 
1171639826 9854 26606 5.400041 55 2254 1545 60.648874 0.177037 0.114687 6939 
1171726226 9869 26684 5.407640 55 2252 1545 60.825818 0.176872 0.115232 6967 
1171812626 9881 26745 5.413420 55 2254 1547 60.983909 0.177135 0.115151 6992 
1171899026 9892 26805 5.419531 55 2253 1548 61.122119 0.176806 0.115116 7008 
1171985426 9908 26886 5.427130 55 2259 1541 61.288656 0.176500 0.115136 7034 
1172071826 9923 26971 5.436058 56 2260 1538 61.504384 0.175976 0.115066 7062 
1172158226 9952 27105 5.447146 56 2260 1547 61.812701 0.175306 0.115723 7116 
1172244626 9973 27246 5.463953 56 2242 1565 62.181089 0.174683 0.116355 7162 
1172331026 9994 27359 5.475085 56 2244 1565 62.426256 0.174688 0.115654 7199 
1172417426 10016 27464 5.484026 56 2249 1566 62.664936 0.174343 0.115366 7234 
1172503826 10039 27591 5.496763 56 2248 1574 62.967825 0.174112 0.115599 7281 
1172590226 10075 27782 5.515037 56 2244 1579 63.396526 0.174637 0.116603 7364 
1172676626 10105 27941 5.530134 56 2242 1594 63.781098 0.174670 0.117276 7423 
1172763026 10128 28103 5.549566 56 2241 1589 64.213073 0.173445 0.117501 7483 
1172849426 10160 28264 5.563780 56 2242 1597 64.576181 0.174268 0.117971 7538 
1172935826 10174 28341 5.571260 56 2238 1603 64.749558 0.173389 0.118560 7571 
1173022226 10197 28436 5.577327 56 2250 1601 64.939296 0.173124 0.118451 7607 
1173108626 10222 28555 5.586969 56 2254 1603 65.232440 0.173242 0.118770 7654 
1173195026 10254 28742 5.606007 56 2250 1613 65.689097 0.172907 0.119832 7724 
1173281426 10283 28925 5.625790 57 2246 1609 66.132841 0.173429 0.120389 7802 
1173367826 10310 29091 5.643259 57 2235 1622 66.544714 0.172794 0.121154 7871 
1173454226 10335 29232 5.656894 57 2240 1624 66.923464 0.171920 0.121465 7926 
1173540626 10358 29342 5.665573 57 2234 1635 67.127052 0.172245 0.121890 7963 
1173627026 10369 29408 5.672292 57 2235 1635 67.296750 0.172356 0.122161 7995 
1173713426 10384 29511 5.683937 57 2229 1636 67.548921 0.172165 0.122221 8040 
1173799826 10419 29666 5.694596 58 2239 1637 67.810538 0.172489 0.122265 8098 
1173886226 10451 29824 5.707396 58 2237 1648 68.128792 0.173191 0.122344 8157 
1173972626 10473 29987 5.726535 58 2223 1661 68.540246 0.173086 0.122832 8216 
1174059026 10502 30108 5.733765 59 2232 1659 68.768806 0.172445 0.123441 8263 
1174145426 10521 30227 5.746032 59 2237 1650 69.109780 0.172350 0.123798 8309 
1174231826 10539 30330 5.755764 60 2236 1643 69.334852 0.171863 0.123953 8336 
1174318226 10557 30455 5.769632 60 2231 1641 69.690821 0.171009 0.124540 8392 
1174404626 10590 30603 5.779603 60 2241 1636 69.988480 0.171387 0.124567 8445 
1174491026 10621 30752 5.790792 60 2239 1644 70.279446 0.172128 0.125051 8499 
1174577426 10646 30903 5.805561 60 2231 1652 70.667293 0.171152 0.125233 8574 
1174663826 10668 31042 5.819648 60 2227 1651 71.014436 0.171241 0.125509 8622 
1174750226 10689 31142 5.826925 60 2229 1658 71.274020 0.170934 0.125549 8658 
1174836626 10701 31218 5.834595 60 2230 1655 71.477432 0.170966 0.125433 8680 
1174923026 10734 31336 5.838644 60 2243 1656 71.649525 0.171292 0.125138 8716 
1175009426 10766 31474 5.846926 60 2252 1658 71.952257 0.170569 0.125735 8766 
1175095826 10790 31615 5.860056 60 2254 1658 72.356070 0.169981 0.125760 8828 
1175182226 10819 31758 5.870783 60 2263 1657 72.672705 0.169699 0.125766 8880 
1175268626 10847 31866 5.875542 60 2272 1661 72.851480 0.169829 0.125559 8918 
1175355026 10867 31972 5.884237 60 2268 1672 73.082175 0.169245 0.126052 8963 
1175441426 10875 32040 5.892414 60 2262 1678 73.262529 0.168679 0.126272 8983 
1175527826 10893 32151 5.903057 60 2253 1686 73.485725 0.168257 0.126805 9029 
1175614226 10911 32279 5.916781 60 2245 1689 73.829896 0.168108 0.126872 9066 
1175700626 10933 32409 5.928656 60 2243 1695 74.181469 0.167283 0.127166 9112 
1175787026 10952 32529 5.940285 61 2243 1699 74.517531 0.166234 0.128126 9157 
1175873426 10982 32628 5.942087 61 2256 1701 74.646877 0.165520 0.127971 9186 
1175959826 11001 32724 5.949277 61 2250 1709 74.834288 0.164732 0.128041 9217 
1176046226 11025 32821 5.953923 61 2260 1706 75.014240 0.164958 0.128405 9265 
1176132626 11041 32925 5.964134 61 2260 1705 75.262205 0.164490 0.128648 9300 
1176219026 11077 33099 5.976167 61 2264 1715 75.660738 0.163982 0.129141 9373 
1176305426 11109 33303 5.995679 61 2259 1707 76.171753 0.162995 0.129177 9453 
1176391826 11129 33419 6.005751 61 2259 1694 76.433462 0.163106 0.129453 9499 
1176478226 11153 33541 6.014705 62 2260 1698 76.681969 0.162098 0.129257 9532 
1176564626 11167 33640 6.024895 63 2255 1703 76.957643 0.161348 0.129190 9569 
1176651026 11185 33729 6.031113 63 2257 1707 77.173536 0.161186 0.129111 9597 
1176737426 11201 33845 6.043210 63 2248 1715 77.502009 0.160944 0.129395 9644 
1176823826 11227 34024 6.061103 64 2240 1716 77.978445 0.160818 0.129650 9716 
1176910226 11260 34209 6.076199 64 2239 1719 78.472824 0.159757 0.129855 9794 
1176996626 11285 34355 6.088613 64 2244 1724 78.829242 0.159713 0.130493 9858 
1177083026 11321 34518 6.098048 64 2253 1731 79.128699 0.160090 0.130515 9911 
1177169426 11346 34614 6.101534 64 2256 1736 79.231447 0.160473 0.130635 9948 
1177255826 11361 34695 6.107737 64 2258 1737 79.428043 0.160426 0.130309 9978 
1177342226 11378 34816 6.119880 64 2258 1733 79.781157 0.159272 0.130831 10025 
1177428626 11401 34973 6.135076 64 2246 1744 80.182265 0.159441 0.131006 10092 
1177515026 11428 35123 6.146832 64 2247 1747 80.507525 0.159531 0.130633 10154 
1177601426 11457 35284 6.159379 65 2252 1746 80.853976 0.159854 0.130028 10226 
1177687826 11495 35431 6.164593 65 2263 1746 81.076642 0.159126 0.130062 10282 
1177774226 11517 35537 6.171225 65 2266 1752 81.291135 0.158807 0.129744 10315 
1177860626 11532 35629 6.179154 65 2274 1747 81.506590 0.158835 0.129269 10353 
1177947026 11559 35770 6.189117 65 2279 1746 81.762436 0.158631 0.129780 10416 
1178033426 11596 35936 6.197999 65 2283 1750 82.057089 0.158772 0.130047 10476 
1178119826 11623 36074 6.207348 65 2284 1752 82.308010 0.158854 0.129778 10534 
1178206226 11642 36228 6.223673 65 2270 1762 82.706923 0.159172 0.129896 10593 
1178292626 11665 36357 6.233519 65 2271 1761 82.994599 0.158546 0.130701 10650 
1178379026 11685 36494 6.246299 67 2262 1772 83.337783 0.158120 0.130760 10714 
1178465426 11709 36590 6.249893 67 2271 1776 83.520369 0.157711 0.130838 10755 
1178551826 11728 36727 6.263131 68 2270 1774 83.843963 0.157725 0.130940 10813 
1178638226 11750 36913 6.283064 68 2261 1769 84.375149 0.156599 0.131916 10904 
1178724626 11782 37043 6.288067 68 2273 1767 84.586658 0.156844 0.131899 10959 
1178811026 11805 37185 6.299873 69 2267 1778 84.959255 0.156063 0.131496 11009 
1178897426 11835 37331 6.308576 69 2275 1777 85.253908 0.156519 0.131610 11068 
1178983826 11854 37413 6.312300 69 2281 1779 85.398684 0.156771 0.131424 11101 
1179070226 11875 37518 6.318821 70 2285 1788 85.672926 0.156717 0.131421 11139 
1179156626 11901 37666 6.329888 70 2292 1783 86.025208 0.156592 0.131236 11198 
1179243026 11930 37831 6.342163 70 2300 1771 86.369656 0.156519 0.131491 11266 
1179329426 11959 37968 6.349695 70 2304 1763 86.558073 0.156303 0.131164 11307 
1179415826 11986 38104 6.358084 70 2305 1768 86.823961 0.155614 0.130882 11359 
1179502226 12016 38262 6.368509 70 2305 1770 87.119507 0.154887 0.130954 11429 
1179588626 12030 38382 6.381047 70 2295 1776 87.445719 0.154658 0.131179 11475 
1179675026 12044 38464 6.387247 70 2289 1786 87.624211 0.154755 0.131299 11504 
1179761426 12062 38591 6.398773 70 2294 1780 87.975460 0.155201 0.131070 11569 
1179847826 12083 38723 6.409501 70 2287 1786 88.298436 0.155249 0.131635 11628 
1179934226 12104 38863 6.421514 70 2281 1792 88.625413 0.155411 0.132050 11696 
1180020626 12147 39071 6.433029 70 2282 1806 89.043550 0.154482 0.132220 11776 
1180107026 12173 39229 6.445248 70 2274 1810 89.389140 0.153944 0.132747 11835 
1180193426 12191 39339 6.453777 70 2279 1803 89.650726 0.154038 0.133305 11891 
1180279826 12207 39432 6.460555 70 2286 1792 89.826985 0.154118 0.133339 11934 
1180366226 12238 39562 6.465436 70 2296 1790 90.059814 0.153867 0.132958 11988 
1180452626 12259 39709 6.478342 70 2298 1786 90.409985 0.153678 0.132706 12040 
1180539026 12288 39889 6.492350 70 2292 1802 90.797038 0.154198 0.133066 12108 
1180625426 12309 40065 6.509871 70 2290 1802 91.263303 0.154184 0.133093 12182 
1180711826 12337 40213 6.519089 70 2295 1792 91.593418 0.153809 0.132880 12238 
1180798226 12353 40334 6.530236 71 2290 1798 91.895896 0.153904 0.133072 12286 
1180884626 12372 40421 6.534271 71 2294 1797 92.070643 0.152958 0.133010 12314 
1180971026 12392 40526 6.540671 71 2298 1802 92.263396 0.152635 0.132878 12349 
1181057426 12433 40669 6.542106 71 2305 1812 92.420816 0.152343 0.132646 12398 
1181143826 12462 40797 6.547424 71 2301 1827 92.626705 0.151781 0.132841 12444 
1181230226 12497 40938 6.551652 71 2314 1833 92.805473 0.152062 0.133292 12498 
1181316626 12524 41082 6.560524 71 2320 1831 93.098052 0.151765 0.133117 12565 
1181403026 12550 41174 6.561594 71 2330 1834 93.194582 0.151327 0.133221 12596 
1181489426 12576 41283 6.565363 71 2340 1838 93.357983 0.151142 0.133300 12633 
1181575826 12596 41414 6.575738 72 2339 1839 93.667990 0.151503 0.133657 12695 
1181662226 12633 41593 6.584818 72 2350 1839 93.956463 0.151697 0.133564 12763 
1181748626 12668 41751 6.591569 72 2353 1853 94.208715 0.151732 0.133354 12813 
1181835026 12706 41925 6.599244 72 2374 1843 94.534708 0.151943 0.133193 12896 
1181921426 12732 42090 6.611687 72 2377 1841 94.922400 0.152123 0.133612 12955 
1182007826 12749 42213 6.622166 72 2378 1841 95.239156 0.152691 0.133951 13014 
1182094226 12777 42342 6.627847 72 2384 1843 95.479220 0.152071 0.134245 13068 
1182180626 12799 42489 6.639425 72 2387 1838 95.894054 0.151863 0.134083 13140 
1182267026 12824 42639 6.649875 72 2391 1830 96.224267 0.151472 0.133843 13193 
1182353426 12851 42791 6.659560 72 2396 1836 96.512178 0.151470 0.133664 13241 
1182439826 12877 42927 6.667236 72 2403 1833 96.817737 0.151159 0.133805 13291 
1182526226 12919 43108 6.673582 72 2416 1834 97.120211 0.150950 0.133087 13347 
1182612626 12937 43253 6.686713 72 2412 1832 97.502358 0.150541 0.133137 13418 
1182699026 12961 43364 6.691459 72 2416 1837 97.663143 0.150662 0.133114 13458 
1182785426 12999 43514 6.694977 72 2421 1846 97.837064 0.150558 0.133826 13517 
1182871826 13040 43689 6.700767 73 2442 1839 98.092485 0.150392 0.133170 13575 
1182958226 13069 43833 6.707935 74 2449 1842 98.381360 0.150222 0.133130 13638 
1183044626 13106 43981 6.711582 74 2464 1841 98.590874 0.149693 0.132925 13689 
1183131026 13133 44113 6.717886 74 2468 1850 98.914795 0.149188 0.132747 13732 
1183217426 13159 44248 6.725131 74 2474 1850 99.161030 0.149560 0.132528 13777 
1183303826 13173 44345 6.732711 74 2475 1853 99.424581 0.149844 0.132539 13818 
1183390226 13209 44494 6.736922 74 2475 1878 99.579226 0.150279 0.132667 13875 
1183476626 13240 44688 6.750453 74 2471 1882 99.963142 0.149662 0.132806 13953 
1183563026 13278 44832 6.752824 75 2484 1885 100.137370 0.149443 0.132842 14010 
1183649426 13306 44953 6.756801 75 2492 1883 100.327672 0.149742 0.132704 14062 
1183735826 13335 45142 6.770454 75 2490 1879 100.772253 0.149174 0.133686 14152 
1183822226 13352 45270 6.781007 75 2492 1873 101.045386 0.149162 0.133356 14201 
1183908626 13379 45409 6.788101 75 2491 1881 101.324912 0.149359 0.133841 14272 
1183995026 13414 45560 6.792903 75 2502 1886 101.579693 0.149432 0.133687 14336 
1184081426 13456 45733 6.797414 75 2525 1888 101.841855 0.149947 0.132899 14396 
1184167826 13484 45898 6.807772 76 2519 1906 102.220558 0.149730 0.133193 14468 
1184254226 13512 46059 6.817496 76 2519 1912 102.581853 0.149802 0.133811 14542 
1184340626 13536 46224 6.829787 76 2517 1911 102.892878 0.149625 0.133943 14616 
1184427026 13560 46374 6.839823 76 2512 1924 103.233481 0.149696 0.134174 14680 
1184513426 13575 46477 6.847440 76 2514 1919 103.448840 0.149784 0.134099 14732 
1184599826 13603 46673 6.862163 76 2507 1926 103.871058 0.149314 0.134262 14810 
1184686226 13644 46866 6.869833 76 2518 1933 104.229845 0.148964 0.134388 14892 
1184772626 13682 47029 6.874580 77 2533 1924 104.531794 0.148912 0.134240 14946 
1184859026 13721 47216 6.882297 77 2543 1923 104.828948 0.148216 0.133754 15001 
1184945426 13755 47394 6.891167 78 2549 1926 105.108979 0.148447 0.133763 15071 
1185031826 13789 47537 6.894916 78 2564 1931 105.319893 0.147994 0.133575 15121 
1185118226 13818 47654 6.897380 78 2579 1936 105.493993 0.147802 0.133487 15170 
1185204626 13845 47778 6.901842 78 2584 1942 105.677429 0.148257 0.133534 15211 
1185291026 13874 47922 6.908174 78 2592 1940 105.944789 0.148218 0.133372 15269 
1185377426 13907 48081 6.914647 78 2603 1945 106.259006 0.148321 0.132986 15334 
1185463826 13939 48245 6.922304 78 2609 1945 106.548963 0.148429 0.132996 15405 
1185550226 13973 48390 6.926215 78 2623 1945 106.775925 0.148149 0.133235 15466 
1185636626 13998 48535 6.934562 78 2623 1949 107.046292 0.148446 0.133832 15520 
1185723026 14022 48637 6.937241 78 2623 1961 107.186564 0.148655 0.133953 15559 
1185809426 14057 48797 6.942733 78 2625 1972 107.415807 0.148782 0.134175 15613 
1185895826 14091 48975 6.951245 78 2637 1960 107.740969 0.149172 0.133763 15678 
1185982226 14119 49142 6.961116 78 2630 1969 108.100574 0.149005 0.134219 15740 
1186068626 14156 49324 6.968635 78 2637 1974 108.422718 0.149334 0.133854 15799 
1186155026 14198 49500 6.972813 78 2650 1980 108.663051 0.149946 0.134205 15882 
1186241426 14223 49623 6.977853 78 2658 1970 108.838501 0.150081 0.134302 15931 
1186327826 14241 49755 6.987571 78 2653 1970 109.132083 0.150960 0.134243 15982 
1186414226 14281 49933 6.992928 78 2666 1981 109.341503 0.151297 0.133934 16045 
1186500626 14318 50145 7.004470 78 2663 1990 109.816594 0.151171 0.134387 16138 
1186587026 14351 50361 7.018466 78 2670 1977 110.301582 0.150470 0.133960 16234 
1186673426 14387 50583 7.031765 78 2670 1985 110.853548 0.149841 0.134316 16331 
1186759826 14417 50743 7.039329 78 2676 1984 111.132136 0.150088 0.134766 16402 
1186846226 14447 50869 7.042154 78 2682 1997 111.313491 0.150491 0.134579 16441 
1186932626 14467 50986 7.048593 78 2688 1987 111.547384 0.150212 0.134244 16488 
1187019026 14485 51118 7.058060 78 2678 1997 111.842596 0.149971 0.134495 16545 
1187105426 14518 51274 7.063507 78 2693 1995 112.130321 0.148995 0.134183 16614 
1187191826 14547 51447 7.073211 78 2693 2006 112.490273 0.148669 0.134465 16682 
1187278226 14584 51609 7.077482 78 2702 2017 112.713247 0.148853 0.134644 16749 
1187364626 14611 51770 7.086442 78 2698 2027 113.037027 0.148591 0.134488 16815 
1187451026 14630 51916 7.097198 79 2696 2027 113.364867 0.148810 0.134711 16877 
1187537426 14654 52067 7.106183 79 2691 2036 113.668486 0.148872 0.134776 16941 
1187623826 14678 52217 7.115002 79 2686 2041 113.968116 0.148659 0.135244 17013 
1187710226 14708 52399 7.125238 79 2688 2043 114.232391 0.149292 0.135267 17090 
1187796626 14747 52547 7.126466 79 2708 2045 114.408761 0.149055 0.135272 17150 
1187883026 14779 52704 7.132282 79 2724 2032 114.657284 0.148999 0.134789 17212 
1187969426 14823 52875 7.134183 79 2743 2031 114.839101 0.148889 0.135051 17275 
1188055826 14845 53013 7.142203 80 2745 2036 115.134254 0.149158 0.135437 17336 
1188142226 14864 53140 7.150161 80 2743 2036 115.377287 0.149192 0.135461 17385 
1188228626 14892 53329 7.162100 80 2740 2040 115.794521 0.148989 0.135448 17453 
1188315026 14928 53507 7.168676 80 2753 2040 116.113746 0.148854 0.135216 17522 
1188401426 14959 53692 7.178555 81 2764 2031 116.442276 0.148641 0.135297 17587 
1188487826 14984 53863 7.189402 81 2767 2029 116.836092 0.148686 0.135289 17653 
1188574226 15012 54025 7.197575 82 2771 2030 117.213296 0.148047 0.135315 17714 
1188660626 15036 54149 7.202580 82 2773 2033 117.402368 0.147899 0.135090 17752 
1188747026 15055 54253 7.207307 82 2778 2035 117.601063 0.147553 0.135033 17787 
1188833426 15086 54392 7.210924 82 2787 2039 117.845552 0.147654 0.134800 17845 
1188919826 15110 54528 7.217472 82 2787 2047 118.104302 0.147924 0.134708 17905 
1189006226 15141 54711 7.226867 82 2787 2054 118.469322 0.147860 0.134770 17981 
1189092626 15179 54930 7.237631 82 2790 2056 118.871335 0.147200 0.134630 18065 
1189179026 15211 55085 7.242785 82 2788 2066 119.075406 0.147337 0.134301 18122 
1189265426 15243 55213 7.244374 82 2800 2066 119.222725 0.147333 0.134205 18170 
1189351826 15264 55345 7.251703 82 2796 2069 119.480215 0.147196 0.134384 18220 
1189438226 15319 55541 7.251257 82 2825 2065 119.637052 0.147280 0.134351 18290 
1189524626 15345 55704 7.260215 84 2828 2068 119.988009 0.146923 0.134346 18362 
1189611026 15384 55873 7.263781 84 2844 2073 120.214769 0.146832 0.134633 18430 
1189697426 15423 56027 7.265383 84 2862 2073 120.362057 0.146673 0.134494 18486 
1189783826 15449 56169 7.271539 84 2867 2076 120.634734 0.146488 0.134066 18539 
1189870226 15479 56316 7.276439 85 2876 2080 120.839072 0.146558 0.134001 18592 
1189956626 15507 56451 7.280712 85 2870 2096 121.019411 0.146777 0.133950 18641 
1190043026 15544 56616 7.284611 85 2879 2106 121.246011 0.146767 0.133899 18713 
1190129426 15586 56808 7.289619 85 2902 2102 121.525600 0.147028 0.133464 18795 
1190215826 15623 57001 7.297062 85 2904 2109 121.899891 0.146400 0.133471 18864 
1190302226 15679 57222 7.299190 85 2920 2109 122.162383 0.146592 0.133274 18953 
1190388626 15725 57433 7.304674 85 2931 2114 122.409921 0.146638 0.133375 19034 
1190475026 15752 57578 7.310564 85 2934 2122 122.619858 0.146654 0.133736 19092 
1190561426 15788 57698 7.309096 85 2959 2112 122.674690 0.146849 0.133440 19133 
1190647826 15832 57852 7.308236 86 2991 2100 122.812784 0.146773 0.133006 19182 
1190734226 15880 58033 7.308942 86 3008 2104 122.978212 0.146852 0.132667 19246 
1190820626 15928 58212 7.309392 86 3021 2120 123.182697 0.146357 0.132710 19313 
1190907026 15971 58423 7.316135 86 3029 2127 123.505854 0.145983 0.132880 19398 
1190993426 16017 58621 7.319848 87 3044 2133 123.794843 0.145598 0.132778 19472 
1191079826 16053 58741 7.318383 87 3065 2132 123.913287 0.145611 0.132997 19523 
1191166226 16090 58864 7.316843 87 3078 2140 123.950280 0.145696 0.132676 19562 
1191252626 16145 59035 7.313100 87 3110 2141 124.015361 0.145890 0.132388 19625 
1191339026 16195 59260 7.318308 87 3119 2152 124.330102 0.146290 0.132595 19717 
1191425426 16234 59430 7.321671 87 3131 2161 124.536035 0.146012 0.132805 19794 
1191511826 16287 59631 7.322527 87 3152 2157 124.700682 0.146246 0.132704 19872 
1191598226 16329 59813 7.325984 87 3163 2161 124.958050 0.146614 0.132527 19945 
1191684626 16371 59960 7.325148 87 3173 2183 125.021929 0.147060 0.132640 19996 
1191771026 16400 60063 7.324756 87 3191 2173 125.092195 0.147131 0.132244 20042 
1191857426 16433 60248 7.332563 87 3185 2188 125.390982 0.147142 0.131980 20106 
1191943826 16484 60429 7.331837 87 3196 2203 125.547076 0.147058 0.131670 20172 
1192030226 16522 60590 7.334463 87 3212 2208 125.732115 0.146902 0.131709 20231 
1192116626 16568 60773 7.336190 88 3229 2213 125.909464 0.146632 0.131720 20302 
1192203026 16610 60946 7.338471 88 3236 2228 126.050211 0.147022 0.131902 20371 
1192289426 16646 61061 7.336417 88 3253 2235 126.074492 0.147184 0.131891 20413 
1192375826 16671 61172 7.338732 88 3266 2237 126.287205 0.146847 0.131892 20462 
1192462226 16700 61316 7.343234 89 3271 2236 126.555090 0.146282 0.132038 20523 
1192548626 16741 61527 7.350457 89 3278 2247 126.882265 0.146403 0.131842 20598 
1192635026 16783 61719 7.354943 89 3283 2262 127.137461 0.146529 0.132186 20678 
1192721426 16826 61905 7.358255 90 3307 2255 127.381909 0.146454 0.131892 20751 
1192807826 16880 62088 7.356398 90 3333 2255 127.515640 0.146669 0.131587 20820 
1192894226 16903 62201 7.359759 90 3336 2254 127.657694 0.146720 0.131233 20865 
1192980626 16922 62280 7.360832 90 3337 2266 127.740338 0.146629 0.131263 20892 
1193067026 16947 62408 7.365079 90 3340 2270 127.965068 0.146802 0.131532 20956 
1193153426 16978 62596 7.373778 91 3345 2268 128.355166 0.146350 0.131560 21041 
1193239826 17025 62797 7.377034 91 3362 2272 128.669016 0.146042 0.131590 21125 
1193326226 17062 62967 7.380964 91 3376 2271 128.900129 0.146098 0.131312 21188 
1193412626 17108 63144 7.381810 91 3397 2272 129.101473 0.145705 0.130871 21270 
1193499026 17125 63250 7.386861 91 3394 2277 129.253139 0.145806 0.130855 21319 
1193585426 17147 63330 7.386715 91 3402 2286 129.347058 0.145761 0.131159 21351 
1193671826 17173 63429 7.387061 91 3411 2295 129.469865 0.145370 0.130939 21389 
1193758226 17209 63607 7.392295 91 3417 2301 129.753966 0.144936 0.130443 21454 
1193844626 17245 63770 7.395767 91 3420 2311 129.948391 0.144766 0.130428 21509 
1193931026 17278 63896 7.396226 91 3437 2316 130.071999 0.144856 0.130083 21559 
1194017426 17313 64077 7.402183 91 3450 2316 130.403281 0.145301 0.130038 21634 
1194103826 17342 64196 7.403529 91 3460 2314 130.519202 0.145248 0.130082 21680 
1194190226 17364 64313 7.407625 91 3457 2324 130.715849 0.144982 0.130400 21727 
1194276626 17394 64451 7.410716 91 3463 2333 130.924227 0.144649 0.130523 21775 
1194363026 17439 64623 7.411319 93 3479 2331 131.072768 0.144566 0.130306 21838 
1194449426 17477 64791 7.414430 94 3485 2341 131.307661 0.144391 0.130508 21903 
1194535826 17510 64986 7.422730 94 3480 2352 131.611194 0.144365 0.131018 21981 
1194622226 17546 65153 7.426536 94 3494 2354 131.842357 0.144355 0.130967 22049 
1194708626 17580 65296 7.428441 94 3505 2362 132.006257 0.144447 0.131214 22103 
1194795026 17604 65402 7.430357 94 3515 2367 132.158373 0.144281 0.131332 22148 
1194881426 17639 65544 7.431714 94 3526 2372 132.292420 0.144522 0.131478 22194 
1194967826 17682 65749 7.436828 94 3542 2377 132.592693 0.144496 0.131537 22275 
1195054226 17728 65935 7.438515 94 3565 2381 132.828069 0.144009 0.131219 22343 
1195140626 17764 66095 7.441455 94 3577 2384 132.999212 0.143977 0.131335 22404 
1195227026 17800 66261 7.445056 94 3593 2389 133.222584 0.143945 0.131543 22467 
1195313426 17832 66377 7.444706 94 3603 2401 133.292620 0.144002 0.131450 22510 
1195399826 17851 66493 7.449779 94 3606 2403 133.498403 0.143919 0.131628 22567 
1195486226 17882 66631 7.452298 94 3611 2419 133.658427 0.143965 0.131348 22608 
1195572626 17918 66823 7.458757 94 3616 2422 133.965398 0.144102 0.131391 22685 
1195659026 17951 66969 7.461311 94 3618 2433 134.122110 0.144216 0.131397 22736 
1195745426 17968 67072 7.465717 95 3610 2442 134.291073 0.144056 0.131725 22773 
1195831826 17992 67176 7.467319 95 3617 2449 134.421965 0.143978 0.131711 22814 
1195918226 18013 67261 7.468051 96 3626 2449 134.529062 0.143654 0.131491 22850 
1196004626 18031 67373 7.473019 96 3620 2458 134.708779 0.143784 0.132126 22899 
1196091026 18058 67523 7.478458 97 3623 2456 134.973197 0.143412 0.132168 22964 
1196177426 18096 67710 7.483422 97 3638 2455 135.258179 0.143734 0.132000 23047 
1196263826 18137 67883 7.485582 97 3650 2469 135.421845 0.143883 0.132049 23119 
1196350226 18169 68041 7.489790 98 3667 2464 135.681105 0.143556 0.131661 23185 
1196436626 18200 68199 7.494396 98 3669 2473 135.918132 0.143825 0.131990 23250 
1196523026 18226 68308 7.495666 98 3673 2484 136.036980 0.143867 0.131838 23292 
1196609426 18245 68415 7.499589 98 3680 2484 136.207399 0.144092 0.131798 23336 
1196695826 18277 68541 7.500246 98 3694 2486 136.328391 0.144297 0.131468 23384 
1196782226 18298 68716 7.510766 98 3678 2499 136.702372 0.144375 0.131807 23449 
1196868626 18324 68885 7.518555 98 3681 2507 137.026523 0.144827 0.132179 23537 
1196955026 18354 69020 7.520976 98 3691 2509 137.155497 0.144857 0.132542 23591 
1197041426 18390 69188 7.524524 98 3707 2504 137.428603 0.144462 0.132345 23659 
1197127826 18416 69322 7.528454 100 3711 2515 137.620982 0.144333 0.132441 23715 
1197214226 18439 69436 7.531428 100 3719 2514 137.800857 0.144326 0.132584 23768 
1197300626 18466 69548 7.532546 100 3733 2506 137.880754 0.144607 0.132322 23812 
1197387026 18505 69702 7.533315 100 3743 2511 138.008538 0.144448 0.132184 23878 
1197473426 18536 69863 7.538088 100 3740 2532 138.255071 0.144127 0.132552 23943 
1197559826 18569 70011 7.540632 100 3748 2544 138.465938 0.144124 0.132706 24015 
1197646226 18605 70138 7.539694 100 3769 2547 138.566299 0.144174 0.132562 24072 
1197732626 18628 70249 7.542302 100 3781 2545 138.764763 0.144281 0.132448 24120 
1197819026 18645 70335 7.544650 100 3779 2555 138.874873 0.144312 0.132846 24164 
1197905426 18676 70463 7.545834 100 3793 2555 138.993896 0.144286 0.132659 24214 
1197991826 18697 70563 7.548056 101 3797 2559 139.138257 0.143858 0.132659 24256 
1198078226 18741 70710 7.546022 101 3813 2573 139.207620 0.143830 0.132556 24308 
1198164626 18786 70844 7.542212 101 3845 2575 139.223677 0.144136 0.132202 24354 
1198251026 18812 70967 7.544865 101 3848 2580 139.356262 0.144192 0.132184 24402 
1198337426 18844 71088 7.544895 101 3866 2580 139.447676 0.144259 0.132055 24446 
1198423826 18855 71173 7.549509 101 3863 2581 139.619199 0.144117 0.132223 24493 
1198510226 18878 71257 7.549211 101 3871 2584 139.650281 0.144210 0.132446 24531 
1198596626 18892 71354 7.553885 102 3867 2590 139.865763 0.143871 0.132611 24574 
1198683026 18900 71418 7.557460 102 3869 2586 140.011958 0.143591 0.132893 24604 
1198769426 18922 71510 7.558398 102 3875 2587 140.080224 0.143831 0.132924 24645 
1198855826 18942 71631 7.563193 102 3883 2579 140.317812 0.143630 0.132907 24703 
1198942226 18961 71762 7.569432 102 3876 2590 140.558937 0.143419 0.132879 24754 
1199028626 18988 71864 7.569412 102 3890 2589 140.619128 0.143517 0.132789 24784 
1199115026 19015 71997 7.572653 102 3900 2593 140.841020 0.143400 0.132847 24855 
1199201426 19034 72094 7.575286 102 3910 2590 140.988337 0.143176 0.132774 24894 
1199287826 19060 72221 7.578279 102 3904 2607 141.139979 0.143281 0.133112 24950 
1199374226 19094 72337 7.576935 102 3917 2609 141.184770 0.143228 0.133035 24995 
1199460626 19120 72455 7.578975 102 3925 2610 141.345921 0.143180 0.133033 25041 
1199547026 19142 72544 7.579563 102 3932 2612 141.440393 0.143245 0.133019 25073 
1199633426 19170 72648 7.579343 102 3941 2616 141.501721 0.143314 0.132870 25112 
1199719826 19197 72741 7.578372 102 3955 2616 141.557327 0.143274 0.132606 25143 
1199806226 19221 72852 7.580459 102 3957 2623 141.727694 0.143081 0.132565 25197 
1199892626 19238 72954 7.584364 102 3961 2621 141.894896 0.143133 0.132242 25237 
1199979026 19265 73077 7.586504 102 3972 2621 142.051804 0.143079 0.131935 25289 
1200065426 19298 73195 7.585760 102 3989 2622 142.141776 0.143190 0.131784 25331 
1200151826 19329 73309 7.585390 102 4001 2627 142.209323 0.143141 0.131810 25374 
1200238226 19350 73405 7.587080 102 4012 2627 142.350904 0.143086 0.131665 25413 
1200324626 19381 73511 7.585883 102 4024 2638 142.418038 0.142868 0.131739 25461 
1200411026 19405 73650 7.590827 102 4028 2633 142.625921 0.142929 0.132018 25526 
1200497426 19449 73791 7.588154 103 4049 2638 142.697311 0.142930 0.131828 25584 
1200583826 19480 73929 7.590246 103 4054 2646 142.839014 0.142850 0.131859 25641 
1200670226 19511 74070 7.592640 103 4059 2661 143.009584 0.142864 0.131945 25699 
1200756626 19535 74164 7.592936 103 4070 2664 143.093013 0.142857 0.131852 25740 
1200843026 19551 74259 7.596440 103 4065 2672 143.207509 0.143044 0.131890 25773 
1200929426 19573 74379 7.600163 103 4072 2669 143.370664 0.143035 0.131820 25827 
1201015826 19602 74494 7.600653 103 4077 2682 143.465973 0.143056 0.131615 25860 
1201102226 19649 74650 7.598351 103 4098 2684 143.537381 0.142982 0.131807 25916 
1201188626 19682 74791 7.599939 103 4112 2689 143.683264 0.143045 0.131862 25966 
1201275026 19722 74944 7.600041 103 4120 2702 143.799513 0.143310 0.131844 26026 
1201361426 19769 75131 7.600890 103 4130 2718 143.958521 0.143338 0.131733 26088 
1201447826 19806 75306 7.604362 103 4136 2723 144.159851 0.143170 0.132040 26163 
1201534226 19837 75459 7.607904 103 4145 2722 144.363160 0.143290 0.131804 26229 
1201620626 19875 75660 7.613585 103 4157 2728 144.703396 0.143761 0.131638 26321 
1201707026 19919 75819 7.612732 103 4171 2738 144.822531 0.144100 0.131483 26379 
1201793426 19959 75959 7.611504 103 4191 2741 144.924495 0.144223 0.131180 26431 
1201879826 19995 76102 7.612103 103 4198 2751 145.043661 0.144259 0.131008 26489 
1201966226 20017 76201 7.613628 103 4200 2756 145.146725 0.144217 0.130782 26516 
1202052626 20029 76273 7.616256 103 4195 2762 145.238404 0.144315 0.130843 26545 
1202139026 20055 76351 7.614161 103 4211 2765 145.230416 0.144353 0.130943 26573 
1202225426 20077 76454 7.616078 103 4215 2768 145.336156 0.144319 0.130962 26626 
1202311826 20096 76531 7.616541 103 4212 2787 145.388734 0.144352 0.131192 26663 
1202398226 20137 76681 7.615931 103 4233 2787 145.516711 0.144279 0.131224 26730 
1202484626 20181 76833 7.614390 103 4257 2792 145.615777 0.144173 0.131016 26785 
1202571026 20213 77026 7.621432 103 4256 2802 145.976748 0.143964 0.131385 26876 
1202657426 20238 77125 7.621801 103 4265 2804 146.076687 0.143912 0.131375 26915 
1202743826 20272 77277 7.624013 104 4278 2796 146.262135 0.143941 0.131385 26979 
1202830226 20303 77457 7.630104 104 4280 2800 146.555090 0.143894 0.131670 27055 
1202916626 20344 77659 7.634585 104 4290 2797 146.855682 0.143756 0.131593 27143 
1203003026 20383 77833 7.637050 104 4300 2803 147.095226 0.143686 0.131594 27210 
1203089426 20417 77998 7.640496 104 4313 2805 147.290395 0.143915 0.131599 27283 
1203175826 20449 78107 7.639200 104 4327 2811 147.357035 0.143739 0.131607 27327 
1203262226 20470 78214 7.641817 104 4322 2824 147.505032 0.143644 0.131817 27366 
1203348626 20498 78366 7.646209 104 4326 2828 147.745146 0.143482 0.131861 27436 
1203435026 20534 78546 7.650336 104 4327 2834 147.966008 0.143351 0.132118 27519 
1203521426 20569 78721 7.654334 104 4343 2836 148.247265 0.143802 0.131819 27605 
1203607826 20599 78866 7.657265 105 4355 2837 148.443420 0.143506 0.131751 27663 
1203694226 20629 79000 7.659121 106 4364 2839 148.578506 0.143294 0.131940 27711 
1203780626 20660 79129 7.660116 106 4374 2841 148.726718 0.142998 0.131815 27763 
1203867026 20676 79216 7.662604 106 4377 2842 148.889727 0.142725 0.131907 27799 
1203953426 20717 79352 7.660569 106 4401 2846 148.973017 0.142676 0.131960 27864 
1204039826 20756 79522 7.662555 106 4413 2855 149.181538 0.142483 0.132032 27933 
1204126226 20798 79712 7.665352 106 4423 2858 149.339456 0.142831 0.132513 28013 
1204212626 20840 79883 7.666315 106 4444 2857 149.516603 0.142623 0.132539 28083 
1204299026 20891 80046 7.663204 106 4465 2869 149.606912 0.142565 0.132503 28142 
1204385426 20918 80170 7.665169 106 4473 2871 149.753609 0.142433 0.132760 28201 
1204471826 20945 80323 7.669897 106 4465 2891 150.001623 0.142280 0.133084 28268 
1204558226 20969 80442 7.672469 106 4470 2896 150.147647 0.142339 0.133185 28316 
1204644626 21024 80674 7.674467 106 4492 2894 150.396309 0.142103 0.132991 28411 
1204731026 21071 80867 7.675668 107 4499 2918 150.582222 0.142059 0.133054 28490 
1204817426 21112 81061 7.679140 107 4518 2904 150.824744 0.142040 0.132928 28571 
1204903826 21156 81212 7.677444 107 4534 2913 150.895916 0.141890 0.133056 28634 
1204990226 21191 81364 7.679109 107 4547 2912 151.060639 0.141761 0.133075 28698 
1205076626 21231 81491 7.676605 107 4569 2915 151.105742 0.141855 0.132833 28744 
1205163026 21267 81639 7.677529 108 4578 2918 151.247379 0.141770 0.132822 28811 
1205249426 21318 81818 7.675955 108 4592 2931 151.300779 0.141988 0.133022 28886 
1205335826 21363 82001 7.676918 108 4609 2940 151.446520 0.141999 0.132910 28961 
1205422226 21398 82148 7.678101 108 4621 2941 151.574166 0.141910 0.133024 29026 
1205508626 21428 82293 7.680885 108 4621 2955 151.754993 0.141856 0.133341 29093 
1205595026 21455 82398 7.681007 108 4638 2953 151.826055 0.141756 0.133173 29134 
1205681426 21472 82475 7.682098 108 4639 2961 151.902291 0.141809 0.133096 29158 
1205767826 21505 82610 7.682864 108 4649 2972 152.053569 0.141847 0.133206 29220 
1205854226 21559 82809 7.682082 108 4665 2983 152.178209 0.142101 0.133347 29317 
1205940626 21603 82985 7.682729 108 4677 2991 152.285979 0.142473 0.133084 29381 
1206027026 21628 83118 7.686148 108 4682 2988 152.480211 0.142105 0.133106 29449 
1206113426 21665 83262 7.686314 108 4681 3011 152.546965 0.142071 0.133506 29501 
1206199826 21687 83393 7.690598 109 4678 3023 152.733896 0.142218 0.133590 29562 
1206286226 21715 83515 7.691918 109 4685 3028 152.868156 0.142166 0.133624 29607 
1206372626 21736 83624 7.694516 109 4677 3041 152.993007 0.141959 0.133788 29646 
1206459026 21781 83799 7.694688 109 4695 3045 153.111611 0.142163 0.133861 29719 
1206545426 21818 83971 7.697406 110 4699 3063 153.295261 0.141804 0.133988 29782 
1206631826 21859 84146 7.698980 110 4710 3070 153.470333 0.141663 0.133714 29849 
1206718226 21894 84376 7.707682 110 4702 3081 153.835206 0.141847 0.133853 29946 
1206804626 21934 84529 7.707577 110 4715 3095 153.919486 0.141825 0.133782 30009 
1206891026 21972 84675 7.707537 110 4727 3098 154.013381 0.141665 0.133517 30049 
1206977426 22012 84880 7.712157 110 4743 3089 154.312739 0.141487 0.133340 30131 
1207063826 22051 85073 7.716022 110 4745 3102 154.544193 0.141586 0.133206 30191 
1207150226 22113 85302 7.715100 110 4766 3117 154.674174 0.141516 0.132931 30264 
1207236626 22161 85531 7.719056 110 4775 3126 154.954379 0.141620 0.133423 30371 
1207323026 22205 85727 7.721414 110 4783 3140 155.114704 0.141857 0.133203 30454 
1207409426 22251 85916 7.722439 110 4797 3146 155.270864 0.141793 0.133644 30538 
1207495826 22294 86041 7.718758 110 4816 3156 155.266978 0.142048 0.133609 30577 
1207582226 22330 86238 7.723959 110 4810 3165 155.537483 0.142164 0.133394 30658 
1207668626 22368 86439 7.728809 110 4822 3164 155.864986 0.141968 0.133498 30752 
1207755026 22405 86620 7.732203 110 4822 3173 156.075876 0.141900 0.133565 30820 
1207841426 22450 86823 7.734788 110 4833 3175 156.248552 0.141771 0.133501 30908 
1207927826 22507 87031 7.733683 110 4868 3163 156.410806 0.141622 0.133352 30986 
1208014226 22543 87183 7.734818 110 4868 3177 156.567094 0.141568 0.133731 31050 
1208100626 22560 87278 7.737411 110 4864 3188 156.714894 0.141401 0.134046 31093 
1208187026 22598 87431 7.737941 110 4887 3173 156.815824 0.141490 0.133621 31154 
1208273426 22650 87639 7.738543 110 4902 3186 156.975541 0.141567 0.133426 31227 
1208359826 22682 87846 7.745878 112 4891 3202 157.338330 0.140949 0.134063 31315 
1208446226 22725 88075 7.751375 112 4894 3212 157.646381 0.140961 0.134073 31406 
1208532626 22768 88285 7.755183 112 4900 3220 157.896961 0.140977 0.134528 31490 
1208619026 22813 88463 7.755490 112 4916 3228 158.006049 0.141176 0.134337 31551 
1208705426 22829 88550 7.757677 112 4922 3224 158.134390 0.141071 0.134286 31578 
1208791826 22862 88722 7.761526 112 4925 3232 158.373896 0.140945 0.134381 31654 
1208878226 22905 88924 7.764593 113 4934 3239 158.578040 0.140937 0.134036 31733 
1208964626 22950 89127 7.767059 113 4951 3244 158.811068 0.140698 0.134184 31806 
1209051026 23000 89331 7.767913 113 4972 3241 158.987217 0.140572 0.133919 31894 
1209137426 23040 89509 7.769878 113 4981 3246 159.125694 0.140654 0.134116 31969 
1209223826 23066 89608 7.769704 113 4991 3243 159.172288 0.140618 0.133943 31996 
1209310226 23101 89739 7.769274 113 5002 3248 159.211722 0.140833 0.133811 32039 
1209396626 23144 89891 7.767974 113 5021 3251 159.285085 0.140917 0.133544 32097 
1209483026 23197 90104 7.768591 113 5043 3268 159.459499 0.140759 0.133721 32186 
1209569426 23252 90298 7.766902 113 5058 3286 159.562188 0.140718 0.133799 32259 
1209655826 23301 90511 7.768851 113 5081 3287 159.726965 0.140919 0.133773 32337 
1209742226 23344 90736 7.773818 113 5066 3317 160.006083 0.141257 0.133733 32417 
1209828626 23369 90882 7.777996 113 5062 3329 160.224999 0.141298 0.134195 32473 
1209915026 23393 91029 7.782585 113 5065 3327 160.429958 0.141334 0.134201 32539 
1210001426 23435 91219 7.784852 113 5070 3342 160.576061 0.141412 0.134332 32612 
1210087826 23481 91429 7.787488 113 5073 3351 160.815383 0.141451 0.134047 32694 
1210174226 23533 91625 7.786937 113 5096 3354 160.938002 0.141605 0.133747 32764 
1210260626 23574 91822 7.790108 113 5099 3368 161.171375 0.141847 0.133842 32842 
1210347026 23616 91991 7.790566 113 5105 3391 161.299797 0.141883 0.133733 32912 
1210433426 23652 92133 7.790715 113 5113 3399 161.364451 0.142029 0.133574 32964 
1210519826 23677 92280 7.794906 113 5112 3407 161.565654 0.141779 0.133516 33011 
1210606226 23721 92441 7.794022 113 5116 3431 161.622444 0.141894 0.133357 33074 
1210692626 23761 92616 7.795631 114 5128 3427 161.806321 0.141688 0.133382 33135 
1210779026 23819 92838 7.795289 114 5135 3444 161.917881 0.141600 0.133369 33209 
1210865426 23859 93038 7.798986 114 5133 3463 162.159018 0.141410 0.134004 33286 
1210951826 23899 93226 7.801665 114 5142 3473 162.387464 0.141348 0.134230 33370 
1211038226 23937 93361 7.800560 115 5157 3486 162.450516 0.141397 0.134158 33427 
1211124626 23976 93484 7.798131 115 5177 3487 162.489323 0.141307 0.134089 33477 
1211211026 24006 93658 7.802883 115 5168 3502 162.707573 0.141354 0.134267 33544 
1211297426 24062 93852 7.800848 115 5192 3494 162.795445 0.141264 0.134063 33615 
1211383826 24110 94064 7.802903 115 5201 3511 163.054417 0.141354 0.134109 33714 
1211470226 24152 94249 7.804654 115 5219 3508 163.268880 0.141029 0.134195 33788 
1211556626 24200 94447 7.805537 115 5230 3519 163.444628 0.140740 0.134236 33866 
1211643026 24234 94600 7.807213 115 5240 3520 163.555913 0.140939 0.134115 33926 
1211729426 24257 94726 7.810199 115 5241 3528 163.686276 0.140997 0.134238 33982 
1211815826 24285 94845 7.810994 116 5246 3533 163.812394 0.140996 0.134283 34033 
1211902226 24328 95006 7.810424 116 5251 3555 163.884413 0.141113 0.134350 34092 
1211988626 24375 95202 7.811446 116 5259 3569 164.005744 0.141283 0.134533 34166 
1212075026 24416 95400 7.814548 116 5272 3569 164.244676 0.141261 0.134290 34236 
1212161426 24457 95613 7.818866 116 5276 3574 164.487059 0.141227 0.134302 34313 
1212247826 24510 95782 7.815749 116 5301 3582 164.510486 0.141167 0.134100 34376 
1212334226 24537 95899 7.816685 116 5314 3566 164.618984 0.140979 0.134124 34414 
1212420626 24578 96044 7.815445 116 5327 3582 164.673773 0.141204 0.134189 34463 
1212507026 24625 96243 7.816690 116 5327 3595 164.829563 0.141210 0.134459 34543 
1212593426 24673 96454 7.818587 116 5336 3610 165.006363 0.141200 0.134499 34614 
1212679826 24731 96652 7.816263 116 5367 3613 165.121507 0.141464 0.134195 34698 
1212766226 24788 96851 7.814346 116 5396 3605 165.191786 0.141778 0.133801 34758 
1212852626 24836 97026 7.813335 116 5407 3614 165.268320 0.141880 0.133917 34824 
1212939026 24874 97179 7.813701 116 5416 3614 165.360618 0.141838 0.134284 34886 
1213025426 24931 97338 7.808592 116 5443 3631 165.325739 0.141787 0.134189 34943 
1213111826 24975 97509 7.808529 116 5459 3635 165.470991 0.141724 0.134134 35020 
1213198226 25026 97717 7.809238 116 5472 3650 165.640854 0.141537 0.133863 35093 
1213284626 25079 97924 7.809243 116 5492 3659 165.836038 0.141500 0.133780 35172 
1213371026 25127 98109 7.809050 117 5506 3668 165.918096 0.141561 0.133688 35247 
1213457426 25155 98241 7.810853 117 5507 3674 166.019082 0.141506 0.133820 35295 
1213543826 25185 98368 7.811634 117 5511 3689 166.109668 0.141332 0.133840 35340 
1213630226 25249 98573 7.808072 117 5540 3698 166.135768 0.141462 0.134071 35414 
1213716626 25296 98777 7.809693 117 5551 3709 166.314437 0.141373 0.133882 35500 
1213803026 25336 98993 7.814414 118 5545 3721 166.559283 0.141055 0.134098 35581 
1213889426 25376 99185 7.817229 118 5558 3720 166.729351 0.141093 0.133830 35655 
1213975826 25437 99386 7.814286 118 5585 3730 166.733498 0.141339 0.133987 35745 
1214062226 25482 99542 7.812731 118 5606 3730 166.784868 0.141539 0.133733 35801 
1214148626 25512 99689 7.815067 118 5611 3728 166.906319 0.141658 0.133785 35874 
1214235026 25568 99888 7.813517 118 5630 3736 166.992178 0.141673 0.133599 35937 
1214321426 25635 100138 7.812600 118 5649 3749 167.111449 0.141620 0.133420 36033 
1214407826 25689 100344 7.812215 118 5663 3758 167.209623 0.141598 0.133401 36118 
1214494226 25742 100561 7.812990 118 5676 3774 167.363997 0.141533 0.133354 36202 
1214580626 25822 100802 7.807451 118 5710 3800 167.394547 0.141744 0.133023 36288 
1214667026 25881 100974 7.802944 118 5730 3811 167.320196 0.142056 0.132973 36344 
1214753426 25927 101163 7.803680 118 5748 3802 167.397616 0.142253 0.132766 36400 
1214839826 25978 101367 7.804065 118 5760 3816 167.531527 0.142315 0.132609 36471 
1214926226 26044 101605 7.802565 118 5774 3831 167.586623 0.142444 0.132751 36568 
1215012626 26097 101836 7.804422 118 5778 3836 167.732383 0.142580 0.132677 36652 
1215099026 26153 102090 7.807135 118 5778 3857 167.933010 0.142668 0.132786 36752 
1215185426 26203 102259 7.805137 118 5795 3857 167.927489 0.142798 0.132808 36811 
1215271826 26232 102380 7.805733 118 5799 3862 168.000991 0.142849 0.132638 36854 
1215358226 26266 102520 7.806289 118 5806 3867 168.096931 0.142929 0.132434 36896 
1215444626 26321 102734 7.806238 118 5815 3879 168.205463 0.142888 0.132409 36985 
1215531026 26381 102948 7.804708 118 5814 3904 168.210606 0.143118 0.132264 37055 
1215617426 26464 103211 7.800106 118 5851 3910 168.248413 0.143254 0.132201 37144 
1215703826 26538 103456 7.796820 118 5881 3918 168.341473 0.143175 0.132124 37230 
1215790226 26599 103690 7.796534 118 5891 3933 168.449415 0.143122 0.132127 37310 
1215876626 26633 103857 7.799121 119 5891 3945 168.585214 0.143210 0.132226 37380 
1215963026 26672 104026 7.800390 119 5885 3962 168.668491 0.143280 0.132322 37441 
1216049426 26712 104197 7.801512 119 5883 3979 168.747604 0.143538 0.132373 37498 
1216135826 26787 104494 7.801844 120 5905 3980 168.887968 0.143778 0.132080 37604 
1216222226 26848 104747 7.802965 120 5923 3982 169.046931 0.143738 0.131848 37683 
1216308626 26908 104976 7.802587 120 5947 3977 169.155195 0.143760 0.131498 37762 
1216395026 26980 105213 7.799333 120 5967 3989 169.139881 0.144180 0.131434 37840 
1216481426 27014 105382 7.802029 120 5961 3996 169.255127 0.144302 0.131527 37901 
1216567826 27055 105560 7.803364 120 5961 4013 169.360340 0.144397 0.131748 37969 
1216654226 27123 105775 7.799653 120 5978 4036 169.377945 0.144248 0.131628 38044 
1216740626 27210 106070 7.796398 120 6004 4047 169.403969 0.144374 0.131716 38158 
1216827026 27300 106351 7.791282 120 6033 4054 169.367399 0.144575 0.131802 38260 
1216913426 27391 106625 7.785404 121 6085 4053 169.373298 0.144591 0.131297 38357 
1216999826 27463 106863 7.782325 121 6118 4050 169.399483 0.144509 0.131175 38449 
1217086226 27534 107092 7.778892 121 6139 4073 169.368272 0.144863 0.131312 38527 
1217172626 27590 107290 7.777456 121 6164 4080 169.421892 0.144937 0.131542 38623 
1217259026 27651 107505 7.775849 122 6177 4097 169.469531 0.145060 0.131531 38707 
1217345426 27736 107798 7.773147 122 6192 4126 169.532305 0.145189 0.131685 38812 
1217431826 27814 108098 7.772920 122 6216 4130 169.655138 0.145365 0.131304 38925 
1217518226 27896 108396 7.771437 122 6229 4151 169.728778 0.145214 0.131393 39026 
1217604626 27963 108668 7.772271 123 6226 4183 169.854379 0.145328 0.131236 39126 
1217691026 28041 108921 7.768696 123 6261 4187 169.903498 0.145343 0.130884 39211 
1217777426 28096 109130 7.768366 123 6263 4211 169.966543 0.145498 0.131093 39292 
1217863826 28171 109399 7.766781 123 6285 4213 170.023783 0.145851 0.130896 39394 
1217950226 28271 109715 7.761664 124 6331 4234 170.025822 0.145827 0.130391 39500 
1218036626 28366 110061 7.760065 125 6367 4232 170.089403 0.146272 0.130420 39622 
1218123026 28479 110400 7.753081 125 6418 4245 170.047754 0.146402 0.129848 39729 
1218209426 28555 110693 7.752968 126 6433 4271 170.204378 0.146378 0.130069 39844 
1218295826 28599 110917 7.756705 127 6428 4278 170.388755 0.146394 0.130097 39923 
1218382226 28663 111097 7.751945 127 6457 4285 170.348393 0.146355 0.129771 39980 
1218468626 28735 111344 7.749713 127 6480 4293 170.391091 0.146429 0.129592 40068 
1218555026 28827 111638 7.745378 127 6502 4312 170.385472 0.146680 0.129607 40178 
1218641426 28914 111951 7.743723 128 6532 4317 170.494155 0.146675 0.129373 40284 
1218727826 29002 112257 7.741328 128 6555 4332 170.517482 0.147041 0.129096 40383 
1218814226 29073 112547 7.742373 128 6564 4354 170.702507 0.146501 0.129285 40491 
1218900626 29152 112794 7.738337 128 6590 4378 170.685579 0.146520 0.129239 40572 
1218987026 29233 113051 7.734478 128 6618 4398 170.636130 0.146900 0.129401 40664 
1219073426 29306 113378 7.737528 128 6629 4410 170.840374 0.146983 0.129405 40787 
1219159826 29419 113747 7.732894 128 6647 4449 170.817159 0.147215 0.129482 40913 
1219246226 29502 114073 7.733238 128 6668 4450 170.971934 0.147322 0.129508 41031 
1219332626 29600 114418 7.730946 128 6690 4478 171.043108 0.147578 0.129482 41151 
1219419026 29694 114738 7.728026 129 6715 4499 171.073348 0.147786 0.129528 41271 
1219505426 29775 115031 7.726683 129 6724 4518 171.107708 0.147831 0.129496 41370 
1219591826 29843 115265 7.724760 129 6754 4519 171.145260 0.148055 0.129310 41454 
1219678226 29945 115607 7.721289 129 6776 4552 171.145767 0.148110 0.129298 41563 
1219764626 30056 115981 7.717660 129 6814 4559 171.142800 0.148605 0.128929 41688 
1219851026 30143 116323 7.718077 129 6827 4574 171.229937 0.148840 0.128983 41802 
1219937426 30246 116711 7.717450 130 6850 4590 171.355419 0.148915 0.128943 41944 
1220023826 30317 116993 7.717980 130 6845 4616 171.440512 0.148861 0.129151 42042 
1220110226 30395 117233 7.713966 130 6876 4632 171.437802 0.149020 0.129008 42120 
1220196626 30437 117435 7.716595 130 6875 4634 171.583533 0.149172 0.129160 42201 
1220283026 30484 117677 7.720575 130 6874 4642 171.769650 0.149500 0.129616 42311 
1220369426 30526 117874 7.722859 130 6880 4630 171.883509 0.149561 0.129557 42381 
1220455826 30571 118069 7.724248 130 6887 4629 171.989533 0.149422 0.129458 42452 
1220542226 30605 118281 7.729521 131 6870 4646 172.205326 0.149245 0.129511 42534 
1220628626 30650 118500 7.732463 131 6864 4658 172.352431 0.149443 0.129476 42606 
1220715026 30711 118756 7.733776 131 6861 4681 172.466217 0.149634 0.129423 42692 
1220801426 30769 119014 7.735968 131 6851 4716 172.627710 0.149692 0.129548 42784 
1220887826 30850 119307 7.734652 131 6865 4729 172.704700 0.149688 0.129937 42888 
1220974226 30928 119703 7.740753 131 6842 4767 172.995861 0.149697 0.130805 43052 
1221060626 31032 120015 7.734919 131 6890 4772 172.956561 0.149938 0.130314 43154 
1221147026 31110 120312 7.734619 132 6912 4786 173.085246 0.149898 0.130243 43263 
1221233426 31227 120682 7.729337 132 6943 4814 173.069971 0.149923 0.129998 43388 
1221319826 31312 120955 7.725792 132 6963 4841 173.082971 0.149981 0.129873 43479 
1221406226 31373 121239 7.728875 133 6963 4856 173.281930 0.149774 0.129844 43592 
1221492626 31449 121540 7.729340 133 6973 4863 173.364368 0.149999 0.130223 43710 
1221579026 31546 121903 7.728587 133 6987 4881 173.428707 0.150259 0.129914 43826 
1221665426 31681 122396 7.726776 133 7005 4911 173.469840 0.150644 0.129837 43987 
1221751826 31788 122792 7.725683 133 7030 4921 173.572229 0.150744 0.129862 44130 
1221838226 31885 123152 7.724761 133 7039 4964 173.634750 0.150912 0.129674 44258 
1221924626 31977 123458 7.721675 133 7056 4991 173.623542 0.151196 0.129846 44376 
1222011026 32059 123752 7.720266 133 7077 5009 173.693440 0.151160 0.129994 44477 
1222097426 32140 124091 7.721904 133 7094 5008 173.843871 0.151112 0.130133 44615 
1222183826 32240 124462 7.720968 133 7116 5026 173.954156 0.151097 0.129967 44738 
1222270226 32344 124817 7.718093 133 7133 5044 173.972792 0.150995 0.129817 44847 
1222356626 32448 125203 7.717147 133 7165 5038 173.998274 0.151369 0.129825 44989 
1222443026 32541 125535 7.715497 133 7188 5046 174.087336 0.151193 0.129388 45098 
1222529426 32613 125793 7.714286 133 7215 5048 174.174164 0.151192 0.129145 45202 
1222615826 32689 126025 7.710545 133 7234 5070 174.102114 0.151465 0.129078 45272 
1222702226 32786 126364 7.708412 133 7267 5078 174.159519 0.151653 0.128866 45403 
1222788626 32863 126799 7.716824 133 7252 5089 174.557040 0.151571 0.129188 45591 
1222875026 32981 127193 7.713108 133 7301 5093 174.606652 0.151704 0.128779 45710 
1222961426 33064 127618 7.719453 133 7294 5097 174.846056 0.151964 0.128490 45860 
1223047826 33162 128029 7.721428 133 7327 5087 175.090706 0.151897 0.128334 46003 
1223134226 33243 128365 7.722829 135 7317 5123 175.251873 0.151845 0.128509 46116 
1223220626 33303 128645 7.725730 135 7309 5135 175.372249 0.152034 0.128753 46221 
1223307026 33390 128968 7.724948 135 7327 5154 175.463672 0.152183 0.128615 46318 
1223393426 33489 129377 7.726537 135 7336 5182 175.634865 0.152201 0.128407 46452 
1223479826 33619 129844 7.724442 135 7358 5226 175.719742 0.152397 0.128109 46606 
1223566226 33734 130201 7.719274 135 7395 5236 175.664434 0.152597 0.127866 46726 
1223652626 33845 130653 7.720668 135 7413 5241 175.797016 0.152739 0.127709 46883 
1223739026 33927 130969 7.720635 135 7429 5254 175.860878 0.153023 0.127752 47010 
1223825426 33997 131227 7.719916 135 7440 5289 175.991411 0.152850 0.128031 47119 
1223911826 34083 131635 7.724379 135 7438 5313 176.223924 0.153028 0.128112 47269 
1223998226 34201 132156 7.728195 135 7459 5316 176.468232 0.153448 0.127809 47462 
1224084626 34315 132568 7.726534 136 7484 5329 176.562436 0.153508 0.128148 47637 
1224171026 34414 133004 7.729645 136 7489 5348 176.719533 0.153935 0.128096 47799 
1224257426 34542 133511 7.730357 137 7510 5366 176.928724 0.153602 0.128063 47971 
1224343826 34628 133814 7.728659 137 7526 5383 176.949925 0.153928 0.127959 48080 
1224430226 34695 134043 7.726935 137 7546 5393 176.993803 0.153858 0.127754 48151 
1224516626 34790 134446 7.729003 137 7544 5419 177.144582 0.154081 0.127976 48296 
1224603026 34922 134960 7.729225 137 7586 5416 177.299983 0.153909 0.128008 48477 
1224689426 35047 135435 7.728764 137 7619 5419 177.420093 0.154231 0.127671 48637 
1224775826 35173 135936 7.729565 137 7627 5457 177.590140 0.154284 0.127610 48799 
1224862226 35288 136408 7.731127 138 7644 5492 177.759522 0.154310 0.127726 48945 
1224948626 35369 136747 7.732591 138 7646 5524 177.953745 0.154317 0.127597 49069 
1225035026 35431 136996 7.733115 138 7657 5531 178.036522 0.154428 0.127469 49150 
1225121426 35526 137326 7.731014 138 7695 5532 178.116084 0.154517 0.127357 49266 
1225207826 35642 137781 7.731384 138 7717 5534 178.255205 0.154441 0.127277 49439 
1225294226 35757 138206 7.730291 138 7726 5566 178.306793 0.154705 0.127310 49582 
1225380626 35864 138648 7.731876 138 7745 5579 178.486170 0.154905 0.127344 49727 
1225467026 35985 139069 7.729276 138 7768 5609 178.553953 0.155060 0.127718 49874 
1225553426 36050 139357 7.731318 138 7780 5619 178.686879 0.155176 0.127624 49989 
1225639826 36122 139631 7.731078 138 7785 5635 178.744643 0.155275 0.127594 50077 
1225726226 36204 139990 7.733400 138 7787 5659 178.892995 0.155594 0.128130 50224 
1225812626 36328 140483 7.734144 138 7813 5665 179.024224 0.155938 0.128195 50397 
1225899026 36446 140882 7.730999 139 7836 5686 179.027712 0.156118 0.128137 50527 
1225985426 36561 141356 7.732611 139 7860 5677 179.168568 0.156287 0.128021 50700 
1226071826 36700 141833 7.729319 140 7917 5674 179.264959 0.156453 0.127506 50878 
1226158226 36793 142252 7.732558 140 7921 5699 179.446199 0.156655 0.127628 51034 
1226244626 36865 142575 7.734979 140 7919 5706 179.605588 0.156786 0.127573 51160 
1226331026 36978 143133 7.741522 140 7907 5748 179.944832 0.156758 0.127967 51354 
1226417426 37120 143731 7.744127 140 7916 5784 180.150593 0.156984 0.128158 51551 
1226503826 37265 144286 7.743781 140 7925 5828 180.250047 0.156994 0.128206 51725 
1226590226 37431 144862 7.740215 140 7963 5834 180.240336 0.157312 0.127909 51901 
1226676626 37601 145461 7.737081 140 8012 5856 180.292652 0.157808 0.127863 52112 
1226763026 37707 145933 7.740367 140 8009 5866 180.470894 0.158026 0.127921 52283 
1226849426 37792 146339 7.744443 140 8004 5895 180.665802 0.158205 0.128015 52417 
1226935826 37912 146808 7.744672 140 8027 5885 180.780281 0.158352 0.127865 52582 
1227022226 38063 147392 7.744634 140 8042 5908 180.877808 0.158599 0.127673 52775 
1227108626 38192 147926 7.746439 140 8040 5949 181.058023 0.158870 0.127857 52965 
1227195026 38332 148473 7.746687 140 8058 5971 181.188459 0.159223 0.127676 53149 
1227281426 38481 149030 7.745641 140 8081 5992 181.264780 0.159613 0.127497 53330 
1227367826 38596 149436 7.743600 140 8103 6013 181.298321 0.159836 0.127369 53469 
1227454226 38683 149804 7.745211 140 8109 6036 181.414678 0.159813 0.127554 53595 
1227540626 38809 150288 7.745008 140 8123 6078 181.505579 0.160094 0.127543 53767 
1227627026 38960 150833 7.742967 140 8178 6067 181.568121 0.160452 0.127550 53945 
1227713426 39069 151351 7.747882 140 8181 6079 181.800404 0.160494 0.127546 54139 
1227799826 39180 151780 7.747831 140 8196 6092 181.849413 0.160889 0.127690 54291 
1227886226 39285 152168 7.746875 140 8192 6123 181.859285 0.161206 0.127540 54397 
1227972626 39380 152549 7.747537 140 8213 6133 181.950838 0.161229 0.127382 54517 
1228059026 39497 152969 7.745854 141 8225 6166 181.970783 0.161352 0.127108 54652 
1228145426 39605 153443 7.748668 141 8228 6178 182.138871 0.161562 0.126856 54809 
1228231826 39742 154005 7.750239 142 8238 6203 182.252026 0.161771 0.126729 54989 
1228318226 39882 154594 7.752570 143 8253 6215 182.421694 0.161998 0.126973 55183 
1228404626 40023 155238 7.757439 143 8256 6242 182.693251 0.162156 0.126891 55393 
1228491026 40193 155885 7.756823 143 8303 6248 182.836464 0.162225 0.126511 55582 
1228577426 40294 156382 7.762049 143 8310 6251 183.118727 0.162176 0.126361 55774 
1228663826 40387 156818 7.765766 145 8300 6275 183.316909 0.162241 0.126139 55895 
1228750226 40517 157355 7.767357 146 8316 6311 183.452724 0.162491 0.125832 56078 
1228836626 40676 158042 7.770774 146 8340 6316 183.652719 0.162783 0.125808 56306 
1228923026 40811 158583 7.771581 146 8360 6336 183.786430 0.163125 0.125833 56477 
1229009426 40947 159151 7.773512 147 8354 6379 183.961707 0.163148 0.125860 56666 
1229095826 41096 159777 7.775793 147 8371 6390 184.159432 0.163335 0.125704 56883 
1229182226 41215 160212 7.774451 147 8392 6410 184.187990 0.163637 0.125652 57024 
1229268626 41323 160617 7.773734 147 8431 6405 184.254919 0.163776 0.125279 57170 
1229355026 41447 161131 7.775279 147 8437 6430 184.372524 0.164069 0.125660 57338 
1229441426 41614 161783 7.775412 147 8479 6435 184.519585 0.164210 0.125405 57548 
1229527826 41773 162459 7.778182 147 8489 6455 184.731238 0.164339 0.125491 57785 
1229614226 41929 163074 7.778578 148 8517 6478 184.859405 0.164685 0.125314 57988 
1229700626 42083 163661 7.778010 148 8533 6512 184.942423 0.164930 0.125346 58174 
1229787026 42198 164195 7.782122 148 8539 6529 185.150955 0.164974 0.125823 58372 
1229873426 42297 164669 7.786321 148 8536 6538 185.378727 0.165045 0.125666 58544 
1229959826 42434 165331 7.792383 148 8549 6511 185.668568 0.165179 0.125571 58785 
1230046226 42571 165986 7.798079 148 8552 6509 185.929060 0.165366 0.125381 59015 
1230132626 42698 166555 7.801536 148 8530 6563 186.118366 0.165558 0.125567 59215 
1230219026 42801 167020 7.804491 148 8531 6587 186.312516 0.165547 0.125678 59367 
1230305426 42903 167401 7.803697 148 8575 6578 186.384728 0.165729 0.125500 59497 
1230391826 43027 167861 7.802589 148 8619 6566 186.430613 0.165924 0.125277 59648 
1230478226 43133 168335 7.805393 148 8627 6570 186.585677 0.166045 0.125077 59790 
1230564626 43285 168936 7.805753 148 8645 6599 186.711332 0.166395 0.124766 59981 
1230651026 43476 169634 7.803570 148 8709 6610 186.813000 0.166628 0.124613 60212 
1230737426 43664 170318 7.801301 148 8756 6633 186.802767 0.167172 0.124660 60431 
1230823826 43814 170851 7.798923 149 8780 6679 186.886246 0.167071 0.124595 60619 
1230910226 43962 171459 7.800328 149 8800 6691 187.052272 0.167112 0.124603 60813 
1230996626 44108 172017 7.799810 149 8831 6703 187.119389 0.167430 0.124412 60995 
1231083026 44201 172561 7.808013 149 8818 6714 187.475306 0.167375 0.124788 61186 
1231169426 44338 173171 7.811403 150 8827 6732 187.723713 0.167252 0.124505 61394 
1231255826 44466 173926 7.822876 150 8807 6749 188.233437 0.167179 0.124486 61673 
1231342226 44578 174686 7.837319 150 8749 6782 188.741218 0.167163 0.125215 61973 
1231428626 44680 175398 7.851298 152 8689 6832 189.235004 0.166982 0.125416 62214 
1231515026 44781 176084 7.864228 152 8640 6842 189.679284 0.167381 0.126011 62470 
1231601426 44857 176673 7.877165 152 8597 6833 190.129344 0.167454 0.125911 62682 
1231687826 44937 177177 7.885573 152 8558 6849 190.445290 0.167507 0.125997 62850 
1231774226 45025 177774 7.896680 152 8491 6885 190.791649 0.167808 0.126512 63060 
1231860626 45130 178466 7.908974 152 8439 6915 191.266829 0.167726 0.126498 63307 
1231947026 45227 179157 7.922568 152 8413 6897 191.796316 0.167589 0.126612 63570 
1232033426 45335 179798 7.931973 152 8396 6911 192.119643 0.167844 0.126764 63795 
1232119826 45416 180433 7.945790 152 8348 6918 192.651841 0.167911 0.126931 64040 
1232206226 45501 181010 7.956309 152 8314 6920 193.055054 0.168028 0.127190 64254 
1232292626 45573 181549 7.967393 152 8258 6959 193.471529 0.167974 0.127393 64470 
1232379026 45633 182078 7.980102 152 8216 6966 193.940613 0.167988 0.127521 64673 
1232465426 45711 182714 7.994312 154 8158 6959 194.408961 0.168088 0.127428 64889 
1232551826 45792 183272 8.004542 154 8116 6981 194.819444 0.168177 0.127286 65092 
1232638226 45812 183401 8.006679 154 8110 6981 194.881079 0.168246 0.127362 65141 
