1165073426 0 0 0.000000 0 0 0 0.000000 0.000000 0.000000 0 
1165159826 7999 18411 4.603325 46 2057 1313 42.159020 0.208097 0.091891 4164 
1165246226 8025 18512 4.613583 46 2060 1312 42.363614 0.207517 0.092279 4197 
1165332626 8056 18639 4.627358 47 2064 1311 42.656157 0.207351 0.092732 4243 
1165419026 8089 18782 4.643837 47 2066 1313 42.974657 0.207347 0.094275 4291 
1165505426 8111 18892 4.658365 47 2053 1334 43.257798 0.205141 0.095749 4330 
1165591826 8142 18998 4.666667 47 2066 1330 43.435274 0.205973 0.095745 4366 
1165678226 8160 19096 4.680392 47 2061 1335 43.716912 0.206882 0.096650 4401 
1165764626 8180 19167 4.686308 47 2066 1337 43.855746 0.206435 0.097180 4429 
1165851026 8209 19263 4.693142 47 2076 1341 44.023633 0.205770 0.097488 4458 
1165937426 8236 19381 4.706411 49 2070 1353 44.303788 0.204940 0.098304 4506 
1166023826 8277 19493 4.710161 49 2083 1358 44.458379 0.204314 0.097866 4529 
1166110226 8304 19624 4.726397 49 2076 1368 44.820809 0.204150 0.099110 4573 
1166196626 8330 19736 4.738535 51 2070 1383 45.068427 0.203683 0.100004 4615 
1166283026 8346 19826 4.751018 51 2069 1386 45.316319 0.202927 0.100235 4652 
1166369426 8358 19915 4.765494 51 2063 1392 45.586743 0.202937 0.101428 4680 
1166455826 8382 20012 4.774994 51 2067 1391 45.768790 0.202739 0.101538 4716 
1166542226 8405 20121 4.787864 51 2072 1386 46.055919 0.201313 0.101381 4752 
1166628626 8427 20223 4.799573 51 2075 1387 46.306396 0.201560 0.101304 4795 
1166715026 8455 20365 4.817268 51 2074 1387 46.624009 0.201674 0.101883 4842 
1166801426 8481 20480 4.829619 51 2080 1386 46.919231 0.201615 0.102210 4885 
1166887826 8504 20568 4.837253 51 2080 1394 47.090075 0.201437 0.102055 4914 
1166974226 8516 20633 4.845702 51 2077 1400 47.244951 0.201633 0.102499 4940 
1167060626 8534 20737 4.859855 51 2073 1403 47.522615 0.201172 0.102612 4974 
1167147026 8552 20848 4.875585 51 2068 1405 47.814780 0.200826 0.102756 5019 
1167233426 8566 20912 4.882559 51 2068 1407 47.963343 0.201049 0.103106 5049 
1167319826 8594 21025 4.892949 51 2064 1426 48.194554 0.200070 0.103564 5082 
1167406226 8618 21122 4.901833 51 2068 1426 48.380367 0.200131 0.104045 5117 
1167492626 8635 21217 4.914186 52 2069 1424 48.631384 0.200143 0.104795 5155 
1167579026 8650 21288 4.922081 52 2075 1418 48.819884 0.199252 0.104855 5179 
1167665426 8671 21376 4.930458 52 2078 1420 49.011417 0.198782 0.104650 5200 
1167751826 8689 21484 4.945103 52 2072 1426 49.330878 0.198644 0.105523 5249 
1167838226 8726 21580 4.946138 52 2092 1427 49.409351 0.198947 0.105097 5271 
1167924626 8743 21658 4.954363 52 2091 1429 49.578863 0.198596 0.105467 5293 
1168011026 8769 21769 4.964990 52 2092 1435 49.792679 0.198063 0.106409 5336 
1168097426 8791 21842 4.969173 52 2099 1438 49.926971 0.197799 0.106816 5362 
1168183826 8813 21934 4.977647 52 2091 1451 50.086463 0.197725 0.107861 5393 
1168270226 8844 22043 4.984848 52 2107 1443 50.275215 0.197769 0.108043 5422 
1168356626 8864 22147 4.997067 52 2097 1450 50.503610 0.197379 0.108301 5445 
1168443026 8892 22265 5.007872 52 2101 1452 50.788349 0.197130 0.108672 5499 
1168529426 8920 22366 5.014798 52 2103 1470 50.965471 0.197280 0.108765 5529 
1168615826 8941 22469 5.026060 52 2104 1469 51.229169 0.196044 0.109355 5568 
1168702226 8960 22544 5.032143 52 2114 1470 51.414286 0.195290 0.109479 5590 
1168788626 8980 22625 5.038976 52 2115 1470 51.574388 0.195414 0.109779 5614 
1168875026 9004 22707 5.043758 53 2117 1476 51.701022 0.194774 0.109973 5649 
1168961426 9031 22830 5.055919 53 2122 1478 51.961688 0.195303 0.110109 5699 
1169047826 9068 22940 5.059550 53 2148 1470 52.179532 0.195394 0.109549 5738 
1169134226 9088 23064 5.075704 53 2146 1471 52.560079 0.194170 0.109679 5776 
1169220626 9114 23175 5.085583 54 2150 1479 52.859996 0.194638 0.109659 5805 
1169307026 9139 23270 5.092461 54 2155 1481 53.014991 0.194467 0.110068 5837 
1169393426 9154 23364 5.104654 54 2155 1477 53.274416 0.194272 0.110135 5868 
1169479826 9178 23465 5.113314 54 2155 1478 53.486816 0.194121 0.110297 5901 
1169566226 9208 23573 5.120113 54 2168 1477 53.651607 0.194092 0.110198 5937 
1169652626 9234 23696 5.132337 54 2167 1482 53.926576 0.192986 0.110677 5972 
1169739026 9263 23832 5.145633 54 2173 1476 54.265789 0.191648 0.111593 6011 
1169825426 9290 23938 5.153498 54 2174 1482 54.434876 0.192175 0.111888 6043 
1169911826 9312 24024 5.159794 54 2186 1475 54.564648 0.192403 0.112483 6074 
1169998226 9331 24121 5.170078 54 2184 1479 54.821348 0.190986 0.112787 6107 
1170084626 9356 24241 5.181915 55 2191 1475 55.099401 0.190144 0.112921 6150 
1170171026 9380 24374 5.197015 55 2182 1483 55.418977 0.189654 0.114087 6203 
1170257426 9416 24523 5.208794 55 2184 1497 55.719839 0.188771 0.114170 6238 
1170343826 9437 24670 5.228356 55 2178 1506 56.173360 0.188340 0.114846 6295 
1170430226 9465 24817 5.243951 56 2179 1510 56.536080 0.187437 0.115201 6347 
1170516626 9492 24945 5.256005 56 2178 1516 56.841761 0.186874 0.115284 6388 
1170603026 9511 25053 5.268216 56 2185 1510 57.120177 0.186461 0.114992 6419 
1170689426 9535 25175 5.280545 57 2178 1518 57.396749 0.186068 0.115438 6459 
1170775826 9561 25284 5.288987 57 2179 1525 57.620960 0.185936 0.115729 6489 
1170862226 9597 25411 5.295613 57 2184 1537 57.833490 0.185450 0.115945 6531 
1170948626 9620 25549 5.311642 57 2179 1542 58.196466 0.185118 0.116113 6580 
1171035026 9648 25688 5.325041 57 2180 1542 58.564884 0.184864 0.116037 6634 
1171121426 9679 25801 5.331336 57 2189 1542 58.785618 0.184308 0.115850 6672 
1171207826 9704 25902 5.338417 57 2196 1546 58.981039 0.184030 0.115419 6703 
1171294226 9725 26036 5.354447 58 2196 1547 59.372134 0.182717 0.115602 6750 
1171380626 9752 26188 5.370796 59 2197 1552 59.812551 0.181648 0.115535 6800 
1171467026 9793 26329 5.377106 61 2217 1546 60.074339 0.179693 0.115194 6842 
1171553426 9827 26507 5.394729 61 2210 1553 60.454869 0.179255 0.116225 6897 
1171639826 9854 26606 5.400041 61 2221 1553 60.615994 0.179255 0.116344 6930 
1171726226 9869 26684 5.407640 61 2221 1553 60.781032 0.179404 0.116373 6961 
1171812626 9881 26745 5.413420 62 2223 1557 60.941200 0.178655 0.116223 6984 
1171899026 9892 26805 5.419531 62 2229 1552 61.105135 0.179013 0.116127 7015 
1171985426 9908 26886 5.427130 62 2232 1556 61.323375 0.178938 0.115928 7042 
1172071826 9923 26971 5.436058 62 2234 1554 61.511035 0.178510 0.115978 7074 
1172158226 9952 27105 5.447146 62 2243 1552 61.804863 0.178576 0.116615 7130 
1172244626 9973 27246 5.463953 62 2237 1552 62.176677 0.178403 0.116524 7184 
1172331026 9994 27359 5.475085 62 2232 1563 62.408245 0.177821 0.117076 7226 
1172417426 10016 27464 5.484026 62 2234 1557 62.628195 0.177580 0.116989 7258 
1172503826 10039 27591 5.496763 62 2224 1562 62.893316 0.178262 0.117789 7305 
1172590226 10075 27782 5.515037 62 2232 1557 63.385012 0.177673 0.118704 7392 
1172676626 10105 27941 5.530134 62 2228 1563 63.763681 0.177650 0.119035 7454 
1172763026 10128 28103 5.549566 62 2218 1572 64.176540 0.177197 0.119920 7522 
1172849426 10160 28264 5.563780 62 2227 1568 64.579331 0.176591 0.120124 7571 
1172935826 10174 28341 5.571260 62 2230 1564 64.754865 0.176529 0.120468 7595 
1173022226 10197 28436 5.577327 62 2239 1567 64.952633 0.177323 0.121316 7643 
1173108626 10222 28555 5.586969 62 2243 1576 65.206222 0.176645 0.120978 7682 
1173195026 10254 28742 5.606007 63 2238 1581 65.679930 0.175180 0.121782 7757 
1173281426 10283 28925 5.625790 63 2223 1600 66.109307 0.176104 0.122736 7830 
1173367826 10310 29091 5.643259 64 2223 1600 66.590301 0.174339 0.122825 7894 
1173454226 10335 29232 5.656894 64 2223 1603 66.942816 0.174058 0.122733 7956 
1173540626 10358 29342 5.665573 64 2223 1606 67.134003 0.173772 0.122578 7992 
1173627026 10369 29408 5.672292 64 2221 1604 67.321053 0.172863 0.123059 8018 
1173713426 10384 29511 5.683937 64 2217 1607 67.587442 0.172956 0.123363 8071 
1173799826 10419 29666 5.694596 64 2216 1621 67.895000 0.171656 0.123992 8129 
1173886226 10451 29824 5.707396 64 2216 1630 68.285332 0.171216 0.123344 8177 
1173972626 10473 29987 5.726535 64 2207 1634 68.743245 0.170772 0.124110 8244 
1174059026 10502 30108 5.733765 65 2219 1631 68.979813 0.170510 0.123253 8283 
1174145426 10521 30227 5.746032 65 2215 1637 69.282768 0.170507 0.123732 8319 
1174231826 10539 30330 5.755764 66 2215 1639 69.562387 0.169754 0.123717 8359 
1174318226 10557 30455 5.769632 66 2205 1641 69.873259 0.169930 0.123770 8397 
1174404626 10590 30603 5.779603 66 2216 1642 70.168839 0.170068 0.123293 8452 
1174491026 10621 30752 5.790792 66 2223 1647 70.505790 0.170320 0.123261 8498 
1174577426 10646 30903 5.805561 66 2221 1642 70.919782 0.169910 0.123021 8566 
1174663826 10668 31042 5.819648 66 2217 1647 71.240532 0.169704 0.123269 8612 
1174750226 10689 31142 5.826925 66 2214 1664 71.452708 0.169358 0.124127 8650 
1174836626 10701 31218 5.834595 66 2210 1667 71.658910 0.169077 0.124459 8673 
1174923026 10734 31336 5.838644 66 2221 1669 71.861748 0.168308 0.124109 8709 
1175009426 10766 31474 5.846926 66 2232 1667 72.113691 0.168441 0.124310 8770 
1175095826 10790 31615 5.860056 66 2229 1666 72.439852 0.168045 0.124129 8818 
1175182226 10819 31758 5.870783 66 2224 1685 72.739625 0.167427 0.123924 8862 
1175268626 10847 31866 5.875542 68 2235 1688 72.970038 0.166622 0.123777 8890 
1175355026 10867 31972 5.884237 69 2241 1682 73.235852 0.165288 0.123749 8923 
1175441426 10875 32040 5.892414 69 2239 1681 73.420138 0.165145 0.123636 8945 
1175527826 10893 32151 5.903057 69 2228 1696 73.641054 0.165460 0.123738 8984 
1175614226 10911 32279 5.916781 69 2222 1705 73.960774 0.164924 0.123908 9034 
1175700626 10933 32409 5.928656 69 2233 1689 74.299460 0.164703 0.123624 9092 
1175787026 10952 32529 5.940285 70 2229 1691 74.598064 0.164584 0.123596 9139 
1175873426 10982 32628 5.942087 71 2240 1685 74.686032 0.164784 0.123248 9166 
1175959826 11001 32724 5.949277 71 2248 1682 74.897918 0.164624 0.123046 9195 
1176046226 11025 32821 5.953923 71 2254 1682 75.028753 0.164653 0.122504 9224 
1176132626 11041 32925 5.964134 71 2254 1682 75.291731 0.164570 0.122903 9272 
1176219026 11077 33099 5.976167 71 2264 1676 75.631850 0.164357 0.122996 9323 
1176305426 11109 33303 5.995679 71 2264 1673 76.225583 0.164243 0.123924 9420 
1176391826 11129 33419 6.005751 71 2269 1673 76.502291 0.164322 0.123405 9462 
1176478226 11153 33541 6.014705 71 2269 1678 76.771990 0.163802 0.123212 9499 
1176564626 11167 33640 6.024895 71 2272 1671 77.021223 0.163784 0.123245 9537 
1176651026 11185 33729 6.031113 71 2273 1675 77.210371 0.163786 0.123149 9573 
1176737426 11201 33845 6.043210 71 2270 1673 77.502366 0.163318 0.123117 9611 
1176823826 11227 34024 6.061103 71 2269 1674 77.972032 0.163088 0.123412 9682 
1176910226 11260 34209 6.076199 71 2259 1695 78.366963 0.162617 0.123416 9755 
1176996626 11285 34355 6.088613 71 2260 1693 78.754276 0.161800 0.123403 9800 
1177083026 11321 34518 6.098048 71 2275 1698 79.090010 0.161918 0.123436 9853 
1177169426 11346 34614 6.101534 71 2281 1698 79.188084 0.162382 0.123365 9875 
1177255826 11361 34695 6.107737 71 2280 1700 79.350761 0.162435 0.123365 9900 
1177342226 11378 34816 6.119880 71 2278 1696 79.658288 0.162223 0.123149 9949 
1177428626 11401 34973 6.135076 72 2268 1696 80.066836 0.161741 0.123627 10019 
1177515026 11428 35123 6.146832 72 2284 1687 80.435947 0.161430 0.123892 10087 
1177601426 11457 35284 6.159379 72 2278 1699 80.779611 0.161054 0.124247 10136 
1177687826 11495 35431 6.164593 72 2287 1710 81.013832 0.161264 0.124401 10190 
1177774226 11517 35537 6.171225 72 2287 1720 81.224103 0.161004 0.124166 10225 
1177860626 11532 35629 6.179154 72 2286 1726 81.431495 0.161126 0.124240 10263 
1177947026 11559 35770 6.189117 72 2291 1727 81.721775 0.160662 0.124294 10322 
1178033426 11596 35936 6.197999 72 2298 1736 82.029148 0.160788 0.123984 10379 
1178119826 11623 36074 6.207348 72 2306 1743 82.331068 0.160764 0.123702 10428 
1178206226 11642 36228 6.223673 72 2301 1747 82.758461 0.160741 0.124318 10493 
1178292626 11665 36357 6.233519 73 2303 1752 83.059408 0.160410 0.124122 10535 
1178379026 11685 36494 6.246299 74 2301 1753 83.420796 0.160035 0.124221 10598 
1178465426 11709 36590 6.249893 75 2304 1764 83.581348 0.159784 0.124787 10637 
1178551826 11728 36727 6.263131 76 2298 1762 83.946112 0.159782 0.125239 10702 
1178638226 11750 36913 6.283064 76 2288 1768 84.495149 0.159085 0.125211 10777 
1178724626 11782 37043 6.288067 76 2300 1770 84.682736 0.159158 0.125418 10822 
1178811026 11805 37185 6.299873 76 2299 1772 84.990936 0.159351 0.125518 10881 
1178897426 11835 37331 6.308576 76 2303 1770 85.235488 0.158878 0.125600 10940 
1178983826 11854 37413 6.312300 76 2306 1776 85.371858 0.159017 0.125534 10967 
1179070226 11875 37518 6.318821 76 2308 1774 85.559074 0.159276 0.125796 11009 
1179156626 11901 37666 6.329888 76 2308 1778 85.909755 0.158363 0.125912 11069 
1179243026 11930 37831 6.342163 76 2304 1788 86.245264 0.157979 0.126342 11136 
1179329426 11959 37968 6.349695 76 2312 1786 86.450372 0.158196 0.126215 11183 
1179415826 11986 38104 6.358084 76 2313 1794 86.722009 0.157622 0.126227 11230 
1179502226 12016 38262 6.368509 76 2319 1790 87.093708 0.157935 0.126793 11300 
1179588626 12030 38382 6.381047 76 2313 1797 87.403658 0.157935 0.127016 11357 
1179675026 12044 38464 6.387247 76 2318 1788 87.586848 0.157270 0.126712 11379 
1179761426 12062 38591 6.398773 76 2308 1794 87.903830 0.157019 0.127033 11424 
1179847826 12083 38723 6.409501 76 2303 1803 88.172639 0.157388 0.127251 11465 
1179934226 12104 38863 6.421514 76 2297 1816 88.520324 0.157467 0.127447 11525 
1180020626 12147 39071 6.433029 76 2309 1812 88.895365 0.157588 0.127619 11608 
1180107026 12173 39229 6.445248 76 2303 1818 89.261152 0.156879 0.127569 11666 
1180193426 12191 39339 6.453777 76 2304 1814 89.501107 0.157064 0.127830 11706 
1180279826 12207 39432 6.460555 76 2301 1818 89.719341 0.156873 0.128332 11754 
1180366226 12238 39562 6.465436 76 2320 1805 89.937898 0.156625 0.128046 11811 
1180452626 12259 39709 6.478342 77 2321 1801 90.331185 0.156081 0.128005 11874 
1180539026 12288 39889 6.492350 77 2326 1793 90.737630 0.155829 0.128126 11942 
1180625426 12309 40065 6.509871 77 2310 1808 91.193598 0.154936 0.128946 12023 
1180711826 12337 40213 6.519089 77 2311 1809 91.487234 0.154886 0.128841 12076 
1180798226 12353 40334 6.530236 77 2307 1810 91.800696 0.154747 0.129113 12130 
1180884626 12372 40421 6.534271 77 2314 1806 91.951018 0.154782 0.128844 12154 
1180971026 12392 40526 6.540671 77 2324 1804 92.246127 0.154628 0.128797 12197 
1181057426 12433 40669 6.542106 77 2345 1805 92.420655 0.154760 0.128298 12239 
1181143826 12462 40797 6.547424 77 2352 1809 92.626545 0.154851 0.128327 12288 
1181230226 12497 40938 6.551652 77 2370 1801 92.829319 0.154813 0.127858 12331 
1181316626 12524 41082 6.560524 78 2375 1790 93.104439 0.154958 0.127691 12379 
1181403026 12550 41174 6.561594 78 2386 1796 93.207968 0.155481 0.127441 12410 
1181489426 12576 41283 6.565363 78 2402 1784 93.386927 0.155565 0.127251 12451 
1181575826 12596 41414 6.575738 78 2404 1780 93.712766 0.155200 0.127289 12510 
1181662226 12633 41593 6.584818 78 2409 1792 94.076941 0.154774 0.128142 12583 
1181748626 12668 41751 6.591569 79 2415 1798 94.330755 0.154168 0.128205 12633 
1181835026 12706 41925 6.599244 79 2420 1817 94.600189 0.154246 0.129000 12705 
1181921426 12732 42090 6.611687 81 2411 1834 95.008954 0.153820 0.128918 12768 
1182007826 12749 42213 6.622166 81 2409 1830 95.313829 0.153783 0.129081 12813 
1182094226 12777 42342 6.627847 81 2413 1840 95.581748 0.153658 0.129179 12868 
1182180626 12799 42489 6.639425 81 2420 1833 95.881397 0.154055 0.128944 12925 
1182267026 12824 42639 6.649875 82 2419 1839 96.193543 0.154246 0.129305 12992 
1182353426 12851 42791 6.659560 82 2426 1839 96.515913 0.154708 0.129335 13063 
1182439826 12877 42927 6.667236 82 2425 1843 96.763066 0.154658 0.129535 13114 
1182526226 12919 43108 6.673582 82 2441 1846 97.034910 0.154276 0.129440 13171 
1182612626 12937 43253 6.686713 82 2437 1839 97.431553 0.153575 0.129379 13219 
1182699026 12961 43364 6.691459 82 2448 1836 97.623177 0.153454 0.129046 13260 
1182785426 12999 43514 6.694977 82 2464 1838 97.810447 0.153423 0.128775 13310 
1182871826 13040 43689 6.700767 82 2466 1860 98.109202 0.153113 0.129856 13377 
1182958226 13069 43833 6.707935 82 2471 1869 98.383197 0.152921 0.129715 13430 
1183044626 13106 43981 6.711582 82 2488 1859 98.575004 0.152553 0.129648 13479 
1183131026 13133 44113 6.717886 82 2492 1860 98.764334 0.153081 0.129645 13527 
1183217426 13159 44248 6.725131 82 2495 1865 98.990805 0.152766 0.129693 13572 
1183303826 13173 44345 6.732711 82 2485 1874 99.206407 0.152793 0.129993 13605 
1183390226 13209 44494 6.736922 82 2499 1879 99.434022 0.152847 0.129909 13660 
1183476626 13240 44688 6.750453 82 2496 1889 99.866767 0.152904 0.130197 13747 
1183563026 13278 44832 6.752824 82 2505 1895 99.976352 0.153265 0.130256 13798 
1183649426 13306 44953 6.756801 82 2523 1888 100.200661 0.152976 0.130067 13845 
1183735826 13335 45142 6.770454 84 2525 1891 100.689914 0.152277 0.129670 13921 
1183822226 13352 45270 6.781007 86 2519 1892 101.005392 0.151953 0.130121 13975 
1183908626 13379 45409 6.788101 86 2527 1892 101.260184 0.152323 0.130089 14030 
1183995026 13414 45560 6.792903 87 2535 1898 101.472939 0.152332 0.130771 14093 
1184081426 13456 45733 6.797414 87 2553 1900 101.716855 0.152242 0.130454 14150 
1184167826 13484 45898 6.807772 88 2559 1893 102.084841 0.151541 0.130249 14209 
1184254226 13512 46059 6.817496 88 2566 1893 102.403937 0.151531 0.130203 14272 
1184340626 13536 46224 6.829787 88 2567 1890 102.774970 0.151270 0.130507 14342 
1184427026 13560 46374 6.839823 89 2569 1888 103.118584 0.150948 0.130240 14406 
1184513426 13575 46477 6.847440 89 2564 1889 103.327145 0.151079 0.129734 14438 
1184599826 13603 46673 6.862163 89 2548 1905 103.753437 0.151147 0.129549 14518 
1184686226 13644 46866 6.869833 89 2559 1910 104.072120 0.151002 0.129664 14593 
1184772626 13682 47029 6.874580 90 2572 1912 104.296594 0.150956 0.129581 14662 
1184859026 13721 47216 6.882297 90 2579 1922 104.585380 0.150702 0.129604 14720 
1184945426 13755 47394 6.891167 91 2593 1921 104.949182 0.150141 0.129453 14802 
1185031826 13789 47537 6.894916 91 2595 1933 105.130176 0.149929 0.129793 14860 
1185118226 13818 47654 6.897380 91 2603 1940 105.262990 0.149772 0.129830 14904 
1185204626 13845 47778 6.901842 92 2612 1940 105.461900 0.149968 0.129576 14958 
1185291026 13874 47922 6.908174 92 2620 1939 105.690789 0.150101 0.129783 15014 
1185377426 13907 48081 6.914647 93 2628 1945 105.995398 0.150313 0.129329 15072 
1185463826 13939 48245 6.922304 93 2637 1943 106.274338 0.150099 0.129755 15145 
1185550226 13973 48390 6.926215 93 2646 1946 106.482931 0.150135 0.129535 15204 
1185636626 13998 48535 6.934562 93 2648 1953 106.765252 0.149382 0.129496 15262 
1185723026 14022 48637 6.937241 94 2656 1954 106.907431 0.149237 0.129734 15297 
1185809426 14057 48797 6.942733 94 2674 1949 107.230846 0.148739 0.129552 15368 
1185895826 14091 48975 6.951245 94 2675 1962 107.542403 0.148552 0.129622 15428 
1185982226 14119 49142 6.961116 94 2673 1969 107.867838 0.148376 0.130077 15497 
1186068626 14156 49324 6.968635 94 2679 1967 108.165442 0.148646 0.130271 15559 
1186155026 14198 49500 6.972813 94 2689 1972 108.389491 0.148560 0.130275 15626 
1186241426 14223 49623 6.977853 94 2697 1971 108.614919 0.148534 0.130698 15691 
1186327826 14241 49755 6.987571 95 2692 1980 108.929850 0.148683 0.130695 15750 
1186414226 14281 49933 6.992928 95 2706 1986 109.174568 0.148404 0.130343 15813 
1186500626 14318 50145 7.004470 95 2702 2008 109.546724 0.148429 0.130159 15887 
1186587026 14351 50361 7.018466 95 2701 2016 110.056860 0.148074 0.130355 15979 
1186673426 14387 50583 7.031765 96 2705 2007 110.471676 0.147672 0.130371 16055 
1186759826 14417 50743 7.039329 96 2709 2009 110.759659 0.147335 0.130055 16113 
1186846226 14447 50869 7.042154 96 2715 2022 110.891535 0.147397 0.129932 16154 
1186932626 14467 50986 7.048593 96 2714 2030 111.119513 0.147561 0.130007 16199 
1187019026 14485 51118 7.058060 96 2715 2028 111.411253 0.147766 0.129887 16248 
1187105426 14518 51274 7.063507 96 2726 2024 111.630665 0.147930 0.129704 16312 
1187191826 14547 51447 7.073211 97 2721 2037 111.933182 0.147393 0.130045 16391 
1187278226 14584 51609 7.077482 97 2730 2044 112.109984 0.147266 0.129994 16443 
1187364626 14611 51770 7.086442 97 2737 2042 112.384642 0.148052 0.129908 16509 
1187451026 14630 51916 7.097198 97 2733 2034 112.677102 0.148089 0.130298 16569 
1187537426 14654 52067 7.106183 97 2734 2039 112.957691 0.148125 0.130654 16630 
1187623826 14678 52217 7.115002 97 2738 2038 113.248126 0.148141 0.130855 16699 
1187710226 14708 52399 7.125238 97 2734 2047 113.580228 0.147909 0.131252 16770 
1187796626 14747 52547 7.126466 97 2758 2037 113.762257 0.147948 0.130890 16828 
1187883026 14779 52704 7.132282 97 2768 2034 114.033967 0.147521 0.130521 16894 
1187969426 14823 52875 7.134183 97 2779 2050 114.186062 0.147344 0.130390 16951 
1188055826 14845 53013 7.142203 97 2779 2057 114.492556 0.147721 0.130442 17008 
1188142226 14864 53140 7.150161 97 2772 2071 114.753902 0.147680 0.130763 17051 
1188228626 14892 53329 7.162100 97 2773 2072 115.131749 0.147041 0.130273 17110 
1188315026 14928 53507 7.168676 97 2782 2071 115.431538 0.147034 0.130163 17178 
1188401426 14959 53692 7.178555 97 2778 2086 115.788087 0.147432 0.130292 17258 
1188487826 14984 53863 7.189402 97 2772 2090 116.132408 0.148100 0.130610 17328 
1188574226 15012 54025 7.197575 98 2774 2093 116.436051 0.148103 0.130818 17394 
1188660626 15036 54149 7.202580 98 2785 2087 116.620378 0.148022 0.130638 17441 
1188747026 15055 54253 7.207307 98 2785 2091 116.801860 0.147772 0.130796 17485 
1188833426 15086 54392 7.210924 98 2795 2096 116.972690 0.147806 0.130955 17541 
1188919826 15110 54528 7.217472 98 2799 2096 117.224487 0.147817 0.131323 17594 
1189006226 15141 54711 7.226867 98 2801 2089 117.494353 0.148244 0.130998 17658 
1189092626 15179 54930 7.237631 98 2812 2091 118.002767 0.148200 0.130976 17755 
1189179026 15211 55085 7.242785 99 2817 2099 118.221419 0.148077 0.131018 17815 
1189265426 15243 55213 7.244374 99 2830 2109 118.377878 0.147868 0.130879 17856 
1189351826 15264 55345 7.251703 99 2827 2110 118.625917 0.147686 0.131104 17909 
1189438226 15319 55541 7.251257 100 2851 2113 118.790783 0.147885 0.131070 17989 
1189524626 15345 55704 7.260215 100 2846 2126 119.151776 0.147713 0.131158 18058 
1189611026 15384 55873 7.263781 100 2861 2118 119.372985 0.147884 0.130994 18134 
1189697426 15423 56027 7.265383 100 2876 2123 119.546132 0.148059 0.131013 18200 
1189783826 15449 56169 7.271539 100 2874 2133 119.786912 0.147805 0.131413 18253 
1189870226 15479 56316 7.276439 100 2873 2150 120.041734 0.147746 0.131454 18310 
1189956626 15507 56451 7.280712 100 2876 2159 120.267879 0.147486 0.131701 18362 
1190043026 15544 56616 7.284611 101 2881 2176 120.528435 0.147214 0.132121 18435 
1190129426 15586 56808 7.289619 101 2893 2177 120.796612 0.147407 0.131853 18502 
1190215826 15623 57001 7.297062 101 2897 2178 121.128720 0.147757 0.132767 18598 
1190302226 15679 57222 7.299190 101 2927 2176 121.378149 0.147844 0.132126 18675 
1190388626 15725 57433 7.304674 101 2934 2190 121.650747 0.147775 0.132208 18754 
1190475026 15752 57578 7.310564 101 2933 2204 121.895886 0.147578 0.132730 18819 
1190561426 15788 57698 7.309096 101 2955 2199 121.979098 0.147631 0.132870 18875 
1190647826 15832 57852 7.308236 101 2978 2194 122.119884 0.147694 0.132590 18934 
1190734226 15880 58033 7.308942 101 2995 2195 122.279597 0.147706 0.132007 18992 
1190820626 15928 58212 7.309392 102 3012 2207 122.450151 0.147559 0.131528 19051 
1190907026 15971 58423 7.316135 102 3010 2227 122.767516 0.147384 0.132055 19143 
1190993426 16017 58621 7.319848 102 3024 2236 122.995817 0.147714 0.131875 19211 
1191079826 16053 58741 7.318383 102 3043 2242 123.052763 0.147732 0.131754 19251 
1191166226 16090 58864 7.316843 102 3060 2248 123.114605 0.147879 0.131500 19291 
1191252626 16145 59035 7.313100 103 3087 2251 123.205203 0.148009 0.131233 19347 
1191339026 16195 59260 7.318308 103 3100 2254 123.506020 0.148301 0.131063 19442 
1191425426 16234 59430 7.321671 104 3112 2248 123.699027 0.148068 0.131342 19513 
1191511826 16287 59631 7.322527 104 3127 2267 123.933812 0.147909 0.131005 19584 
1191598226 16329 59813 7.325984 105 3142 2263 124.146243 0.148043 0.131076 19649 
1191684626 16371 59960 7.325148 105 3163 2264 124.244945 0.147900 0.130827 19704 
1191771026 16400 60063 7.324756 105 3170 2274 124.325122 0.147769 0.130555 19731 
1191857426 16433 60248 7.332563 105 3167 2288 124.626179 0.147373 0.130705 19808 
1191943826 16484 60429 7.331837 105 3191 2294 124.750303 0.147586 0.130226 19865 
1192030226 16522 60590 7.334463 105 3197 2298 124.910907 0.147462 0.130401 19929 
1192116626 16568 60773 7.336190 105 3217 2298 125.100797 0.147600 0.130408 19997 
1192203026 16610 60946 7.338471 105 3223 2312 125.282721 0.147221 0.130602 20062 
1192289426 16646 61061 7.336417 105 3241 2306 125.304818 0.147715 0.130563 20108 
1192375826 16671 61172 7.338732 105 3248 2312 125.452102 0.147755 0.130757 20157 
1192462226 16700 61316 7.343234 105 3261 2309 125.646228 0.147848 0.130736 20215 
1192548626 16741 61527 7.350457 105 3267 2318 126.003823 0.147363 0.130503 20291 
1192635026 16783 61719 7.354943 105 3279 2316 126.261217 0.147735 0.130564 20376 
1192721426 16826 61905 7.358255 105 3297 2313 126.488292 0.147451 0.130661 20460 
1192807826 16880 62088 7.356398 105 3326 2316 126.631635 0.147350 0.130667 20528 
1192894226 16903 62201 7.359759 105 3335 2312 126.807904 0.147139 0.130464 20567 
1192980626 16922 62280 7.360832 105 3345 2308 126.888547 0.147235 0.130373 20600 
1193067026 16947 62408 7.365079 105 3342 2320 127.099428 0.147226 0.130337 20648 
1193153426 16978 62596 7.373778 105 3332 2341 127.425256 0.147254 0.130493 20724 
1193239826 17025 62797 7.377034 105 3354 2337 127.668840 0.147307 0.130473 20814 
1193326226 17062 62967 7.380964 105 3371 2332 127.891455 0.147050 0.130164 20892 
1193412626 17108 63144 7.381810 105 3386 2341 128.092354 0.147019 0.130238 20958 
1193499026 17125 63250 7.386861 105 3388 2346 128.285781 0.147056 0.130222 21000 
1193585426 17147 63330 7.386715 105 3399 2346 128.342567 0.146917 0.130145 21027 
1193671826 17173 63429 7.387061 105 3417 2343 128.463635 0.146690 0.129738 21064 
1193758226 17209 63607 7.392295 105 3418 2354 128.711604 0.146879 0.130018 21125 
1193844626 17245 63770 7.395767 105 3421 2365 128.929081 0.146538 0.130050 21188 
1193931026 17278 63896 7.396226 105 3435 2361 129.054867 0.146818 0.130103 21239 
1194017426 17313 64077 7.402183 105 3448 2360 129.276497 0.146886 0.130071 21316 
1194103826 17342 64196 7.403529 105 3457 2366 129.404336 0.147037 0.129947 21363 
1194190226 17364 64313 7.407625 105 3459 2372 129.594794 0.147181 0.129954 21422 
1194276626 17394 64451 7.410716 105 3466 2377 129.763827 0.147229 0.129858 21478 
1194363026 17439 64623 7.411319 105 3480 2377 129.870979 0.147519 0.129898 21540 
1194449426 17477 64791 7.414430 106 3494 2381 130.098644 0.147229 0.129978 21609 
1194535826 17510 64986 7.422730 106 3492 2400 130.408110 0.147238 0.130328 21688 
1194622226 17546 65153 7.426536 107 3502 2408 130.645389 0.147055 0.130002 21747 
1194708626 17580 65296 7.428441 107 3514 2409 130.790216 0.146964 0.130155 21807 
1194795026 17604 65402 7.430357 107 3529 2395 130.915247 0.147088 0.129770 21855 
1194881426 17639 65544 7.431714 107 3543 2393 131.069108 0.147077 0.129626 21910 
1194967826 17682 65749 7.436828 107 3563 2383 131.359462 0.146869 0.129575 21984 
1195054226 17728 65935 7.438515 107 3577 2391 131.533168 0.147177 0.129649 22034 
1195140626 17764 66095 7.441455 107 3588 2398 131.713803 0.147220 0.129501 22096 
1195227026 17800 66261 7.445056 108 3601 2403 131.989213 0.147057 0.129549 22168 
1195313426 17832 66377 7.444706 108 3602 2416 132.054733 0.146961 0.129941 22217 
1195399826 17851 66493 7.449779 108 3608 2418 132.271133 0.146919 0.129623 22263 
1195486226 17882 66631 7.452298 108 3610 2434 132.483391 0.146842 0.129837 22317 
1195572626 17918 66823 7.458757 108 3614 2448 132.798638 0.146385 0.129855 22384 
1195659026 17951 66969 7.461311 108 3624 2454 132.989360 0.146275 0.129777 22438 
1195745426 17968 67072 7.465717 108 3625 2458 133.152827 0.146302 0.129930 22478 
1195831826 17992 67176 7.467319 108 3630 2465 133.280124 0.146395 0.129901 22511 
1195918226 18013 67261 7.468051 108 3637 2467 133.361905 0.146449 0.129798 22545 
1196004626 18031 67373 7.473019 108 3634 2470 133.524153 0.146415 0.129927 22588 
1196091026 18058 67523 7.478458 108 3637 2475 133.749474 0.146202 0.130003 22653 
1196177426 18096 67710 7.483422 108 3645 2489 134.043877 0.145774 0.129957 22718 
1196263826 18137 67883 7.485582 108 3658 2496 134.258698 0.145270 0.129811 22781 
1196350226 18169 68041 7.489790 108 3659 2498 134.454951 0.145163 0.130402 22844 
1196436626 18200 68199 7.494396 108 3656 2505 134.646154 0.145159 0.130421 22908 
1196523026 18226 68308 7.495666 108 3669 2500 134.743663 0.145196 0.130184 22950 
1196609426 18245 68415 7.499589 108 3674 2496 134.929789 0.145256 0.130017 22993 
1196695826 18277 68541 7.500246 108 3685 2500 135.044920 0.145155 0.129826 23037 
1196782226 18298 68716 7.510766 108 3677 2506 135.378183 0.145500 0.129753 23111 
1196868626 18324 68885 7.518555 108 3672 2508 135.697883 0.145381 0.130029 23191 
1196955026 18354 69020 7.520976 108 3685 2509 135.871527 0.145399 0.129891 23238 
1197041426 18390 69188 7.524524 108 3692 2509 136.012507 0.145838 0.130066 23318 
1197127826 18416 69322 7.528454 108 3688 2519 136.151064 0.145874 0.130039 23367 
1197214226 18439 69436 7.531428 108 3691 2524 136.297196 0.145885 0.129953 23405 
1197300626 18466 69548 7.532546 108 3704 2519 136.380375 0.146000 0.129596 23443 
1197387026 18505 69702 7.533315 108 3726 2521 136.523750 0.146030 0.129287 23497 
1197473426 18536 69863 7.538088 108 3733 2531 136.849158 0.145987 0.129368 23565 
1197559826 18569 70011 7.540632 108 3744 2533 137.007701 0.146226 0.129365 23634 
1197646226 18605 70138 7.539694 108 3767 2532 137.091750 0.146355 0.129194 23681 
1197732626 18628 70249 7.542302 108 3770 2541 137.250805 0.146205 0.129388 23735 
1197819026 18645 70335 7.544650 108 3774 2541 137.376562 0.146205 0.129540 23781 
1197905426 18676 70463 7.545834 108 3781 2548 137.497216 0.146234 0.129767 23825 
1197991826 18697 70563 7.548056 108 3785 2550 137.641654 0.146080 0.129781 23860 
1198078226 18741 70710 7.546022 108 3806 2552 137.695747 0.146187 0.129834 23920 
1198164626 18786 70844 7.542212 108 3828 2558 137.707335 0.146251 0.129902 23967 
1198251026 18812 70967 7.544865 108 3836 2557 137.842654 0.146341 0.129669 24008 
1198337426 18844 71088 7.544895 108 3852 2557 137.947039 0.146218 0.129487 24044 
1198423826 18855 71173 7.549509 108 3848 2561 138.113498 0.146194 0.129421 24081 
1198510226 18878 71257 7.549211 108 3855 2564 138.156161 0.146161 0.129334 24109 
1198596626 18892 71354 7.553885 108 3852 2567 138.314313 0.146276 0.129316 24150 
1198683026 18900 71418 7.557460 108 3854 2569 138.459577 0.146325 0.129319 24184 
1198769426 18922 71510 7.558398 108 3858 2573 138.560512 0.146161 0.129549 24219 
1198855826 18942 71631 7.563193 108 3864 2570 138.808785 0.145970 0.129840 24285 
1198942226 18961 71762 7.569432 108 3865 2572 139.050261 0.145818 0.129970 24343 
1199028626 18988 71864 7.569412 108 3873 2581 139.121445 0.145766 0.129964 24375 
1199115026 19015 71997 7.572653 108 3876 2587 139.311281 0.145575 0.130019 24426 
1199201426 19034 72094 7.575286 108 3883 2584 139.448040 0.145598 0.129987 24469 
1199287826 19060 72221 7.578279 108 3888 2588 139.634208 0.145348 0.130188 24516 
1199374226 19094 72337 7.576935 108 3909 2585 139.733948 0.145251 0.130026 24568 
1199460626 19120 72455 7.578975 108 3910 2597 139.856590 0.145515 0.130175 24611 
1199547026 19142 72544 7.579563 108 3913 2600 139.943266 0.145502 0.130331 24648 
1199633426 19170 72648 7.579343 108 3922 2608 140.028586 0.145620 0.130442 24692 
1199719826 19197 72741 7.578372 108 3934 2615 140.090639 0.145628 0.130374 24722 
1199806226 19221 72852 7.580459 108 3942 2623 140.228084 0.145482 0.130242 24768 
1199892626 19238 72954 7.584364 108 3944 2628 140.437675 0.145334 0.130230 24815 
1199979026 19265 73077 7.586504 108 3948 2638 140.603893 0.145130 0.130503 24871 
1200065426 19298 73195 7.585760 108 3955 2653 140.665561 0.145383 0.130733 24910 
1200151826 19329 73309 7.585390 108 3970 2652 140.737027 0.145232 0.130800 24958 
1200238226 19350 73405 7.587080 108 3969 2659 140.844755 0.145174 0.131061 24990 
1200324626 19381 73511 7.585883 108 3983 2661 140.905629 0.145225 0.130980 25030 
1200411026 19405 73650 7.590827 108 3972 2674 141.108374 0.145226 0.131288 25089 
1200497426 19449 73791 7.588154 108 3995 2682 141.205923 0.144992 0.131177 25135 
1200583826 19480 73929 7.590246 108 4000 2688 141.348460 0.145141 0.131200 25196 
1200670226 19511 74070 7.592640 108 4008 2695 141.512890 0.145332 0.131067 25255 
1200756626 19535 74164 7.592936 108 4019 2694 141.585974 0.145468 0.131034 25292 
1200843026 19551 74259 7.596440 108 4022 2696 141.769935 0.145231 0.130901 25336 
1200929426 19573 74379 7.600163 108 4018 2713 141.980892 0.145022 0.130987 25383 
1201015826 19602 74494 7.600653 108 4034 2713 142.094072 0.145086 0.131139 25445 
1201102226 19649 74650 7.598351 109 4055 2712 142.156547 0.144903 0.130694 25491 
1201188626 19682 74791 7.599939 109 4073 2706 142.348643 0.144719 0.130870 25548 
1201275026 19722 74944 7.600041 109 4078 2723 142.458980 0.144980 0.130997 25597 
1201361426 19769 75131 7.600890 109 4094 2734 142.624210 0.144805 0.130859 25673 
1201447826 19806 75306 7.604362 109 4107 2733 142.809250 0.144821 0.131031 25743 
1201534226 19837 75459 7.607904 110 4111 2739 143.024147 0.144634 0.131246 25809 
1201620626 19875 75660 7.613585 110 4117 2753 143.339371 0.144538 0.131809 25901 
1201707026 19919 75819 7.612732 110 4129 2769 143.447161 0.144560 0.132292 25976 
1201793426 19959 75959 7.611504 111 4146 2775 143.530037 0.144429 0.132267 26034 
1201879826 19995 76102 7.612103 111 4166 2777 143.692623 0.144345 0.132199 26090 
1201966226 20017 76201 7.613628 111 4174 2782 143.793276 0.144309 0.132329 26128 
1202052626 20029 76273 7.616256 111 4177 2784 143.903140 0.144385 0.132329 26161 
1202139026 20055 76351 7.614161 111 4192 2786 143.927699 0.144568 0.132118 26189 
1202225426 20077 76454 7.616078 111 4204 2785 144.072620 0.144508 0.131968 26242 
1202311826 20096 76531 7.616541 111 4211 2787 144.143810 0.144451 0.131981 26262 
1202398226 20137 76681 7.615931 111 4230 2794 144.261906 0.144652 0.131959 26318 
1202484626 20181 76833 7.614390 111 4251 2790 144.340122 0.144730 0.131786 26375 
1202571026 20213 77026 7.621432 111 4253 2796 144.649681 0.144496 0.131565 26453 
1202657426 20238 77125 7.621801 111 4261 2798 144.733472 0.144441 0.131775 26504 
1202743826 20272 77277 7.624013 112 4267 2804 144.885063 0.144663 0.131837 26551 
1202830226 20303 77457 7.630104 112 4271 2818 145.187509 0.144314 0.131931 26630 
1202916626 20344 77659 7.634585 113 4285 2822 145.464609 0.143860 0.132086 26713 
1203003026 20383 77833 7.637050 114 4305 2815 145.699750 0.143632 0.131698 26784 
1203089426 20417 77998 7.640496 114 4311 2822 145.940932 0.143466 0.131699 26869 
1203175826 20449 78107 7.639200 114 4326 2830 146.026309 0.143231 0.131501 26910 
1203262226 20470 78214 7.641817 114 4327 2838 146.187201 0.143522 0.131746 26960 
1203348626 20498 78366 7.646209 114 4333 2836 146.444336 0.143550 0.131870 27017 
1203435026 20534 78546 7.650336 114 4343 2838 146.692997 0.143652 0.131656 27086 
1203521426 20569 78721 7.654334 114 4344 2848 146.907579 0.143624 0.131883 27165 
1203607826 20599 78866 7.657265 114 4355 2847 147.071023 0.143693 0.131977 27216 
1203694226 20629 79000 7.659121 114 4365 2847 147.204421 0.143684 0.131777 27263 
1203780626 20660 79129 7.660116 114 4379 2853 147.333591 0.143535 0.131674 27318 
1203867026 20676 79216 7.662604 114 4379 2857 147.457439 0.143703 0.131653 27355 
1203953426 20717 79352 7.660569 114 4396 2868 147.563740 0.143899 0.131858 27416 
1204039826 20756 79522 7.662555 114 4401 2881 147.738100 0.143598 0.131997 27484 
1204126226 20798 79712 7.665352 114 4420 2877 147.949899 0.143553 0.131775 27559 
1204212626 20840 79883 7.666315 114 4429 2889 148.103551 0.143560 0.131788 27627 
1204299026 20891 80046 7.663204 114 4457 2901 148.126849 0.143785 0.131554 27692 
1204385426 20918 80170 7.665169 114 4465 2904 148.284348 0.143589 0.131696 27751 
1204471826 20945 80323 7.669897 114 4467 2910 148.475913 0.143831 0.131811 27826 
1204558226 20969 80442 7.672469 116 4470 2918 148.630264 0.143824 0.131829 27865 
1204644626 21024 80674 7.674467 116 4478 2938 148.823250 0.143700 0.132158 27960 
1204731026 21071 80867 7.675668 116 4489 2945 148.962176 0.143972 0.131893 28032 
1204817426 21112 81061 7.679140 117 4499 2950 149.195908 0.143796 0.131891 28117 
1204903826 21156 81212 7.677444 117 4510 2967 149.251654 0.143866 0.131823 28175 
1204990226 21191 81364 7.679109 117 4522 2970 149.395026 0.143857 0.131601 28235 
1205076626 21231 81491 7.676605 117 4536 2981 149.459187 0.143692 0.131738 28280 
1205163026 21267 81639 7.677529 117 4551 2984 149.569944 0.143647 0.131577 28343 
1205249426 21318 81818 7.675955 118 4573 2986 149.658505 0.143752 0.131652 28410 
1205335826 21363 82001 7.676918 118 4589 2997 149.834948 0.143612 0.131675 28495 
1205422226 21398 82148 7.678101 118 4602 3004 150.020563 0.143508 0.131970 28572 
1205508626 21428 82293 7.680885 118 4602 3015 150.155217 0.143487 0.132056 28626 
1205595026 21455 82398 7.681007 118 4607 3021 150.229410 0.143500 0.132078 28667 
1205681426 21472 82475 7.682098 118 4616 3009 150.287910 0.143593 0.131997 28697 
1205767826 21505 82610 7.682864 119 4620 3023 150.449942 0.143369 0.132134 28747 
1205854226 21559 82809 7.682082 119 4638 3030 150.548727 0.143378 0.131932 28821 
1205940626 21603 82985 7.682729 120 4651 3045 150.728417 0.143336 0.132038 28891 
1206027026 21628 83118 7.686148 120 4660 3053 150.951082 0.143203 0.132011 28951 
1206113426 21665 83262 7.686314 120 4670 3063 151.046204 0.143292 0.131822 29009 
1206199826 21687 83393 7.690598 121 4671 3070 151.263614 0.143311 0.131670 29072 
1206286226 21715 83515 7.691918 121 4677 3078 151.383283 0.143106 0.131758 29117 
1206372626 21736 83624 7.694516 121 4679 3085 151.551711 0.143176 0.131767 29168 
1206459026 21781 83799 7.694688 121 4700 3081 151.710849 0.143147 0.131736 29245 
1206545426 21818 83971 7.697406 122 4705 3085 151.915116 0.143276 0.132113 29328 
1206631826 21859 84146 7.698980 122 4712 3090 152.068896 0.143222 0.131838 29398 
1206718226 21894 84376 7.707682 122 4698 3117 152.416278 0.143259 0.132211 29496 
1206804626 21934 84529 7.707577 122 4714 3115 152.521929 0.143364 0.132095 29557 
1206891026 21972 84675 7.707537 122 4727 3120 152.591844 0.143583 0.131866 29611 
1206977426 22012 84880 7.712157 122 4727 3127 152.825641 0.143522 0.131842 29686 
1207063826 22051 85073 7.716022 122 4729 3144 153.086119 0.143312 0.132009 29775 
1207150226 22113 85302 7.715100 122 4747 3159 153.195858 0.143611 0.131917 29864 
1207236626 22161 85531 7.719056 124 4753 3161 153.468255 0.143177 0.132401 29954 
1207323026 22205 85727 7.721414 124 4770 3166 153.724296 0.143038 0.132325 30031 
1207409426 22251 85916 7.722439 124 4777 3182 153.870478 0.143337 0.132739 30103 
1207495826 22294 86041 7.718758 124 4796 3184 153.840764 0.143442 0.132759 30142 
1207582226 22330 86238 7.723959 124 4797 3187 154.083744 0.143587 0.133130 30241 
1207668626 22368 86439 7.728809 126 4796 3189 154.327879 0.143516 0.133189 30324 
1207755026 22405 86620 7.732203 126 4797 3192 154.501852 0.143558 0.133170 30386 
1207841426 22450 86823 7.734788 126 4809 3194 154.687929 0.143599 0.133485 30475 
1207927826 22507 87031 7.733683 126 4834 3186 154.796908 0.143517 0.133346 30551 
1208014226 22543 87183 7.734818 126 4839 3191 154.889589 0.143738 0.133289 30595 
1208100626 22560 87278 7.737411 126 4839 3193 155.000887 0.143697 0.133429 30632 
1208187026 22598 87431 7.737941 126 4850 3207 155.116382 0.143954 0.133237 30688 
1208273426 22650 87639 7.738543 126 4872 3207 155.251302 0.144122 0.133115 30765 
1208359826 22682 87846 7.745878 126 4870 3210 155.568733 0.144274 0.133273 30866 
1208446226 22725 88075 7.751375 127 4866 3229 155.857954 0.144258 0.133497 30961 
1208532626 22768 88285 7.755183 127 4863 3256 156.172347 0.144030 0.133577 31039 
1208619026 22813 88463 7.755490 127 4879 3263 156.308684 0.144150 0.133656 31118 
1208705426 22829 88550 7.757677 127 4875 3270 156.416050 0.144089 0.133953 31150 
1208791826 22862 88722 7.761526 127 4871 3287 156.625405 0.143964 0.134186 31225 
1208878226 22905 88924 7.764593 127 4877 3291 156.815542 0.143869 0.134004 31298 
1208964626 22950 89127 7.767059 127 4878 3312 157.011155 0.143972 0.133989 31372 
1209051026 23000 89331 7.767913 127 4883 3334 157.170174 0.144213 0.134248 31457 
1209137426 23040 89509 7.769878 127 4885 3344 157.342101 0.144194 0.134055 31534 
1209223826 23066 89608 7.769704 127 4888 3358 157.390358 0.144444 0.134031 31570 
1209310226 23101 89739 7.769274 127 4893 3371 157.452838 0.144298 0.134039 31621 
1209396626 23144 89891 7.767974 127 4910 3373 157.556775 0.143860 0.134163 31674 
1209483026 23197 90104 7.768591 127 4919 3389 157.726171 0.143909 0.134225 31751 
1209569426 23252 90298 7.766902 127 4934 3402 157.807500 0.144198 0.134615 31834 
1209655826 23301 90511 7.768851 127 4940 3417 157.987983 0.143899 0.134686 31930 
1209742226 23344 90736 7.773818 127 4943 3432 158.278444 0.143521 0.134963 32025 
1209828626 23369 90882 7.777996 127 4950 3429 158.426719 0.143800 0.134915 32078 
1209915026 23393 91029 7.782585 127 4946 3441 158.655923 0.143457 0.134849 32137 
1210001426 23435 91219 7.784852 127 4957 3447 158.798891 0.143721 0.134717 32213 
1210087826 23481 91429 7.787488 127 4979 3439 159.016396 0.143784 0.134751 32307 
1210174226 23533 91625 7.786937 127 4990 3446 159.114860 0.143915 0.134587 32375 
1210260626 23574 91822 7.790108 127 4987 3460 159.310936 0.143864 0.134916 32463 
1210347026 23616 91991 7.790566 127 4996 3469 159.412178 0.144253 0.135074 32530 
1210433426 23652 92133 7.790715 127 5015 3463 159.569001 0.144162 0.135021 32597 
1210519826 23677 92280 7.794906 128 5013 3466 159.741183 0.144423 0.135210 32660 
1210606226 23721 92441 7.794022 128 5034 3467 159.847898 0.144430 0.135072 32719 
1210692626 23761 92616 7.795631 129 5042 3482 160.057910 0.144376 0.135194 32787 
1210779026 23819 92838 7.795289 129 5065 3485 160.197657 0.144358 0.135038 32868 
1210865426 23859 93038 7.798986 129 5074 3486 160.445534 0.144298 0.134851 32956 
1210951826 23899 93226 7.801665 129 5078 3494 160.630821 0.144209 0.134792 33031 
1211038226 23937 93361 7.800560 129 5097 3497 160.714292 0.144252 0.134682 33091 
1211124626 23976 93484 7.798131 129 5115 3500 160.735569 0.144279 0.134535 33133 
1211211026 24006 93658 7.802883 129 5110 3521 161.005665 0.144105 0.134767 33208 
1211297426 24062 93852 7.800848 130 5127 3538 161.080376 0.144270 0.134817 33281 
1211383826 24110 94064 7.802903 130 5137 3548 161.308337 0.144177 0.134788 33373 
1211470226 24152 94249 7.804654 130 5145 3561 161.500166 0.144076 0.134754 33452 
1211556626 24200 94447 7.805537 130 5159 3567 161.641570 0.144284 0.134817 33540 
1211643026 24234 94600 7.807213 130 5165 3576 161.792523 0.144109 0.135213 33622 
1211729426 24257 94726 7.810199 130 5171 3571 161.926454 0.144275 0.135002 33667 
1211815826 24285 94845 7.810994 130 5178 3566 162.008565 0.144304 0.134963 33706 
1211902226 24328 95006 7.810424 130 5197 3560 162.084347 0.144388 0.134977 33777 
1211988626 24375 95202 7.811446 130 5202 3577 162.228103 0.144353 0.134842 33836 
1212075026 24416 95400 7.814548 131 5217 3578 162.487549 0.144387 0.135053 33925 
1212161426 24457 95613 7.818866 131 5218 3588 162.694198 0.144320 0.135278 33998 
1212247826 24510 95782 7.815749 131 5244 3588 162.705590 0.144456 0.135046 34063 
1212334226 24537 95899 7.816685 131 5258 3586 162.781351 0.144527 0.134855 34104 
1212420626 24578 96044 7.815445 131 5265 3595 162.817235 0.144647 0.134788 34154 
1212507026 24625 96243 7.816690 131 5272 3616 162.947249 0.144826 0.134801 34225 
1212593426 24673 96454 7.818587 131 5284 3621 163.083695 0.144936 0.134549 34292 
1212679826 24731 96652 7.816263 131 5316 3619 163.116008 0.145157 0.134502 34369 
1212766226 24788 96851 7.814346 131 5334 3624 163.164999 0.145317 0.134499 34444 
1212852626 24836 97026 7.813335 131 5343 3641 163.220486 0.145411 0.134328 34504 
1212939026 24874 97179 7.813701 131 5348 3655 163.256493 0.145723 0.134632 34567 
1213025426 24931 97338 7.808592 131 5374 3668 163.185993 0.145982 0.134399 34607 
1213111826 24975 97509 7.808529 131 5395 3671 163.260941 0.146057 0.134286 34673 
1213198226 25026 97717 7.809238 131 5413 3674 163.412611 0.145972 0.133882 34742 
1213284626 25079 97924 7.809243 131 5416 3695 163.545277 0.145936 0.134072 34816 
1213371026 25127 98109 7.809050 131 5434 3701 163.625900 0.145873 0.133882 34882 
1213457426 25155 98241 7.810853 131 5434 3713 163.731028 0.145896 0.133797 34922 
1213543826 25185 98368 7.811634 131 5439 3715 163.801787 0.145898 0.133739 34967 
1213630226 25249 98573 7.808072 131 5461 3727 163.829379 0.145888 0.133789 35059 
1213716626 25296 98777 7.809693 131 5480 3727 164.006720 0.146029 0.133627 35139 
1213803026 25336 98993 7.814414 131 5477 3726 164.208162 0.146106 0.133598 35226 
1213889426 25376 99185 7.817229 131 5480 3733 164.386980 0.145976 0.133371 35293 
1213975826 25437 99386 7.814286 131 5495 3749 164.427645 0.145985 0.133364 35368 
1214062226 25482 99542 7.812731 131 5510 3767 164.470528 0.146106 0.133518 35423 
1214148626 25512 99689 7.815067 131 5508 3774 164.603794 0.145921 0.133544 35480 
1214235026 25568 99888 7.813517 131 5513 3800 164.666380 0.145922 0.133546 35551 
1214321426 25635 100138 7.812600 131 5536 3802 164.789546 0.145524 0.133596 35652 
1214407826 25689 100344 7.812215 131 5554 3804 164.879988 0.145492 0.133469 35725 
1214494226 25742 100561 7.812990 131 5571 3805 165.022764 0.145404 0.133536 35812 
1214580626 25822 100802 7.807451 131 5613 3807 165.029510 0.145562 0.133084 35895 
1214667026 25881 100974 7.802944 131 5646 3805 164.995325 0.145758 0.132588 35948 
1214753426 25927 101163 7.803680 131 5664 3806 165.151464 0.145737 0.132334 36026 
1214839826 25978 101367 7.804065 131 5669 3828 165.278851 0.145798 0.132497 36106 
1214926226 26044 101605 7.802565 131 5696 3824 165.349716 0.145970 0.131993 36191 
1215012626 26097 101836 7.804422 131 5709 3833 165.546538 0.146053 0.132119 36289 
1215099026 26153 102090 7.807135 131 5714 3851 165.777081 0.146075 0.132288 36403 
1215185426 26203 102259 7.805137 132 5727 3863 165.775751 0.146198 0.132056 36458 
1215271826 26232 102380 7.805733 132 5734 3863 165.850717 0.146052 0.132106 36504 
1215358226 26266 102520 7.806289 132 5739 3878 165.940151 0.146034 0.132178 36552 
1215444626 26321 102734 7.806238 132 5767 3865 166.058584 0.146013 0.132211 36636 
1215531026 26381 102948 7.804708 132 5786 3873 166.142072 0.146207 0.132604 36723 
1215617426 26464 103211 7.800106 132 5821 3886 166.154625 0.146380 0.132393 36817 
1215703826 26538 103456 7.796820 132 5855 3896 166.218102 0.146624 0.132334 36913 
1215790226 26599 103690 7.796534 132 5861 3921 166.324148 0.146787 0.132563 37004 
1215876626 26633 103857 7.799121 132 5860 3938 166.474975 0.146837 0.132811 37067 
1215963026 26672 104026 7.800390 132 5876 3925 166.558488 0.147015 0.132475 37128 
1216049426 26712 104197 7.801512 132 5876 3941 166.651468 0.147118 0.132810 37194 
1216135826 26787 104494 7.801844 132 5879 3972 166.747004 0.147704 0.132867 37316 
1216222226 26848 104747 7.802965 132 5890 3987 166.938096 0.147698 0.132613 37395 
1216308626 26908 104976 7.802587 132 5909 3992 167.108221 0.147344 0.132519 37479 
1216395026 26980 105213 7.799333 132 5928 4014 167.115938 0.147351 0.132673 37574 
1216481426 27014 105382 7.802029 132 5929 4018 167.272821 0.147277 0.132617 37633 
1216567826 27055 105560 7.803364 132 5942 4022 167.424506 0.147247 0.132504 37701 
1216654226 27123 105775 7.799653 132 5978 4022 167.465915 0.147139 0.132245 37788 
1216740626 27210 106070 7.796398 132 6009 4038 167.518118 0.147121 0.132276 37887 
1216827026 27300 106351 7.791282 132 6038 4057 167.503956 0.147165 0.132288 37989 
1216913426 27391 106625 7.785404 133 6073 4086 167.482677 0.147171 0.132270 38083 
1216999826 27463 106863 7.782325 133 6103 4089 167.519572 0.147185 0.132005 38153 
1217086226 27534 107092 7.778892 133 6135 4094 167.549720 0.147288 0.131692 38247 
1217172626 27590 107290 7.777456 133 6156 4087 167.577093 0.147548 0.131699 38318 
1217259026 27651 107505 7.775849 135 6180 4084 167.670464 0.147378 0.131519 38390 
1217345426 27736 107798 7.773147 136 6204 4103 167.743078 0.147395 0.131465 38499 
1217431826 27814 108098 7.772920 137 6221 4123 167.913497 0.147178 0.131422 38609 
1217518226 27896 108396 7.771437 137 6253 4123 168.028463 0.147227 0.131525 38711 
1217604626 27963 108668 7.772271 137 6264 4138 168.194686 0.147186 0.131859 38824 
1217691026 28041 108921 7.768696 137 6282 4165 168.224314 0.147136 0.131979 38907 
1217777426 28096 109130 7.768366 137 6294 4187 168.321042 0.147324 0.131884 38987 
1217863826 28171 109399 7.766781 137 6316 4204 168.452735 0.147690 0.131807 39099 
1217950226 28271 109715 7.761664 137 6356 4214 168.454883 0.148211 0.131792 39217 
1218036626 28366 110061 7.760065 137 6369 4241 168.552633 0.148173 0.131769 39340 
1218123026 28479 110400 7.753081 137 6419 4247 168.541943 0.148301 0.131654 39459 
1218209426 28555 110693 7.752968 137 6431 4270 168.650674 0.148664 0.131541 39564 
1218295826 28599 110917 7.756705 137 6421 4292 168.831148 0.148648 0.131833 39648 
1218382226 28663 111097 7.751945 137 6448 4304 168.796986 0.148810 0.131742 39715 
1218468626 28735 111344 7.749713 138 6482 4295 168.825683 0.148830 0.131629 39808 
1218555026 28827 111638 7.745378 138 6513 4317 168.806536 0.149184 0.131596 39915 
1218641426 28914 111951 7.743723 138 6549 4311 168.879920 0.149288 0.131486 40028 
1218727826 29002 112257 7.741328 138 6570 4334 168.933660 0.149385 0.131319 40137 
1218814226 29073 112547 7.742373 138 6575 4351 169.118220 0.149225 0.131434 40238 
1218900626 29152 112794 7.738337 138 6607 4365 169.138584 0.149372 0.131369 40319 
1218987026 29233 113051 7.734478 138 6630 4387 169.141108 0.149475 0.131356 40417 
1219073426 29306 113378 7.737528 140 6631 4413 169.357674 0.149141 0.131228 40527 
1219159826 29419 113747 7.732894 140 6671 4427 169.378769 0.149615 0.130891 40664 
1219246226 29502 114073 7.733238 140 6680 4455 169.549793 0.149911 0.130939 40795 
1219332626 29600 114418 7.730946 141 6701 4474 169.593784 0.150112 0.130402 40894 
1219419026 29694 114738 7.728026 141 6727 4495 169.648683 0.150130 0.130738 41018 
1219505426 29775 115031 7.726683 141 6749 4504 169.702905 0.150309 0.130292 41111 
1219591826 29843 115265 7.724760 141 6755 4525 169.730188 0.150289 0.130585 41194 
1219678226 29945 115607 7.721289 141 6781 4551 169.762498 0.150358 0.130428 41287 
1219764626 30056 115981 7.717660 141 6793 4603 169.764506 0.150821 0.130709 41424 
1219851026 30143 116323 7.718077 141 6795 4623 169.878711 0.150733 0.130559 41536 
1219937426 30246 116711 7.717450 141 6819 4628 169.955102 0.151292 0.130374 41662 
1220023826 30317 116993 7.717980 141 6819 4659 170.102055 0.151416 0.130697 41759 
1220110226 30395 117233 7.713966 141 6843 4665 170.091002 0.151524 0.130704 41843 
1220196626 30437 117435 7.716595 141 6848 4664 170.235306 0.151509 0.130750 41924 
1220283026 30484 117677 7.720575 141 6838 4676 170.443577 0.151565 0.130922 42027 
1220369426 30526 117874 7.722859 141 6830 4699 170.559130 0.151763 0.131164 42102 
1220455826 30571 118069 7.724248 141 6828 4711 170.655196 0.151727 0.131474 42171 
1220542226 30605 118281 7.729521 141 6816 4728 170.911354 0.151636 0.131620 42265 
1220628626 30650 118500 7.732463 141 6808 4744 171.040000 0.151656 0.131969 42360 
1220715026 30711 118756 7.733776 141 6816 4749 171.169483 0.151730 0.132120 42447 
1220801426 30769 119014 7.735968 141 6816 4772 171.334200 0.151840 0.132270 42553 
1220887826 30850 119307 7.734652 141 6840 4773 171.352091 0.152177 0.132289 42641 
1220974226 30928 119703 7.740753 141 6834 4795 171.637998 0.152407 0.132665 42802 
1221060626 31032 120015 7.734919 141 6876 4791 171.597190 0.152438 0.132401 42898 
1221147026 31110 120312 7.734619 142 6892 4795 171.696946 0.152543 0.132241 42982 
1221233426 31227 120682 7.729337 142 6931 4815 171.679700 0.152502 0.131647 43087 
1221319826 31312 120955 7.725792 142 6963 4828 171.647356 0.152819 0.131723 43188 
1221406226 31373 121239 7.728875 142 6959 4836 171.818570 0.152994 0.131760 43284 
1221492626 31449 121540 7.729340 142 6966 4857 171.970746 0.153294 0.131699 43373 
1221579026 31546 121903 7.728587 142 6970 4885 172.080454 0.153266 0.131813 43512 
1221665426 31681 122396 7.726776 142 7002 4889 172.170828 0.153601 0.131749 43675 
1221751826 31788 122792 7.725683 142 7012 4919 172.242293 0.153752 0.131664 43808 
1221838226 31885 123152 7.724761 142 7024 4944 172.314129 0.153961 0.131887 43943 
1221924626 31977 123458 7.721675 142 7051 4963 172.331738 0.154040 0.132143 44055 
1222011026 32059 123752 7.720266 142 7070 4986 172.345675 0.154312 0.132061 44153 
1222097426 32140 124091 7.721904 142 7081 4990 172.520411 0.154434 0.131980 44276 
1222183826 32240 124462 7.720968 143 7111 5005 172.592122 0.154554 0.131616 44398 
1222270226 32344 124817 7.718093 143 7137 5019 172.637398 0.154691 0.131419 44509 
1222356626 32448 125203 7.717147 143 7149 5044 172.770094 0.154780 0.131161 44645 
1222443026 32541 125535 7.715497 143 7175 5056 172.847362 0.154927 0.130972 44760 
1222529426 32613 125793 7.714286 143 7188 5073 172.926318 0.154804 0.131249 44860 
1222615826 32689 126025 7.710545 143 7218 5086 172.918596 0.154762 0.131144 44928 
1222702226 32786 126364 7.708412 144 7233 5117 172.963826 0.154873 0.131168 45029 
1222788626 32863 126799 7.716824 144 7199 5149 173.313453 0.154661 0.131113 45160 
1222875026 32981 127193 7.713108 144 7241 5153 173.332828 0.154941 0.131031 45292 
1222961426 33064 127618 7.719453 144 7223 5178 173.674812 0.154797 0.131315 45459 
1223047826 33162 128029 7.721428 144 7237 5198 173.887944 0.154724 0.131276 45624 
1223134226 33243 128365 7.722829 144 7254 5206 174.067864 0.154481 0.131135 45749 
1223220626 33303 128645 7.725730 144 7247 5226 174.187371 0.154800 0.131221 45852 
1223307026 33390 128968 7.724948 144 7264 5246 174.242288 0.155063 0.131106 45967 
1223393426 33489 129377 7.726537 144 7273 5261 174.360715 0.155117 0.131174 46110 
1223479826 33619 129844 7.724442 145 7319 5265 174.454505 0.155347 0.131007 46282 
1223566226 33734 130201 7.719274 145 7364 5279 174.388866 0.155579 0.130571 46396 
1223652626 33845 130653 7.720668 146 7364 5313 174.542178 0.155713 0.130347 46538 
1223739026 33927 130969 7.720635 146 7384 5312 174.667787 0.155872 0.130388 46657 
1223825426 33997 131227 7.719916 146 7414 5310 174.736300 0.156196 0.130216 46756 
1223911826 34083 131635 7.724379 147 7396 5347 174.918229 0.156548 0.130347 46901 
1223998226 34201 132156 7.728195 147 7407 5370 175.177100 0.156632 0.130045 47075 
1224084626 34315 132568 7.726534 147 7425 5401 175.218068 0.156895 0.130019 47216 
1224171026 34414 133004 7.729645 147 7426 5404 175.409310 0.156945 0.130489 47374 
1224257426 34542 133511 7.730357 147 7435 5425 175.571131 0.157066 0.131053 47556 
1224343826 34628 133814 7.728659 148 7455 5437 175.629029 0.156696 0.130860 47662 
1224430226 34695 134043 7.726935 148 7475 5450 175.652169 0.156774 0.130831 47736 
1224516626 34790 134446 7.729003 149 7480 5464 175.771544 0.157028 0.130954 47898 
1224603026 34922 134960 7.729225 149 7513 5451 175.908424 0.157209 0.130348 48041 
1224689426 35047 135435 7.728764 149 7537 5473 176.066254 0.157290 0.130250 48223 
1224775826 35173 135936 7.729565 149 7562 5486 176.235067 0.157490 0.130190 48394 
1224862226 35288 136408 7.731127 149 7580 5495 176.366640 0.157871 0.129989 48547 
1224948626 35369 136747 7.732591 149 7578 5536 176.511069 0.157970 0.130091 48670 
1225035026 35431 136996 7.733115 149 7593 5527 176.589145 0.158298 0.130163 48771 
1225121426 35526 137326 7.731014 149 7617 5556 176.594044 0.158488 0.130153 48880 
1225207826 35642 137781 7.731384 149 7631 5584 176.722069 0.158615 0.130224 49042 
1225294226 35757 138206 7.730291 149 7654 5604 176.767850 0.159042 0.129933 49187 
1225380626 35864 138648 7.731876 149 7665 5637 176.921314 0.159376 0.130257 49362 
1225467026 35985 139069 7.729276 149 7699 5651 177.012922 0.159310 0.129993 49495 
1225553426 36050 139357 7.731318 149 7709 5654 177.159723 0.159347 0.129746 49609 
1225639826 36122 139631 7.731078 150 7722 5673 177.228891 0.159462 0.129992 49707 
1225726226 36204 139990 7.733400 150 7726 5670 177.331952 0.159647 0.130149 49838 
1225812626 36328 140483 7.734144 150 7744 5690 177.482548 0.159658 0.130093 50004 
1225899026 36446 140882 7.730999 150 7779 5710 177.517039 0.159894 0.129806 50138 
1225985426 36561 141356 7.732611 152 7787 5722 177.681573 0.160019 0.129740 50290 
1226071826 36700 141833 7.729319 152 7832 5724 177.734768 0.159837 0.129430 50440 
1226158226 36793 142252 7.732558 152 7811 5764 177.875900 0.160243 0.129290 50570 
1226244626 36865 142575 7.734979 152 7806 5788 178.018229 0.160368 0.129340 50682 
1226331026 36978 143133 7.741522 152 7778 5834 178.316891 0.160398 0.129549 50866 
1226417426 37120 143731 7.744127 152 7781 5871 178.530119 0.160444 0.129351 51060 
1226503826 37265 144286 7.743781 152 7808 5884 178.549041 0.161007 0.129111 51238 
1226590226 37431 144862 7.740215 153 7858 5891 178.536507 0.161452 0.128636 51415 
1226676626 37601 145461 7.737081 153 7889 5913 178.602005 0.161644 0.128063 51592 
1226763026 37707 145933 7.740367 155 7885 5946 178.792850 0.161862 0.128000 51752 
1226849426 37792 146339 7.744443 155 7890 5957 179.005715 0.161834 0.127748 51898 
1226935826 37912 146808 7.744672 155 7925 5935 179.127348 0.162033 0.127480 52051 
1227022226 38063 147392 7.744634 155 7950 5944 179.251084 0.162207 0.127303 52252 
1227108626 38192 147926 7.746439 156 7968 5962 179.437631 0.162510 0.127245 52426 
1227195026 38332 148473 7.746687 157 8002 5961 179.586977 0.162592 0.127281 52622 
1227281426 38481 149030 7.745641 157 8028 5969 179.633429 0.163063 0.127324 52828 
1227367826 38596 149436 7.743600 157 8071 5975 179.713235 0.163117 0.127400 52972 
1227454226 38683 149804 7.745211 157 8070 6006 179.881395 0.163112 0.127466 53102 
1227540626 38809 150288 7.745008 157 8085 6026 179.923781 0.163476 0.127549 53273 
1227627026 38960 150833 7.742967 159 8116 6053 180.001745 0.163536 0.127491 53457 
1227713426 39069 151351 7.747882 159 8127 6056 180.298088 0.163537 0.127462 53651 
1227799826 39180 151780 7.747831 159 8144 6069 180.358857 0.163751 0.127262 53764 
1227886226 39285 152168 7.746875 160 8173 6065 180.353214 0.164016 0.126892 53866 
1227972626 39380 152549 7.747537 160 8192 6081 180.431640 0.164201 0.126839 54001 
1228059026 39497 152969 7.745854 160 8213 6112 180.474568 0.164372 0.126959 54153 
1228145426 39605 153443 7.748668 161 8220 6124 180.622598 0.164697 0.126864 54304 
1228231826 39742 154005 7.750239 161 8240 6135 180.800362 0.164778 0.126950 54496 
1228318226 39882 154594 7.752570 161 8253 6154 180.937466 0.165106 0.127152 54696 
1228404626 40023 155238 7.757439 161 8265 6162 181.274967 0.164824 0.127168 54920 
1228491026 40193 155885 7.756823 161 8278 6210 181.329236 0.165269 0.127332 55116 
1228577426 40294 156382 7.762049 161 8265 6234 181.569812 0.165289 0.127613 55301 
1228663826 40387 156818 7.765766 161 8268 6251 181.762646 0.165417 0.127484 55444 
1228750226 40517 157355 7.767357 162 8290 6257 181.904682 0.165608 0.127267 55632 
1228836626 40676 158042 7.770774 163 8293 6303 182.122185 0.165730 0.127228 55856 
1228923026 40811 158583 7.771581 163 8299 6334 182.249492 0.165816 0.127078 56032 
1229009426 40947 159151 7.773512 163 8305 6362 182.423572 0.165825 0.126842 56232 
1229095826 41096 159777 7.775793 163 8301 6403 182.650818 0.165918 0.126681 56454 
1229182226 41215 160212 7.774451 163 8336 6404 182.709402 0.165965 0.126439 56577 
1229268626 41323 160617 7.773734 164 8356 6429 182.821770 0.165690 0.126292 56717 
1229355026 41447 161131 7.775279 164 8374 6437 182.955678 0.165841 0.126711 56903 
1229441426 41614 161783 7.775412 164 8405 6468 183.108137 0.165982 0.126482 57110 
1229527826 41773 162459 7.778182 164 8422 6498 183.259713 0.166290 0.126346 57325 
1229614226 41929 163074 7.778578 164 8462 6499 183.380238 0.166352 0.126160 57497 
1229700626 42083 163661 7.778010 164 8491 6536 183.506784 0.166651 0.126015 57690 
1229787026 42198 164195 7.782122 165 8486 6556 183.751410 0.166602 0.126192 57884 
1229873426 42297 164669 7.786321 165 8490 6562 183.958437 0.166733 0.126007 58036 
1229959826 42434 165331 7.792383 165 8457 6615 184.220719 0.166742 0.126191 58249 
1230046226 42571 165986 7.798079 165 8446 6665 184.497428 0.166744 0.126391 58463 
1230132626 42698 166555 7.801536 165 8454 6697 184.706778 0.166913 0.126302 58659 
1230219026 42801 167020 7.804491 165 8471 6698 184.885120 0.166972 0.126190 58815 
1230305426 42903 167401 7.803697 165 8488 6702 184.908095 0.167235 0.126026 58923 
1230391826 43027 167861 7.802589 166 8518 6713 184.973900 0.167274 0.125845 59069 
1230478226 43133 168335 7.805393 167 8520 6733 185.199917 0.166996 0.125745 59213 
1230564626 43285 168936 7.805753 167 8549 6762 185.311401 0.167314 0.125519 59420 
1230651026 43476 169634 7.803570 168 8600 6774 185.368111 0.167604 0.125165 59646 
1230737426 43664 170318 7.801301 168 8643 6790 185.415857 0.167807 0.125051 59851 
1230823826 43814 170851 7.798923 168 8702 6781 185.449445 0.167912 0.124788 60032 
1230910226 43962 171459 7.800328 168 8719 6798 185.583959 0.167906 0.124791 60230 
1230996626 44108 172017 7.799810 168 8733 6836 185.643330 0.168079 0.124770 60383 
1231083026 44201 172561 7.808013 168 8714 6847 186.012488 0.167908 0.125053 60591 
1231169426 44338 173171 7.811403 168 8718 6865 186.232261 0.168087 0.124990 60788 
1231255826 44466 173926 7.822876 169 8700 6868 186.685423 0.168005 0.125056 61082 
1231342226 44578 174686 7.837319 169 8643 6898 187.265871 0.167707 0.125308 61372 
1231428626 44680 175398 7.851298 169 8585 6924 187.779767 0.167820 0.125830 61651 
1231515026 44781 176084 7.864228 169 8527 6975 188.301869 0.167791 0.126079 61901 
1231601426 44857 176673 7.877165 169 8476 6998 188.801347 0.167703 0.126492 62136 
1231687826 44937 177177 7.885573 169 8467 6990 189.129092 0.167790 0.126588 62324 
1231774226 45025 177774 7.896680 169 8431 7024 189.575258 0.167832 0.126665 62551 
1231860626 45130 178466 7.908974 169 8397 7009 190.060137 0.167856 0.126721 62780 
1231947026 45227 179157 7.922568 169 8356 7008 190.521193 0.168141 0.126910 63025 
1232033426 45335 179798 7.931973 169 8341 7005 190.966803 0.167876 0.127000 63262 
1232119826 45416 180433 7.945790 169 8303 7015 191.473005 0.167809 0.127093 63492 
1232206226 45501 181010 7.956309 169 8263 7033 191.875871 0.167845 0.127437 63707 
1232292626 45573 181549 7.967393 170 8248 7030 192.291444 0.167974 0.127127 63914 
1232379026 45633 182078 7.980102 170 8198 7041 192.742620 0.167804 0.127545 64119 
1232465426 45711 182714 7.994312 170 8153 7031 193.262234 0.167966 0.127775 64371 
1232551826 45792 183272 8.004542 170 8118 7040 193.661557 0.168081 0.128063 64571 
1232638226 45812 183401 8.006679 170 8115 7039 193.738933 0.168093 0.128081 64619 
