1165073426 0 0 0.000000 0 0 0 0.000000 0.000000 0.000000 0 
1165159826 7999 18411 4.603325 46 2058 1316 42.164771 0.207827 0.091652 4168 
1165246226 8025 18512 4.613583 46 2061 1320 42.390031 0.207719 0.092970 4207 
1165332626 8056 18639 4.627358 48 2069 1311 42.677011 0.205072 0.093599 4254 
1165419026 8089 18782 4.643837 48 2071 1318 43.024354 0.204455 0.095206 4308 
1165505426 8111 18892 4.658365 48 2066 1317 43.274565 0.203116 0.095805 4345 
1165591826 8142 18998 4.666667 48 2071 1325 43.459592 0.203289 0.097170 4372 
1165678226 8160 19096 4.680392 48 2070 1321 43.722059 0.202550 0.097636 4400 
1165764626 8180 19167 4.686308 48 2068 1335 43.850611 0.202896 0.098602 4419 
1165851026 8209 19263 4.693142 48 2083 1334 44.054087 0.203558 0.098447 4453 
1165937426 8236 19381 4.706411 48 2082 1334 44.266634 0.204269 0.099641 4502 
1166023826 8277 19493 4.710161 50 2106 1334 44.445330 0.203303 0.099398 4539 
1166110226 8304 19624 4.726397 50 2105 1340 44.782274 0.203543 0.099485 4589 
1166196626 8330 19736 4.738535 50 2107 1346 45.096519 0.202785 0.099892 4635 
1166283026 8346 19826 4.751018 50 2086 1371 45.306494 0.202876 0.101763 4673 
1166369426 8358 19915 4.765494 50 2076 1373 45.542714 0.202355 0.102820 4701 
1166455826 8382 20012 4.774994 50 2075 1380 45.728704 0.202109 0.103612 4728 
1166542226 8405 20121 4.787864 50 2072 1387 45.996669 0.202021 0.104470 4772 
1166628626 8427 20223 4.799573 50 2079 1383 46.275306 0.200976 0.104853 4809 
1166715026 8455 20365 4.817268 50 2078 1384 46.678179 0.200142 0.105477 4858 
1166801426 8481 20480 4.829619 50 2076 1391 46.919939 0.200540 0.106136 4900 
1166887826 8504 20568 4.837253 50 2074 1396 47.117592 0.199801 0.107127 4926 
1166974226 8516 20633 4.845702 50 2073 1391 47.284876 0.198803 0.106780 4949 
1167060626 8534 20737 4.859855 50 2069 1390 47.566674 0.197958 0.107016 4979 
1167147026 8552 20848 4.875585 50 2069 1391 47.913237 0.196296 0.106783 5019 
1167233426 8566 20912 4.882559 50 2063 1401 48.025216 0.196363 0.107595 5043 
1167319826 8594 21025 4.892949 50 2063 1413 48.238539 0.196377 0.108316 5085 
1167406226 8618 21122 4.901833 50 2071 1417 48.418891 0.196526 0.108161 5109 
1167492626 8635 21217 4.914186 50 2069 1418 48.687666 0.195612 0.109000 5146 
1167579026 8650 21288 4.922081 50 2066 1427 48.855029 0.196154 0.109056 5171 
1167665426 8671 21376 4.930458 50 2069 1426 49.074617 0.196378 0.109307 5205 
1167751826 8689 21484 4.945103 51 2075 1415 49.400852 0.194133 0.110019 5256 
1167838226 8726 21580 4.946138 51 2100 1415 49.482237 0.194587 0.109625 5283 
1167924626 8743 21658 4.954363 51 2095 1426 49.630333 0.194642 0.109582 5299 
1168011026 8769 21769 4.964990 51 2097 1435 49.879348 0.193482 0.109531 5329 
1168097426 8791 21842 4.969173 51 2106 1434 50.004550 0.193387 0.109255 5349 
1168183826 8813 21934 4.977647 51 2114 1428 50.188585 0.192966 0.109275 5374 
1168270226 8844 22043 4.984848 51 2117 1436 50.384441 0.191801 0.109296 5412 
1168356626 8864 22147 4.997067 51 2112 1446 50.639666 0.190405 0.110150 5448 
1168443026 8892 22265 5.007872 51 2116 1444 50.891363 0.189730 0.110295 5489 
1168529426 8920 22366 5.014798 51 2119 1451 51.042152 0.190669 0.110599 5519 
1168615826 8941 22469 5.026060 51 2124 1449 51.325579 0.189674 0.110956 5554 
1168702226 8960 22544 5.032143 52 2128 1450 51.481250 0.188248 0.110787 5573 
1168788626 8980 22625 5.038976 52 2131 1455 51.669042 0.188395 0.110878 5600 
1168875026 9004 22707 5.043758 52 2146 1452 51.835629 0.187289 0.111093 5626 
1168961426 9031 22830 5.055919 52 2150 1458 52.110065 0.187120 0.111416 5667 
1169047826 9068 22940 5.059550 52 2169 1459 52.232025 0.187219 0.112090 5706 
1169134226 9088 23064 5.075704 52 2163 1466 52.586268 0.187043 0.113016 5767 
1169220626 9114 23175 5.085583 52 2156 1478 52.809524 0.187418 0.112724 5801 
1169307026 9139 23270 5.092461 52 2161 1481 52.999453 0.187016 0.112740 5826 
1169393426 9154 23364 5.104654 52 2153 1486 53.227879 0.186398 0.113625 5860 
1169479826 9178 23465 5.113314 52 2157 1496 53.451514 0.186145 0.113621 5889 
1169566226 9208 23573 5.120113 52 2169 1494 53.652911 0.186027 0.113441 5928 
1169652626 9234 23696 5.132337 52 2169 1493 53.891705 0.186134 0.114018 5964 
1169739026 9263 23832 5.145633 52 2173 1497 54.215265 0.185000 0.114117 6005 
1169825426 9290 23938 5.153498 52 2178 1504 54.434661 0.184800 0.114513 6039 
1169911826 9312 24024 5.159794 52 2180 1519 54.605455 0.185434 0.114371 6066 
1169998226 9331 24121 5.170078 52 2171 1534 54.807845 0.185860 0.114631 6096 
1170084626 9356 24241 5.181915 53 2169 1540 55.104959 0.185845 0.114321 6132 
1170171026 9380 24374 5.197015 53 2162 1554 55.431770 0.184950 0.114159 6168 
1170257426 9416 24523 5.208794 53 2156 1570 55.748726 0.183814 0.114437 6211 
1170343826 9437 24670 5.228356 55 2152 1569 56.165519 0.182780 0.114433 6259 
1170430226 9465 24817 5.243951 55 2158 1567 56.529530 0.182077 0.114611 6304 
1170516626 9492 24945 5.256005 56 2162 1567 56.874210 0.181452 0.114580 6352 
1170603026 9511 25053 5.268216 56 2160 1561 57.133214 0.181243 0.115632 6389 
1170689426 9535 25175 5.280545 56 2163 1555 57.456109 0.180467 0.116088 6431 
1170775826 9561 25284 5.288987 56 2171 1559 57.733291 0.179622 0.115729 6466 
1170862226 9597 25411 5.295613 57 2183 1558 57.955611 0.179349 0.116593 6519 
1170948626 9620 25549 5.311642 57 2184 1559 58.363410 0.178124 0.116631 6562 
1171035026 9648 25688 5.325041 57 2189 1558 58.683665 0.177691 0.116907 6620 
1171121426 9679 25801 5.331336 58 2201 1555 58.879430 0.177955 0.116883 6660 
1171207826 9704 25902 5.338417 58 2209 1552 59.074402 0.177770 0.117332 6699 
1171294226 9725 26036 5.354447 59 2210 1556 59.503136 0.177355 0.117646 6745 
1171380626 9752 26188 5.370796 60 2205 1565 59.928015 0.175276 0.118364 6806 
1171467026 9793 26329 5.377106 60 2221 1564 60.149903 0.176009 0.118917 6857 
1171553426 9827 26507 5.394729 60 2212 1585 60.573115 0.175859 0.119128 6913 
1171639826 9854 26606 5.400041 60 2215 1599 60.736351 0.176281 0.119648 6950 
1171726226 9869 26684 5.407640 60 2218 1593 60.949032 0.175282 0.119716 6983 
1171812626 9881 26745 5.413420 60 2219 1597 61.093816 0.175187 0.119681 7002 
1171899026 9892 26805 5.419531 60 2216 1601 61.246866 0.174341 0.119639 7021 
1171985426 9908 26886 5.427130 60 2221 1600 61.447315 0.173500 0.119580 7050 
1172071826 9923 26971 5.436058 60 2217 1605 61.661796 0.173643 0.119971 7085 
1172158226 9952 27105 5.447146 60 2214 1615 61.958400 0.172840 0.119928 7125 
1172244626 9973 27246 5.463953 60 2208 1616 62.313647 0.172574 0.120241 7171 
1172331026 9994 27359 5.475085 61 2205 1620 62.593556 0.172170 0.120298 7210 
1172417426 10016 27464 5.484026 61 2208 1623 62.845048 0.172270 0.120523 7257 
1172503826 10039 27591 5.496763 61 2199 1637 63.128798 0.172570 0.121583 7314 
1172590226 10075 27782 5.515037 61 2199 1638 63.589280 0.171467 0.122119 7385 
1172676626 10105 27941 5.530134 61 2192 1647 63.949134 0.171742 0.122762 7450 
1172763026 10128 28103 5.549566 61 2190 1643 64.432267 0.170286 0.123039 7516 
1172849426 10160 28264 5.563780 62 2191 1647 64.786417 0.169249 0.123477 7568 
1172935826 10174 28341 5.571260 62 2199 1638 64.989581 0.168934 0.123435 7603 
1173022226 10197 28436 5.577327 62 2204 1636 65.134647 0.168908 0.123481 7630 
1173108626 10222 28555 5.586969 62 2201 1644 65.344942 0.168593 0.124009 7669 
1173195026 10254 28742 5.606007 62 2201 1646 65.853130 0.167823 0.124711 7747 
1173281426 10283 28925 5.625790 62 2197 1646 66.338034 0.167967 0.125205 7813 
1173367826 10310 29091 5.643259 62 2186 1650 66.728807 0.166917 0.125665 7873 
1173454226 10335 29232 5.656894 63 2191 1643 67.081374 0.167235 0.125571 7924 
1173540626 10358 29342 5.665573 63 2192 1650 67.351612 0.166035 0.126064 7967 
1173627026 10369 29408 5.672292 63 2189 1650 67.527438 0.165320 0.126396 7998 
1173713426 10384 29511 5.683937 63 2188 1654 67.793721 0.164939 0.126631 8036 
1173799826 10419 29666 5.694596 63 2193 1662 68.101929 0.163920 0.127801 8090 
1173886226 10451 29824 5.707396 63 2203 1662 68.466941 0.164335 0.127758 8145 
1173972626 10473 29987 5.726535 63 2197 1657 68.905758 0.164077 0.127271 8205 
1174059026 10502 30108 5.733765 63 2202 1668 69.166064 0.164216 0.127348 8244 
1174145426 10521 30227 5.746032 63 2197 1673 69.462409 0.163670 0.127406 8287 
1174231826 10539 30330 5.755764 63 2198 1676 69.728058 0.164050 0.127787 8333 
1174318226 10557 30455 5.769632 63 2188 1682 70.079758 0.163842 0.128438 8387 
1174404626 10590 30603 5.779603 63 2190 1682 70.340699 0.163769 0.128470 8435 
1174491026 10621 30752 5.790792 63 2187 1695 70.670182 0.163842 0.128377 8497 
1174577426 10646 30903 5.805561 63 2200 1674 71.038888 0.163232 0.127946 8553 
1174663826 10668 31042 5.819648 63 2196 1672 71.387702 0.163095 0.128639 8608 
1174750226 10689 31142 5.826925 63 2200 1675 71.634390 0.161883 0.128406 8642 
1174836626 10701 31218 5.834595 63 2195 1681 71.806373 0.161834 0.128676 8674 
1174923026 10734 31336 5.838644 63 2207 1686 71.999255 0.161965 0.128686 8717 
1175009426 10766 31474 5.846926 64 2221 1682 72.276426 0.161663 0.128049 8761 
1175095826 10790 31615 5.860056 64 2217 1686 72.615199 0.161833 0.128287 8815 
1175182226 10819 31758 5.870783 64 2222 1680 72.919863 0.161271 0.127989 8865 
1175268626 10847 31866 5.875542 65 2239 1674 73.135614 0.160778 0.127631 8915 
1175355026 10867 31972 5.884237 65 2242 1670 73.394313 0.159868 0.127864 8957 
1175441426 10875 32040 5.892414 65 2235 1678 73.571678 0.159767 0.128500 8981 
1175527826 10893 32151 5.903057 67 2227 1690 73.843018 0.159230 0.128974 9019 
1175614226 10911 32279 5.916781 67 2220 1695 74.209330 0.159660 0.129919 9065 
1175700626 10933 32409 5.928656 67 2221 1699 74.540016 0.159543 0.129641 9106 
1175787026 10952 32529 5.940285 67 2218 1704 74.836012 0.159038 0.130067 9159 
1175873426 10982 32628 5.942087 67 2238 1696 74.968312 0.159333 0.129285 9183 
1175959826 11001 32724 5.949277 67 2242 1698 75.196618 0.158644 0.129490 9215 
1176046226 11025 32821 5.953923 67 2247 1699 75.326984 0.158724 0.129278 9248 
1176132626 11041 32925 5.964134 68 2243 1706 75.576125 0.159001 0.129538 9290 
1176219026 11077 33099 5.976167 68 2248 1706 75.903223 0.159084 0.129169 9345 
1176305426 11109 33303 5.995679 69 2245 1710 76.427761 0.157900 0.128899 9422 
1176391826 11129 33419 6.005751 69 2244 1713 76.677869 0.158011 0.129434 9459 
1176478226 11153 33541 6.014705 69 2247 1714 76.913297 0.157753 0.129523 9506 
1176564626 11167 33640 6.024895 69 2246 1708 77.192979 0.156924 0.130028 9542 
1176651026 11185 33729 6.031113 69 2251 1708 77.381493 0.157108 0.130011 9579 
1176737426 11201 33845 6.043210 69 2243 1714 77.647710 0.157099 0.130018 9618 
1176823826 11227 34024 6.061103 69 2242 1703 78.124521 0.155781 0.129647 9673 
1176910226 11260 34209 6.076199 69 2251 1697 78.585080 0.156159 0.129643 9755 
1176996626 11285 34355 6.088613 71 2241 1705 78.943022 0.155620 0.130301 9817 
1177083026 11321 34518 6.098048 72 2258 1689 79.267203 0.154838 0.129692 9879 
1177169426 11346 34614 6.101534 73 2266 1693 79.420412 0.155201 0.129526 9915 
1177255826 11361 34695 6.107737 73 2263 1700 79.605845 0.154337 0.129811 9941 
1177342226 11378 34816 6.119880 74 2263 1694 79.902092 0.153924 0.130142 9988 
1177428626 11401 34973 6.135076 74 2259 1693 80.280677 0.153418 0.130703 10051 
1177515026 11428 35123 6.146832 74 2267 1691 80.642982 0.152634 0.130337 10105 
1177601426 11457 35284 6.159379 74 2274 1687 81.053155 0.151549 0.130093 10177 
1177687826 11495 35431 6.164593 74 2285 1682 81.224880 0.151714 0.129792 10225 
1177774226 11517 35537 6.171225 74 2288 1681 81.428844 0.151318 0.130144 10281 
1177860626 11532 35629 6.179154 76 2282 1692 81.688172 0.150927 0.130356 10316 
1177947026 11559 35770 6.189117 77 2286 1693 81.939614 0.152092 0.130564 10374 
1178033426 11596 35936 6.197999 77 2298 1693 82.289410 0.151671 0.130636 10434 
1178119826 11623 36074 6.207348 77 2308 1683 82.583842 0.152050 0.130224 10496 
1178206226 11642 36228 6.223673 78 2297 1685 82.996736 0.151457 0.130640 10554 
1178292626 11665 36357 6.233519 78 2297 1687 83.312816 0.151425 0.130668 10594 
1178379026 11685 36494 6.246299 78 2289 1692 83.633890 0.151813 0.130739 10643 
1178465426 11709 36590 6.249893 78 2299 1692 83.798104 0.151807 0.130824 10679 
1178551826 11728 36727 6.263131 78 2292 1698 84.168656 0.151518 0.130415 10730 
1178638226 11750 36913 6.283064 78 2276 1717 84.683574 0.150758 0.130895 10807 
1178724626 11782 37043 6.288067 78 2292 1713 84.876082 0.150474 0.130833 10854 
1178811026 11805 37185 6.299873 78 2299 1705 85.243033 0.149897 0.131148 10919 
1178897426 11835 37331 6.308576 78 2303 1709 85.494550 0.150180 0.131033 10971 
1178983826 11854 37413 6.312300 79 2307 1712 85.645520 0.149396 0.131026 11000 
1179070226 11875 37518 6.318821 79 2312 1717 85.898611 0.148834 0.131053 11058 
1179156626 11901 37666 6.329888 79 2317 1719 86.253256 0.148438 0.130961 11112 
1179243026 11930 37831 6.342163 79 2326 1721 86.644929 0.148365 0.130883 11165 
1179329426 11959 37968 6.349695 79 2331 1717 86.886027 0.148267 0.131202 11214 
1179415826 11986 38104 6.358084 79 2338 1717 87.160354 0.148037 0.130889 11274 
1179502226 12016 38262 6.368509 79 2346 1720 87.504993 0.147187 0.131064 11333 
1179588626 12030 38382 6.381047 79 2341 1724 87.883791 0.147300 0.131440 11385 
1179675026 12044 38464 6.387247 79 2346 1724 88.094487 0.147207 0.131211 11418 
1179761426 12062 38591 6.398773 79 2343 1723 88.400929 0.147292 0.131194 11464 
1179847826 12083 38723 6.409501 79 2331 1739 88.682777 0.147156 0.131245 11511 
1179934226 12104 38863 6.421514 79 2331 1740 89.057667 0.146857 0.130707 11561 
1180020626 12147 39071 6.433029 79 2332 1752 89.462419 0.147339 0.131206 11629 
1180107026 12173 39229 6.445248 79 2336 1756 89.824530 0.146641 0.130860 11683 
1180193426 12191 39339 6.453777 79 2338 1761 90.107128 0.147033 0.130842 11728 
1180279826 12207 39432 6.460555 79 2337 1764 90.286721 0.146957 0.131212 11770 
1180366226 12238 39562 6.465436 80 2347 1766 90.527864 0.146150 0.130938 11804 
1180452626 12259 39709 6.478342 80 2337 1774 90.877233 0.146701 0.131397 11861 
1180539026 12288 39889 6.492350 80 2338 1780 91.278971 0.145995 0.131234 11930 
1180625426 12309 40065 6.509871 80 2329 1786 91.735966 0.145812 0.131744 11996 
1180711826 12337 40213 6.519089 80 2336 1786 92.036151 0.145722 0.131536 12042 
1180798226 12353 40334 6.530236 81 2335 1783 92.402979 0.145351 0.131496 12094 
1180884626 12372 40421 6.534271 81 2344 1778 92.554801 0.144979 0.131669 12131 
1180971026 12392 40526 6.540671 81 2339 1784 92.765817 0.145357 0.131502 12167 
1181057426 12433 40669 6.542106 81 2359 1788 92.915467 0.145369 0.131460 12220 
1181143826 12462 40797 6.547424 81 2362 1796 93.095972 0.145686 0.131518 12269 
1181230226 12497 40938 6.551652 81 2371 1804 93.304153 0.145624 0.131597 12318 
1181316626 12524 41082 6.560524 81 2370 1802 93.588790 0.145723 0.132348 12373 
1181403026 12550 41174 6.561594 81 2382 1804 93.697371 0.145580 0.132561 12404 
1181489426 12576 41283 6.565363 81 2398 1803 93.881043 0.145721 0.132347 12446 
1181575826 12596 41414 6.575738 81 2404 1796 94.200381 0.145890 0.132638 12510 
1181662226 12633 41593 6.584818 81 2414 1800 94.544764 0.145688 0.132502 12575 
1181748626 12668 41751 6.591569 81 2423 1800 94.809283 0.146030 0.132717 12638 
1181835026 12706 41925 6.599244 81 2437 1799 95.113962 0.145611 0.132714 12716 
1181921426 12732 42090 6.611687 81 2440 1797 95.468583 0.145840 0.132816 12781 
1182007826 12749 42213 6.622166 81 2439 1797 95.807357 0.145379 0.132662 12836 
1182094226 12777 42342 6.627847 81 2444 1797 96.038350 0.145366 0.132653 12888 
1182180626 12799 42489 6.639425 81 2446 1799 96.393312 0.145502 0.132642 12943 
1182267026 12824 42639 6.649875 81 2446 1809 96.739551 0.145314 0.133508 13014 
1182353426 12851 42791 6.659560 81 2445 1817 97.029803 0.145353 0.133678 13068 
1182439826 12877 42927 6.667236 81 2448 1818 97.285859 0.145431 0.133557 13116 
1182526226 12919 43108 6.673582 81 2472 1803 97.622262 0.145355 0.132839 13168 
1182612626 12937 43253 6.686713 81 2468 1797 98.003092 0.144906 0.132875 13230 
1182699026 12961 43364 6.691459 81 2470 1806 98.215261 0.144756 0.132986 13268 
1182785426 12999 43514 6.694977 81 2476 1821 98.425879 0.145044 0.133085 13321 
1182871826 13040 43689 6.700767 81 2499 1818 98.729601 0.145167 0.132713 13398 
1182958226 13069 43833 6.707935 81 2497 1830 99.014921 0.144438 0.133442 13457 
1183044626 13106 43981 6.711582 81 2511 1834 99.217152 0.143927 0.133368 13514 
1183131026 13133 44113 6.717886 81 2521 1834 99.498667 0.143837 0.133519 13572 
1183217426 13159 44248 6.725131 81 2526 1835 99.731591 0.144155 0.133590 13632 
1183303826 13173 44345 6.732711 81 2529 1832 99.986639 0.143870 0.133333 13663 
1183390226 13209 44494 6.736922 81 2541 1838 100.214702 0.143821 0.133372 13722 
1183476626 13240 44688 6.750453 81 2550 1824 100.616616 0.144002 0.132984 13796 
1183563026 13278 44832 6.752824 81 2559 1829 100.779937 0.143945 0.132707 13845 
1183649426 13306 44953 6.756801 81 2573 1829 100.983466 0.143868 0.132721 13893 
1183735826 13335 45142 6.770454 81 2567 1837 101.421222 0.143938 0.132857 13970 
1183822226 13352 45270 6.781007 82 2567 1836 101.713002 0.144176 0.133198 14036 
1183908626 13379 45409 6.788101 82 2572 1836 101.977726 0.144394 0.133386 14102 
1183995026 13414 45560 6.792903 82 2587 1838 102.219174 0.144356 0.133606 14164 
1184081426 13456 45733 6.797414 82 2600 1847 102.477111 0.144680 0.133765 14241 
1184167826 13484 45898 6.807772 82 2605 1844 102.832542 0.144531 0.133821 14304 
1184254226 13512 46059 6.817496 83 2603 1853 103.135139 0.144364 0.133781 14356 
1184340626 13536 46224 6.829787 84 2590 1866 103.449025 0.144541 0.133965 14413 
1184427026 13560 46374 6.839823 84 2589 1871 103.746165 0.144289 0.133887 14472 
1184513426 13575 46477 6.847440 84 2585 1873 104.016796 0.143667 0.133737 14511 
1184599826 13603 46673 6.862163 85 2577 1874 104.452694 0.143668 0.134040 14586 
1184686226 13644 46866 6.869833 85 2586 1880 104.742451 0.143930 0.134346 14660 
1184772626 13682 47029 6.874580 85 2600 1877 104.959363 0.143681 0.134261 14712 
1184859026 13721 47216 6.882297 85 2611 1872 105.255011 0.143535 0.133564 14786 
1184945426 13755 47394 6.891167 85 2616 1870 105.544457 0.143898 0.133545 14855 
1185031826 13789 47537 6.894916 85 2617 1882 105.749510 0.144012 0.133487 14913 
1185118226 13818 47654 6.897380 85 2626 1891 105.944565 0.144180 0.133616 14950 
1185204626 13845 47778 6.901842 86 2634 1889 106.153991 0.144114 0.133333 14995 
1185291026 13874 47922 6.908174 86 2644 1889 106.362404 0.144440 0.133096 15042 
1185377426 13907 48081 6.914647 86 2656 1893 106.622996 0.144461 0.132838 15104 
1185463826 13939 48245 6.922304 88 2671 1884 106.921587 0.144691 0.132324 15176 
1185550226 13973 48390 6.926215 88 2690 1877 107.164102 0.144332 0.132508 15234 
1185636626 13998 48535 6.934562 89 2691 1881 107.481640 0.144358 0.132422 15292 
1185723026 14022 48637 6.937241 89 2700 1883 107.615461 0.144188 0.132313 15324 
1185809426 14057 48797 6.942733 89 2705 1891 107.847478 0.144237 0.132332 15380 
1185895826 14091 48975 6.951245 90 2706 1904 108.160102 0.144121 0.132747 15460 
1185982226 14119 49142 6.961116 90 2709 1912 108.499752 0.144124 0.132332 15544 
1186068626 14156 49324 6.968635 90 2720 1911 108.837242 0.143956 0.132015 15624 
1186155026 14198 49500 6.972813 91 2729 1920 109.091140 0.144342 0.131445 15689 
1186241426 14223 49623 6.977853 91 2738 1924 109.315897 0.144184 0.131475 15736 
1186327826 14241 49755 6.987571 91 2733 1928 109.585844 0.144272 0.131795 15793 
1186414226 14281 49933 6.992928 91 2742 1932 109.863315 0.144122 0.131422 15849 
1186500626 14318 50145 7.004470 92 2737 1950 110.236346 0.143655 0.131968 15940 
1186587026 14351 50361 7.018466 92 2735 1950 110.651523 0.143769 0.131756 16030 
1186673426 14387 50583 7.031765 92 2733 1960 111.113227 0.143268 0.132270 16122 
1186759826 14417 50743 7.039329 92 2734 1969 111.355899 0.143227 0.132651 16181 
1186846226 14447 50869 7.042154 92 2741 1977 111.512840 0.142914 0.132488 16218 
1186932626 14467 50986 7.048593 92 2739 1977 111.781572 0.143294 0.133019 16271 
1187019026 14485 51118 7.058060 92 2737 1964 112.041974 0.143505 0.132389 16322 
1187105426 14518 51274 7.063507 92 2747 1968 112.336961 0.143186 0.132042 16376 
1187191826 14547 51447 7.073211 92 2752 1953 112.630508 0.143202 0.131770 16447 
1187278226 14584 51609 7.077482 92 2766 1952 112.896188 0.142759 0.130865 16495 
1187364626 14611 51770 7.086442 93 2768 1955 113.254671 0.142299 0.130713 16567 
1187451026 14630 51916 7.097198 93 2763 1963 113.602871 0.142158 0.130382 16621 
1187537426 14654 52067 7.106183 93 2761 1971 113.916200 0.141976 0.130059 16682 
1187623826 14678 52217 7.115002 93 2763 1970 114.216242 0.142027 0.129754 16737 
1187710226 14708 52399 7.125238 93 2765 1972 114.549225 0.141885 0.129602 16788 
1187796626 14747 52547 7.126466 93 2766 1996 114.706449 0.142060 0.129934 16836 
1187883026 14779 52704 7.132282 93 2774 1995 115.016307 0.141468 0.129755 16897 
1187969426 14823 52875 7.134183 93 2784 2009 115.209472 0.141670 0.129918 16962 
1188055826 14845 53013 7.142203 93 2773 2018 115.448973 0.142382 0.130247 17015 
1188142226 14864 53140 7.150161 93 2774 2015 115.721609 0.142461 0.130413 17066 
1188228626 14892 53329 7.162100 94 2776 2013 116.121005 0.142746 0.130353 17149 
1188315026 14928 53507 7.168676 94 2781 2013 116.401259 0.143236 0.130625 17215 
1188401426 14959 53692 7.178555 94 2776 2024 116.758874 0.143031 0.130817 17287 
1188487826 14984 53863 7.189402 94 2770 2035 117.120128 0.142872 0.131777 17364 
1188574226 15012 54025 7.197575 94 2771 2037 117.408740 0.142663 0.131661 17434 
1188660626 15036 54149 7.202580 94 2776 2036 117.639931 0.142183 0.131721 17487 
1188747026 15055 54253 7.207307 94 2779 2041 117.866091 0.142059 0.131841 17534 
1188833426 15086 54392 7.210924 94 2790 2042 118.086968 0.142305 0.131731 17582 
1188919826 15110 54528 7.217472 94 2799 2041 118.337260 0.142263 0.131525 17627 
1189006226 15141 54711 7.226867 94 2807 2041 118.685160 0.142227 0.131396 17708 
1189092626 15179 54930 7.237631 94 2810 2046 119.061335 0.142002 0.131439 17781 
1189179026 15211 55085 7.242785 95 2817 2050 119.303530 0.141802 0.131337 17842 
1189265426 15243 55213 7.244374 95 2825 2061 119.433314 0.142066 0.131203 17881 
1189351826 15264 55345 7.251703 95 2829 2047 119.649764 0.142195 0.131142 17937 
1189438226 15319 55541 7.251257 95 2848 2055 119.779359 0.142189 0.130712 17998 
1189524626 15345 55704 7.260215 95 2841 2064 120.101010 0.141791 0.130657 18059 
1189611026 15384 55873 7.263781 96 2856 2066 120.335933 0.141907 0.130676 18109 
1189697426 15423 56027 7.265383 96 2866 2081 120.564611 0.141736 0.130855 18174 
1189783826 15449 56169 7.271539 96 2874 2084 120.838630 0.141535 0.130932 18240 
1189870226 15479 56316 7.276439 96 2880 2086 121.039085 0.141540 0.131075 18295 
1189956626 15507 56451 7.280712 96 2878 2102 121.268201 0.141579 0.131711 18358 
1190043026 15544 56616 7.284611 96 2889 2109 121.502445 0.141208 0.131806 18432 
1190129426 15586 56808 7.289619 97 2905 2108 121.759656 0.141109 0.131739 18503 
1190215826 15623 57001 7.297062 98 2913 2110 122.128913 0.140594 0.131449 18575 
1190302226 15679 57222 7.299190 98 2943 2109 122.347471 0.141008 0.131203 18662 
1190388626 15725 57433 7.304674 98 2953 2119 122.689857 0.141056 0.131360 18751 
1190475026 15752 57578 7.310564 99 2957 2121 122.938294 0.140675 0.131720 18801 
1190561426 15788 57698 7.309096 99 2974 2124 123.014315 0.140529 0.131381 18840 
1190647826 15832 57852 7.308236 99 2995 2127 123.137064 0.140786 0.130875 18892 
1190734226 15880 58033 7.308942 99 3019 2123 123.254660 0.141220 0.130728 18963 
1190820626 15928 58212 7.309392 99 3033 2134 123.428930 0.141124 0.130472 19023 
1190907026 15971 58423 7.316135 99 3046 2139 123.731764 0.141018 0.130622 19120 
1190993426 16017 58621 7.319848 100 3055 2154 123.968783 0.141132 0.130962 19208 
1191079826 16053 58741 7.318383 100 3078 2151 124.058182 0.141171 0.130941 19255 
1191166226 16090 58864 7.316843 100 3102 2144 124.111622 0.141127 0.130772 19298 
1191252626 16145 59035 7.313100 100 3139 2141 124.214927 0.141487 0.130749 19370 
1191339026 16195 59260 7.318308 100 3155 2141 124.530781 0.141433 0.130618 19450 
1191425426 16234 59430 7.321671 100 3166 2148 124.693606 0.141575 0.130459 19500 
1191511826 16287 59631 7.322527 100 3182 2155 124.893719 0.141673 0.130766 19583 
1191598226 16329 59813 7.325984 100 3199 2153 125.106008 0.141649 0.131247 19676 
1191684626 16371 59960 7.325148 100 3218 2159 125.251115 0.141162 0.131241 19731 
1191771026 16400 60063 7.324756 100 3227 2170 125.348049 0.141324 0.131263 19777 
1191857426 16433 60248 7.332563 100 3221 2188 125.640358 0.141257 0.131675 19853 
1191943826 16484 60429 7.331837 100 3242 2191 125.788644 0.141145 0.131558 19924 
1192030226 16522 60590 7.334463 100 3254 2197 125.999274 0.141503 0.131672 19999 
1192116626 16568 60773 7.336190 100 3276 2195 126.208112 0.141501 0.131352 20067 
1192203026 16610 60946 7.338471 100 3290 2193 126.409512 0.141564 0.131279 20134 
1192289426 16646 61061 7.336417 100 3311 2197 126.461853 0.141486 0.131115 20175 
1192375826 16671 61172 7.338732 100 3316 2208 126.603443 0.141242 0.130892 20212 
1192462226 16700 61316 7.343234 100 3323 2208 126.805749 0.141109 0.130887 20261 
1192548626 16741 61527 7.350457 100 3329 2213 127.132310 0.140847 0.130631 20332 
1192635026 16783 61719 7.354943 101 3332 2236 127.385807 0.140591 0.130714 20406 
1192721426 16826 61905 7.358255 101 3341 2250 127.619874 0.140499 0.130674 20479 
1192807826 16880 62088 7.356398 101 3364 2260 127.745616 0.140558 0.130727 20544 
1192894226 16903 62201 7.359759 101 3371 2263 127.921434 0.140680 0.130762 20589 
1192980626 16922 62280 7.360832 101 3379 2264 128.008628 0.140456 0.130753 20620 
1193067026 16947 62408 7.365079 101 3382 2268 128.183749 0.140684 0.130623 20674 
1193153426 16978 62596 7.373778 101 3387 2263 128.528449 0.140881 0.130639 20747 
1193239826 17025 62797 7.377034 101 3404 2269 128.744200 0.140774 0.130372 20823 
1193326226 17062 62967 7.380964 101 3416 2274 128.955925 0.140843 0.130176 20883 
1193412626 17108 63144 7.381810 101 3424 2290 129.089783 0.140673 0.130073 20940 
1193499026 17125 63250 7.386861 101 3420 2299 129.299270 0.140720 0.130297 20979 
1193585426 17147 63330 7.386715 101 3432 2302 129.356039 0.140861 0.130156 21013 
1193671826 17173 63429 7.387061 101 3448 2300 129.468002 0.140690 0.129891 21048 
1193758226 17209 63607 7.392295 102 3460 2308 129.744785 0.140549 0.129718 21114 
1193844626 17245 63770 7.395767 102 3469 2316 129.917309 0.140922 0.129526 21173 
1193931026 17278 63896 7.396226 103 3490 2311 130.047922 0.140891 0.129706 21224 
1194017426 17313 64077 7.402183 103 3496 2322 130.324381 0.141115 0.129830 21298 
1194103826 17342 64196 7.403529 103 3511 2318 130.473994 0.141223 0.129470 21344 
1194190226 17364 64313 7.407625 103 3516 2318 130.660101 0.141157 0.129533 21399 
1194276626 17394 64451 7.410716 103 3526 2321 130.821893 0.141122 0.129510 21452 
1194363026 17439 64623 7.411319 103 3525 2347 130.949940 0.141239 0.130156 21529 
1194449426 17477 64791 7.414430 103 3538 2348 131.123763 0.141304 0.130182 21595 
1194535826 17510 64986 7.422730 103 3529 2365 131.457681 0.141228 0.130605 21677 
1194622226 17546 65153 7.426536 103 3530 2379 131.662943 0.140869 0.130812 21744 
1194708626 17580 65296 7.428441 103 3539 2378 131.844482 0.140826 0.131001 21804 
1194795026 17604 65402 7.430357 103 3542 2383 131.933197 0.140900 0.130932 21836 
1194881426 17639 65544 7.431714 104 3550 2394 132.109643 0.140746 0.131247 21890 
1194967826 17682 65749 7.436828 104 3552 2406 132.376202 0.140585 0.131444 21962 
1195054226 17728 65935 7.438515 104 3566 2403 132.524481 0.140694 0.131626 22035 
1195140626 17764 66095 7.441455 105 3573 2409 132.701081 0.141089 0.131786 22097 
1195227026 17800 66261 7.445056 105 3578 2420 132.925618 0.140906 0.132022 22178 
1195313426 17832 66377 7.444706 105 3588 2419 132.978690 0.141096 0.132167 22217 
1195399826 17851 66493 7.449779 106 3590 2418 133.210688 0.140975 0.132029 22269 
1195486226 17882 66631 7.452298 106 3597 2428 133.368639 0.140939 0.131940 22313 
1195572626 17918 66823 7.458757 106 3607 2423 133.642482 0.140686 0.132152 22384 
1195659026 17951 66969 7.461311 106 3610 2435 133.799454 0.140763 0.132026 22434 
1195745426 17968 67072 7.465717 106 3614 2433 134.002004 0.140616 0.132030 22477 
1195831826 17992 67176 7.467319 106 3620 2441 134.150178 0.140511 0.131849 22512 
1195918226 18013 67261 7.468051 106 3632 2446 134.244601 0.140488 0.131740 22538 
1196004626 18031 67373 7.473019 106 3629 2451 134.460429 0.139845 0.131851 22584 
1196091026 18058 67523 7.478458 106 3635 2443 134.718241 0.139784 0.131991 22651 
1196177426 18096 67710 7.483422 106 3653 2439 135.029730 0.139344 0.132176 22731 
1196263826 18137 67883 7.485582 106 3665 2442 135.246182 0.139218 0.131951 22802 
1196350226 18169 68041 7.489790 106 3681 2443 135.507843 0.139079 0.132084 22871 
1196436626 18200 68199 7.494396 106 3689 2451 135.764505 0.138977 0.131489 22935 
1196523026 18226 68308 7.495666 106 3695 2454 135.877538 0.138872 0.131604 22975 
1196609426 18245 68415 7.499589 106 3699 2453 136.080899 0.138628 0.131508 23024 
1196695826 18277 68541 7.500246 107 3702 2471 136.217869 0.138334 0.131740 23078 
1196782226 18298 68716 7.510766 108 3686 2486 136.558968 0.138467 0.131855 23147 
1196868626 18324 68885 7.518555 108 3688 2487 136.885396 0.138278 0.131988 23213 
1196955026 18354 69020 7.520976 108 3697 2490 137.068868 0.138109 0.131978 23272 
1197041426 18390 69188 7.524524 109 3706 2494 137.320392 0.138335 0.132023 23351 
1197127826 18416 69322 7.528454 109 3714 2494 137.536816 0.137979 0.131763 23394 
1197214226 18439 69436 7.531428 109 3718 2503 137.697272 0.137798 0.131769 23448 
1197300626 18466 69548 7.532546 109 3727 2510 137.815011 0.137788 0.131672 23493 
1197387026 18505 69702 7.533315 110 3733 2524 137.957417 0.137719 0.131721 23553 
1197473426 18536 69863 7.538088 111 3734 2533 138.192490 0.137775 0.132138 23627 
1197559826 18569 70011 7.540632 112 3748 2535 138.362971 0.138191 0.132699 23701 
1197646226 18605 70138 7.539694 112 3769 2537 138.432787 0.138217 0.132455 23746 
1197732626 18628 70249 7.542302 112 3784 2528 138.622611 0.137928 0.132405 23796 
1197819026 18645 70335 7.544650 112 3787 2533 138.743685 0.137836 0.132294 23836 
1197905426 18676 70463 7.545834 112 3802 2533 138.894731 0.137646 0.132303 23893 
1197991826 18697 70563 7.548056 112 3804 2543 139.057924 0.137264 0.132305 23928 
1198078226 18741 70710 7.546022 112 3819 2553 139.139747 0.137101 0.132222 23988 
1198164626 18786 70844 7.542212 112 3840 2561 139.139466 0.137196 0.132094 24032 
1198251026 18812 70967 7.544865 112 3849 2563 139.288008 0.137044 0.132006 24073 
1198337426 18844 71088 7.544895 112 3864 2567 139.390681 0.137096 0.132138 24126 
1198423826 18855 71173 7.549509 112 3859 2568 139.568178 0.137218 0.132441 24162 
1198510226 18878 71257 7.549211 112 3872 2571 139.665748 0.137078 0.132149 24188 
1198596626 18892 71354 7.553885 112 3871 2576 139.868728 0.137102 0.132031 24232 
1198683026 18900 71418 7.557460 112 3865 2581 139.982751 0.137188 0.132006 24255 
1198769426 18922 71510 7.558398 112 3874 2582 140.087411 0.137143 0.131953 24295 
1198855826 18942 71631 7.563193 112 3874 2580 140.253933 0.137156 0.131924 24342 
1198942226 18961 71762 7.569432 112 3870 2590 140.520648 0.137062 0.132158 24405 
1199028626 18988 71864 7.569412 112 3876 2599 140.605435 0.137015 0.132081 24434 
1199115026 19015 71997 7.572653 112 3875 2609 140.754141 0.137153 0.132302 24486 
1199201426 19034 72094 7.575286 112 3873 2614 140.858149 0.137226 0.132688 24530 
1199287826 19060 72221 7.578279 112 3879 2621 141.006611 0.137277 0.132689 24574 
1199374226 19094 72337 7.576935 113 3900 2612 141.102336 0.137188 0.132343 24616 
1199460626 19120 72455 7.578975 113 3903 2623 141.228975 0.137162 0.132467 24664 
1199547026 19142 72544 7.579563 114 3905 2631 141.308850 0.136877 0.132731 24701 
1199633426 19170 72648 7.579343 115 3915 2638 141.397913 0.136766 0.132899 24739 
1199719826 19197 72741 7.578372 115 3928 2641 141.444184 0.137025 0.132665 24774 
1199806226 19221 72852 7.580459 115 3929 2657 141.582956 0.136923 0.132618 24825 
1199892626 19238 72954 7.584364 115 3930 2663 141.752573 0.136871 0.132594 24874 
1199979026 19265 73077 7.586504 115 3939 2660 141.889437 0.136701 0.132565 24934 
1200065426 19298 73195 7.585760 115 3954 2667 142.034822 0.136676 0.132488 24986 
1200151826 19329 73309 7.585390 115 3972 2668 142.133582 0.136612 0.132293 25031 
1200238226 19350 73405 7.587080 115 3977 2670 142.245685 0.136305 0.132405 25071 
1200324626 19381 73511 7.585883 115 3989 2675 142.328363 0.136368 0.131958 25106 
1200411026 19405 73650 7.590827 115 3996 2669 142.593455 0.136483 0.131713 25152 
1200497426 19449 73791 7.588154 115 4019 2667 142.622654 0.136772 0.131444 25201 
1200583826 19480 73929 7.590246 115 4026 2673 142.779877 0.136707 0.132265 25267 
1200670226 19511 74070 7.592640 115 4040 2666 142.932705 0.136810 0.132422 25322 
1200756626 19535 74164 7.592936 115 4052 2668 143.056258 0.136832 0.132483 25360 
1200843026 19551 74259 7.596440 115 4058 2670 143.233696 0.136791 0.132581 25397 
1200929426 19573 74379 7.600163 115 4054 2685 143.421448 0.136831 0.132587 25456 
1201015826 19602 74494 7.600653 115 4066 2685 143.527905 0.136953 0.132445 25507 
1201102226 19649 74650 7.598351 115 4089 2686 143.594687 0.136977 0.132119 25559 
1201188626 19682 74791 7.599939 116 4095 2695 143.770857 0.136681 0.132255 25624 
1201275026 19722 74944 7.600041 116 4116 2704 143.935605 0.136561 0.131890 25682 
1201361426 19769 75131 7.600890 116 4140 2710 144.151753 0.136182 0.131355 25749 
1201447826 19806 75306 7.604362 116 4150 2717 144.385843 0.136229 0.131548 25823 
1201534226 19837 75459 7.607904 116 4153 2730 144.640419 0.136345 0.131892 25896 
1201620626 19875 75660 7.613585 116 4164 2732 144.930516 0.136699 0.131989 25977 
1201707026 19919 75819 7.612732 116 4179 2746 145.019127 0.136690 0.131987 26042 
1201793426 19959 75959 7.611504 116 4197 2750 145.094444 0.136665 0.132042 26101 
1201879826 19995 76102 7.612103 116 4216 2753 145.244811 0.136795 0.131979 26162 
1201966226 20017 76201 7.613628 116 4223 2753 145.380527 0.136710 0.132113 26199 
1202052626 20029 76273 7.616256 116 4219 2764 145.477058 0.136775 0.132378 26234 
1202139026 20055 76351 7.614161 116 4233 2771 145.460982 0.137001 0.132269 26257 
1202225426 20077 76454 7.616078 116 4232 2784 145.564078 0.137238 0.132383 26299 
1202311826 20096 76531 7.616541 116 4237 2787 145.650677 0.137203 0.132549 26326 
1202398226 20137 76681 7.615931 116 4253 2790 145.722302 0.137208 0.132447 26386 
1202484626 20181 76833 7.614390 116 4272 2796 145.809821 0.137055 0.132366 26444 
1202571026 20213 77026 7.621432 116 4272 2805 146.114976 0.137122 0.132805 26537 
1202657426 20238 77125 7.621801 116 4279 2814 146.221761 0.136911 0.132601 26573 
1202743826 20272 77277 7.624013 116 4281 2831 146.398579 0.136800 0.132805 26629 
1202830226 20303 77457 7.630104 116 4276 2837 146.654977 0.136817 0.132964 26700 
1202916626 20344 77659 7.634585 116 4281 2851 146.901593 0.136902 0.133203 26798 
1203003026 20383 77833 7.637050 116 4296 2855 147.118775 0.136864 0.133327 26869 
1203089426 20417 77998 7.640496 116 4302 2863 147.370427 0.136710 0.133239 26933 
1203175826 20449 78107 7.639200 116 4317 2868 147.433811 0.136761 0.133316 26978 
1203262226 20470 78214 7.641817 116 4320 2879 147.592868 0.136683 0.133456 27022 
1203348626 20498 78366 7.646209 117 4328 2885 147.825056 0.136583 0.133500 27097 
1203435026 20534 78546 7.650336 118 4326 2902 148.054057 0.136383 0.133695 27178 
1203521426 20569 78721 7.654334 118 4336 2893 148.291020 0.136142 0.133874 27248 
1203607826 20599 78866 7.657265 119 4341 2901 148.479149 0.136048 0.134136 27309 
1203694226 20629 79000 7.659121 119 4352 2903 148.609821 0.135999 0.134444 27370 
1203780626 20660 79129 7.660116 119 4362 2912 148.753630 0.135812 0.134210 27420 
1203867026 20676 79216 7.662604 119 4368 2907 148.866318 0.135756 0.134127 27459 
1203953426 20717 79352 7.660569 119 4384 2911 148.909977 0.135829 0.134285 27522 
1204039826 20756 79522 7.662555 119 4401 2915 149.120640 0.135661 0.134143 27579 
1204126226 20798 79712 7.665352 119 4406 2930 149.321858 0.135677 0.134364 27666 
1204212626 20840 79883 7.666315 119 4424 2931 149.469866 0.135792 0.134158 27729 
1204299026 20891 80046 7.663204 119 4452 2921 149.537313 0.135798 0.133921 27793 
1204385426 20918 80170 7.665169 119 4459 2922 149.695669 0.135724 0.133863 27856 
1204471826 20945 80323 7.669897 119 4463 2920 149.895822 0.135704 0.133918 27932 
1204558226 20969 80442 7.672469 119 4461 2932 150.035958 0.135711 0.134191 27981 
1204644626 21024 80674 7.674467 119 4481 2933 150.222127 0.135794 0.134249 28070 
1204731026 21071 80867 7.675668 119 4499 2942 150.436144 0.135557 0.134044 28148 
1204817426 21112 81061 7.679140 120 4506 2951 150.693823 0.135524 0.134023 28225 
1204903826 21156 81212 7.677444 121 4514 2972 150.802515 0.135464 0.133987 28288 
1204990226 21191 81364 7.679109 121 4519 2974 150.922090 0.135395 0.134009 28340 
1205076626 21231 81491 7.676605 122 4528 2985 150.942113 0.135523 0.134062 28385 
1205163026 21267 81639 7.677529 122 4542 2990 151.117694 0.135055 0.133951 28437 
1205249426 21318 81818 7.675955 122 4571 2986 151.236514 0.134966 0.133476 28512 
1205335826 21363 82001 7.676918 122 4580 2991 151.361607 0.135301 0.133804 28582 
1205422226 21398 82148 7.678101 122 4588 3000 151.469764 0.135188 0.133743 28634 
1205508626 21428 82293 7.680885 122 4584 3021 151.669591 0.135106 0.134102 28703 
1205595026 21455 82398 7.681007 122 4595 3027 151.735633 0.135314 0.134011 28743 
1205681426 21472 82475 7.682098 122 4602 3025 151.812500 0.135185 0.134073 28782 
1205767826 21505 82610 7.682864 122 4604 3039 151.928575 0.135284 0.134090 28832 
1205854226 21559 82809 7.682082 122 4624 3047 152.054270 0.135111 0.133663 28905 
1205940626 21603 82985 7.682729 122 4625 3064 152.188400 0.135063 0.133871 28974 
1206027026 21628 83118 7.686148 122 4630 3056 152.387091 0.134984 0.133742 29027 
1206113426 21665 83262 7.686314 122 4638 3066 152.517609 0.135001 0.133694 29085 
1206199826 21687 83393 7.690598 122 4638 3070 152.690921 0.135300 0.133905 29138 
1206286226 21715 83515 7.691918 122 4651 3064 152.839788 0.135312 0.134138 29195 
1206372626 21736 83624 7.694516 122 4656 3055 152.994111 0.135359 0.134083 29245 
1206459026 21781 83799 7.694688 122 4677 3060 153.128966 0.135412 0.134159 29320 
1206545426 21818 83971 7.697406 122 4690 3063 153.317169 0.135606 0.134077 29394 
1206631826 21859 84146 7.698980 122 4699 3073 153.482136 0.135611 0.134002 29460 
1206718226 21894 84376 7.707682 122 4688 3089 153.907098 0.135055 0.134127 29542 
1206804626 21934 84529 7.707577 122 4712 3078 154.050424 0.134917 0.133953 29602 
1206891026 21972 84675 7.707537 122 4725 3084 154.173767 0.134732 0.133828 29663 
1206977426 22012 84880 7.712157 122 4729 3094 154.431310 0.134374 0.133961 29743 
1207063826 22051 85073 7.716022 122 4736 3103 154.705637 0.134419 0.133914 29827 
1207150226 22113 85302 7.715100 122 4755 3120 154.869082 0.134210 0.133765 29915 
1207236626 22161 85531 7.719056 123 4758 3140 155.148685 0.133965 0.133929 30006 
1207323026 22205 85727 7.721414 123 4771 3146 155.355911 0.134097 0.133947 30082 
1207409426 22251 85916 7.722439 123 4788 3147 155.512741 0.134158 0.134413 30157 
1207495826 22294 86041 7.718758 123 4812 3149 155.536108 0.134180 0.134435 30204 
1207582226 22330 86238 7.723959 123 4821 3143 155.848365 0.133837 0.134366 30292 
1207668626 22368 86439 7.728809 123 4822 3151 156.082260 0.133908 0.134361 30375 
1207755026 22405 86620 7.732203 123 4825 3162 156.244767 0.133989 0.134458 30449 
1207841426 22450 86823 7.734788 123 4836 3173 156.490156 0.134065 0.134352 30530 
1207927826 22507 87031 7.733683 124 4861 3181 156.629848 0.134053 0.134282 30607 
1208014226 22543 87183 7.734818 124 4870 3182 156.753493 0.134074 0.134217 30656 
1208100626 22560 87278 7.737411 124 4870 3185 156.847518 0.134025 0.134206 30694 
1208187026 22598 87431 7.737941 124 4887 3185 156.956987 0.134089 0.133835 30743 
1208273426 22650 87639 7.738543 124 4909 3193 157.139426 0.134140 0.133570 30826 
1208359826 22682 87846 7.745878 125 4901 3205 157.456926 0.134175 0.133464 30911 
1208446226 22725 88075 7.751375 125 4908 3208 157.739494 0.133968 0.133149 30998 
1208532626 22768 88285 7.755183 126 4913 3217 157.955376 0.133971 0.133151 31086 
1208619026 22813 88463 7.755490 126 4926 3230 158.083374 0.134216 0.133475 31168 
1208705426 22829 88550 7.757677 126 4934 3228 158.220597 0.134262 0.133589 31213 
1208791826 22862 88722 7.761526 126 4937 3230 158.411862 0.134345 0.133239 31277 
1208878226 22905 88924 7.764593 126 4949 3236 158.602576 0.134440 0.133029 31352 
1208964626 22950 89127 7.767059 126 4950 3247 158.752680 0.134608 0.133180 31430 
1209051026 23000 89331 7.767913 127 4965 3254 158.901478 0.134643 0.133210 31504 
1209137426 23040 89509 7.769878 127 4971 3272 159.069531 0.134544 0.133245 31569 
1209223826 23066 89608 7.769704 127 4978 3284 159.140380 0.134606 0.133405 31609 
1209310226 23101 89739 7.769274 127 4993 3289 159.199688 0.134631 0.133309 31654 
1209396626 23144 89891 7.767974 127 5015 3287 159.313515 0.134912 0.133290 31717 
1209483026 23197 90104 7.768591 127 5017 3307 159.468035 0.134905 0.133686 31807 
1209569426 23252 90298 7.766902 128 5041 3312 159.566575 0.134809 0.133343 31878 
1209655826 23301 90511 7.768851 128 5052 3316 159.705420 0.134791 0.133193 31951 
1209742226 23344 90736 7.773818 128 5045 3329 159.958962 0.135231 0.133329 32040 
1209828626 23369 90882 7.777996 128 5041 3335 160.145321 0.135182 0.133413 32102 
1209915026 23393 91029 7.782585 128 5042 3338 160.391399 0.135114 0.133338 32158 
1210001426 23435 91219 7.784852 128 5051 3342 160.581097 0.135182 0.133307 32234 
1210087826 23481 91429 7.787488 129 5065 3337 160.757634 0.135300 0.133338 32327 
1210174226 23533 91625 7.786937 129 5074 3357 160.827349 0.135384 0.133536 32399 
1210260626 23574 91822 7.790108 129 5074 3375 161.045728 0.135049 0.133647 32478 
1210347026 23616 91991 7.790566 129 5087 3373 161.129997 0.135356 0.133481 32546 
1210433426 23652 92133 7.790715 129 5107 3356 161.218332 0.135456 0.133079 32592 
1210519826 23677 92280 7.794906 129 5103 3361 161.402880 0.135263 0.133193 32641 
1210606226 23721 92441 7.794022 129 5122 3370 161.496058 0.135075 0.133080 32698 
1210692626 23761 92616 7.795631 130 5127 3389 161.682673 0.135038 0.132889 32764 
1210779026 23819 92838 7.795289 130 5150 3395 161.824762 0.135144 0.132792 32848 
1210865426 23859 93038 7.798986 130 5156 3405 162.044931 0.135245 0.132602 32941 
1210951826 23899 93226 7.801665 130 5165 3415 162.236914 0.135521 0.132981 33020 
1211038226 23937 93361 7.800560 130 5167 3432 162.260434 0.135582 0.133285 33074 
1211124626 23976 93484 7.798131 130 5183 3434 162.266016 0.135523 0.133335 33115 
1211211026 24006 93658 7.802883 130 5181 3441 162.504374 0.135585 0.133411 33189 
1211297426 24062 93852 7.800848 130 5193 3458 162.541767 0.135698 0.133124 33251 
1211383826 24110 94064 7.802903 130 5203 3470 162.736624 0.135594 0.133264 33338 
1211470226 24152 94249 7.804654 130 5209 3480 162.861461 0.135727 0.133180 33419 
1211556626 24200 94447 7.805537 130 5226 3480 163.000909 0.135700 0.132937 33506 
1211643026 24234 94600 7.807213 130 5226 3489 163.124371 0.135773 0.133035 33574 
1211729426 24257 94726 7.810199 130 5225 3491 163.266026 0.135865 0.132939 33617 
1211815826 24285 94845 7.810994 130 5242 3493 163.422030 0.135653 0.132848 33662 
1211902226 24328 95006 7.810424 130 5264 3497 163.512167 0.135588 0.132704 33722 
1211988626 24375 95202 7.811446 130 5270 3520 163.699856 0.135558 0.132751 33812 
1212075026 24416 95400 7.814548 130 5276 3528 163.881062 0.135484 0.132575 33887 
1212161426 24457 95613 7.818866 131 5279 3543 164.183506 0.135289 0.132460 33971 
1212247826 24510 95782 7.815749 131 5293 3563 164.245206 0.135170 0.132732 34036 
1212334226 24537 95899 7.816685 131 5301 3563 164.346497 0.135064 0.132458 34077 
1212420626 24578 96044 7.815445 131 5316 3571 164.427862 0.135089 0.132170 34130 
1212507026 24625 96243 7.816690 132 5321 3581 164.575675 0.135015 0.131840 34192 
1212593426 24673 96454 7.818587 132 5320 3594 164.690390 0.135444 0.131819 34276 
1212679826 24731 96652 7.816263 132 5336 3613 164.770288 0.135369 0.131606 34346 
1212766226 24788 96851 7.814346 132 5359 3619 164.846700 0.135262 0.131621 34413 
1212852626 24836 97026 7.813335 132 5379 3623 164.946771 0.135220 0.131287 34475 
1212939026 24874 97179 7.813701 132 5387 3631 165.053148 0.135175 0.130871 34523 
1213025426 24931 97338 7.808592 132 5409 3646 164.990574 0.135355 0.130842 34571 
1213111826 24975 97509 7.808529 132 5419 3653 165.091491 0.135403 0.130782 34624 
1213198226 25026 97717 7.809238 132 5427 3674 165.258611 0.135112 0.130905 34713 
1213284626 25079 97924 7.809243 132 5448 3681 165.392480 0.135239 0.130884 34797 
1213371026 25127 98109 7.809050 132 5467 3677 165.513511 0.135207 0.130871 34860 
1213457426 25155 98241 7.810853 132 5474 3685 165.678632 0.135283 0.130853 34921 
1213543826 25185 98368 7.811634 132 5486 3693 165.776692 0.135261 0.130802 34970 
1213630226 25249 98573 7.808072 132 5509 3698 165.794606 0.135448 0.130608 35048 
1213716626 25296 98777 7.809693 132 5519 3706 165.969877 0.135753 0.130788 35148 
1213803026 25336 98993 7.814414 132 5513 3720 166.229476 0.135655 0.131066 35237 
1213889426 25376 99185 7.817229 132 5525 3721 166.430801 0.135561 0.131356 35319 
1213975826 25437 99386 7.814286 132 5547 3731 166.477965 0.135685 0.131500 35397 
1214062226 25482 99542 7.812731 132 5568 3741 166.529001 0.135422 0.131336 35452 
1214148626 25512 99689 7.815067 132 5576 3737 166.654280 0.135535 0.131447 35505 
1214235026 25568 99888 7.813517 132 5580 3767 166.691646 0.135691 0.131671 35580 
1214321426 25635 100138 7.812600 132 5606 3778 166.816774 0.135936 0.131439 35674 
1214407826 25689 100344 7.812215 132 5615 3796 166.941337 0.135977 0.131494 35763 
1214494226 25742 100561 7.812990 132 5612 3816 167.078704 0.135899 0.131782 35839 
1214580626 25822 100802 7.807451 132 5625 3844 166.999458 0.136539 0.131728 35917 
1214667026 25881 100974 7.802944 132 5650 3858 166.953363 0.136816 0.131484 35966 
1214753426 25927 101163 7.803680 133 5655 3870 167.043622 0.136990 0.131734 36045 
1214839826 25978 101367 7.804065 133 5667 3880 167.173916 0.137145 0.131616 36118 
1214926226 26044 101605 7.802565 133 5680 3892 167.206727 0.137349 0.131821 36208 
1215012626 26097 101836 7.804422 133 5681 3904 167.322987 0.137315 0.131960 36286 
1215099026 26153 102090 7.807135 133 5689 3902 167.472106 0.137438 0.131804 36388 
1215185426 26203 102259 7.805137 133 5714 3897 167.533412 0.137389 0.131699 36451 
1215271826 26232 102380 7.805733 133 5716 3904 167.621531 0.137261 0.131613 36497 
1215358226 26266 102520 7.806289 133 5731 3898 167.745070 0.137180 0.131839 36559 
1215444626 26321 102734 7.806238 133 5751 3905 167.860948 0.137395 0.131941 36643 
1215531026 26381 102948 7.804708 133 5765 3919 167.929722 0.137444 0.132160 36729 
1215617426 26464 103211 7.800106 133 5791 3932 167.893591 0.137842 0.132446 36821 
1215703826 26538 103456 7.796820 133 5818 3942 167.921697 0.138020 0.132465 36913 
1215790226 26599 103690 7.796534 133 5827 3951 167.979172 0.138287 0.132390 36990 
1215876626 26633 103857 7.799121 134 5831 3942 168.133519 0.138348 0.132417 37049 
1215963026 26672 104026 7.800390 134 5831 3963 168.264397 0.138387 0.132484 37108 
1216049426 26712 104197 7.801512 134 5842 3965 168.391959 0.138396 0.132330 37183 
1216135826 26787 104494 7.801844 134 5866 3972 168.547654 0.138582 0.132553 37305 
1216222226 26848 104747 7.802965 134 5881 3982 168.715435 0.138484 0.132617 37419 
1216308626 26908 104976 7.802587 134 5903 3970 168.814405 0.138523 0.132807 37504 
1216395026 26980 105213 7.799333 134 5932 3977 168.874426 0.138747 0.132319 37573 
1216481426 27014 105382 7.802029 134 5936 3977 168.995188 0.138825 0.132066 37626 
1216567826 27055 105560 7.803364 134 5944 3976 169.103234 0.138934 0.132213 37709 
1216654226 27123 105775 7.799653 135 5954 4008 169.133724 0.138698 0.132307 37783 
1216740626 27210 106070 7.796398 135 5972 4040 169.169497 0.139117 0.132469 37892 
1216827026 27300 106351 7.791282 135 6006 4045 169.138022 0.139475 0.132259 37989 
1216913426 27391 106625 7.785404 135 6049 4051 169.139936 0.139517 0.132169 38084 
1216999826 27463 106863 7.782325 135 6066 4068 169.173361 0.139717 0.132430 38171 
1217086226 27534 107092 7.778892 135 6089 4080 169.202295 0.139801 0.132426 38250 
1217172626 27590 107290 7.777456 135 6108 4087 169.276260 0.139760 0.132276 38320 
1217259026 27651 107505 7.775849 135 6122 4100 169.315034 0.139809 0.132465 38402 
1217345426 27736 107798 7.773147 135 6156 4112 169.366095 0.139921 0.132038 38498 
1217431826 27814 108098 7.772920 135 6184 4111 169.502912 0.140226 0.131817 38612 
1217518226 27896 108396 7.771437 135 6191 4150 169.592486 0.140521 0.131951 38723 
1217604626 27963 108668 7.772271 135 6208 4161 169.793584 0.140088 0.131848 38825 
1217691026 28041 108921 7.768696 135 6233 4169 169.801077 0.140370 0.131918 38898 
1217777426 28096 109130 7.768366 135 6236 4184 169.863183 0.140439 0.131987 38978 
1217863826 28171 109399 7.766781 135 6245 4208 169.954918 0.140335 0.131922 39073 
1217950226 28271 109715 7.761664 135 6277 4230 169.927912 0.140702 0.132006 39186 
1218036626 28366 110061 7.760065 136 6308 4246 170.046464 0.140655 0.132540 39321 
1218123026 28479 110400 7.753081 137 6354 4251 169.964465 0.140792 0.132239 39432 
1218209426 28555 110693 7.752968 137 6374 4257 170.060795 0.140988 0.132283 39546 
1218295826 28599 110917 7.756705 137 6375 4258 170.238889 0.140913 0.132674 39630 
1218382226 28663 111097 7.751945 137 6410 4265 170.200188 0.141290 0.132436 39694 
1218468626 28735 111344 7.749713 137 6427 4284 170.242213 0.141407 0.132535 39776 
1218555026 28827 111638 7.745378 138 6463 4286 170.282444 0.141232 0.132427 39874 
1218641426 28914 111951 7.743723 138 6490 4299 170.340250 0.141595 0.132182 39979 
1218727826 29002 112257 7.741328 138 6512 4322 170.408179 0.141521 0.131993 40084 
1218814226 29073 112547 7.742373 138 6511 4353 170.524473 0.141895 0.132142 40184 
1218900626 29152 112794 7.738337 138 6538 4356 170.466040 0.142097 0.131760 40255 
1218987026 29233 113051 7.734478 138 6564 4361 170.446755 0.142145 0.132007 40372 
1219073426 29306 113378 7.737528 139 6566 4383 170.667781 0.142131 0.132560 40502 
1219159826 29419 113747 7.732894 140 6598 4411 170.726741 0.142103 0.132624 40634 
1219246226 29502 114073 7.733238 140 6612 4422 170.862179 0.142257 0.132409 40753 
1219332626 29600 114418 7.730946 140 6641 4437 170.975811 0.142213 0.132537 40886 
1219419026 29694 114738 7.728026 140 6663 4458 171.017040 0.142575 0.132389 41001 
1219505426 29775 115031 7.726683 140 6687 4467 171.096558 0.142719 0.132328 41115 
1219591826 29843 115265 7.724760 140 6720 4463 171.178970 0.142521 0.131828 41184 
1219678226 29945 115607 7.721289 140 6751 4489 171.179162 0.143156 0.131253 41283 
1219764626 30056 115981 7.717660 140 6774 4518 171.227708 0.143324 0.131181 41418 
1219851026 30143 116323 7.718077 140 6792 4523 171.419036 0.143633 0.131059 41559 
1219937426 30246 116711 7.717450 140 6829 4540 171.544072 0.143709 0.131242 41715 
1220023826 30317 116993 7.717980 140 6838 4557 171.690867 0.143789 0.131239 41825 
1220110226 30395 117233 7.713966 140 6869 4574 171.677513 0.144081 0.131119 41899 
1220196626 30437 117435 7.716595 140 6860 4593 171.816211 0.144180 0.131515 41976 
1220283026 30484 117677 7.720575 140 6851 4609 171.979727 0.144182 0.131275 42063 
1220369426 30526 117874 7.722859 140 6851 4631 172.171657 0.143905 0.131318 42144 
1220455826 30571 118069 7.724248 141 6851 4643 172.324425 0.143897 0.131330 42216 
1220542226 30605 118281 7.729521 141 6834 4653 172.541219 0.144084 0.131469 42298 
1220628626 30650 118500 7.732463 141 6840 4648 172.664144 0.144194 0.131705 42385 
1220715026 30711 118756 7.733776 141 6838 4670 172.796718 0.144439 0.131584 42474 
1220801426 30769 119014 7.735968 141 6833 4681 172.910787 0.144460 0.131606 42579 
1220887826 30850 119307 7.734652 141 6854 4681 172.967326 0.144710 0.131714 42678 
1220974226 30928 119703 7.740753 141 6842 4723 173.203958 0.145130 0.131748 42815 
1221060626 31032 120015 7.734919 141 6887 4726 173.151843 0.145169 0.131393 42917 
1221147026 31110 120312 7.734619 141 6901 4738 173.248666 0.145256 0.131448 43029 
1221233426 31227 120682 7.729337 141 6951 4747 173.271400 0.145557 0.131247 43180 
1221319826 31312 120955 7.725792 141 6968 4763 173.244060 0.145742 0.131176 43276 
1221406226 31373 121239 7.728875 142 6957 4772 173.380869 0.145966 0.131228 43381 
1221492626 31449 121540 7.729340 142 6975 4778 173.501033 0.145968 0.131098 43490 
1221579026 31546 121903 7.728587 142 7001 4804 173.587586 0.146400 0.130738 43623 
1221665426 31681 122396 7.726776 142 7016 4857 173.676967 0.146750 0.130612 43781 
1221751826 31788 122792 7.725683 142 7033 4875 173.781993 0.146932 0.130384 43920 
1221838226 31885 123152 7.724761 142 7057 4893 173.874361 0.147162 0.130072 44040 
1221924626 31977 123458 7.721675 142 7084 4912 173.899178 0.147248 0.130067 44157 
1222011026 32059 123752 7.720266 143 7097 4927 173.976481 0.147323 0.130036 44262 
1222097426 32140 124091 7.721904 144 7091 4955 174.154698 0.146901 0.130034 44374 
1222183826 32240 124462 7.720968 144 7111 4970 174.207196 0.147117 0.130084 44510 
1222270226 32344 124817 7.718093 146 7141 4987 174.259832 0.147039 0.129907 44626 
1222356626 32448 125203 7.717147 147 7155 5020 174.348989 0.147225 0.130142 44766 
1222443026 32541 125535 7.715497 147 7183 5027 174.371470 0.147354 0.129869 44869 
1222529426 32613 125793 7.714286 148 7199 5043 174.427008 0.147305 0.129953 44978 
1222615826 32689 126025 7.710545 148 7224 5061 174.402888 0.147438 0.130046 45050 
1222702226 32786 126364 7.708412 149 7245 5083 174.440554 0.147508 0.130170 45169 
1222788626 32863 126799 7.716824 149 7217 5120 174.792746 0.147560 0.130681 45333 
1222875026 32981 127193 7.713108 149 7242 5153 174.845456 0.147794 0.130634 45472 
1222961426 33064 127618 7.719453 149 7238 5169 175.198282 0.147812 0.130673 45648 
1223047826 33162 128029 7.721428 149 7255 5186 175.359749 0.148086 0.130220 45773 
1223134226 33243 128365 7.722829 149 7254 5212 175.484704 0.148213 0.130175 45873 
1223220626 33303 128645 7.725730 150 7249 5216 175.654205 0.148243 0.130407 45973 
1223307026 33390 128968 7.724948 150 7268 5219 175.721114 0.148359 0.130065 46071 
1223393426 33489 129377 7.726537 150 7275 5243 175.913404 0.148453 0.130283 46229 
1223479826 33619 129844 7.724442 150 7309 5265 175.987091 0.148887 0.129920 46369 
1223566226 33734 130201 7.719274 150 7355 5270 175.951562 0.149174 0.129614 46490 
1223652626 33845 130653 7.720668 150 7383 5272 176.088580 0.149260 0.129234 46639 
1223739026 33927 130969 7.720635 150 7400 5288 176.199782 0.149368 0.129286 46751 
1223825426 33997 131227 7.719916 150 7417 5294 176.224373 0.149696 0.129016 46829 
1223911826 34083 131635 7.724379 150 7406 5334 176.467271 0.149827 0.129244 46988 
1223998226 34201 132156 7.728195 151 7402 5354 176.743546 0.149759 0.129383 47178 
1224084626 34315 132568 7.726534 151 7435 5371 176.833746 0.149914 0.129098 47307 
1224171026 34414 133004 7.729645 152 7437 5391 177.043819 0.149986 0.129067 47459 
1224257426 34542 133511 7.730357 152 7459 5412 177.208152 0.150296 0.128920 47618 
1224343826 34628 133814 7.728659 152 7481 5430 177.238420 0.150322 0.128937 47707 
1224430226 34695 134043 7.726935 152 7508 5424 177.240870 0.150484 0.128740 47782 
1224516626 34790 134446 7.729003 152 7513 5434 177.437540 0.150507 0.128891 47931 
1224603026 34922 134960 7.729225 153 7529 5460 177.582555 0.150523 0.128959 48119 
1224689426 35047 135435 7.728764 154 7557 5464 177.660114 0.151161 0.128942 48286 
1224775826 35173 135936 7.729565 154 7569 5487 177.794445 0.151358 0.128734 48458 
1224862226 35288 136408 7.731127 155 7582 5507 177.899173 0.151814 0.128378 48627 
1224948626 35369 136747 7.732591 155 7588 5528 178.034493 0.152009 0.128437 48745 
1225035026 35431 136996 7.733115 155 7598 5539 178.116169 0.152156 0.128317 48831 
1225121426 35526 137326 7.731014 155 7619 5549 178.111468 0.152414 0.128107 48927 
1225207826 35642 137781 7.731384 155 7631 5576 178.255485 0.152281 0.127962 49068 
1225294226 35757 138206 7.730291 156 7674 5592 178.373018 0.152284 0.127790 49218 
1225380626 35864 138648 7.731876 156 7683 5605 178.461967 0.152459 0.127959 49363 
1225467026 35985 139069 7.729276 156 7707 5630 178.538891 0.152335 0.127768 49506 
1225553426 36050 139357 7.731318 157 7717 5639 178.719445 0.152456 0.127528 49611 
1225639826 36122 139631 7.731078 157 7730 5657 178.798572 0.152510 0.127484 49695 
1225726226 36204 139990 7.733400 157 7754 5657 179.017622 0.152597 0.127786 49838 
1225812626 36328 140483 7.734144 158 7771 5689 179.195331 0.152645 0.128014 50027 
1225899026 36446 140882 7.730999 158 7818 5686 179.202875 0.152898 0.127779 50165 
1225985426 36561 141356 7.732611 158 7840 5699 179.347064 0.153047 0.127494 50328 
1226071826 36700 141833 7.729319 158 7897 5710 179.407030 0.153192 0.127389 50481 
1226158226 36793 142252 7.732558 158 7897 5726 179.618677 0.153155 0.127544 50636 
1226244626 36865 142575 7.734979 158 7892 5739 179.760911 0.153357 0.127643 50752 
1226331026 36978 143133 7.741522 158 7909 5729 180.113797 0.153196 0.127473 50956 
1226417426 37120 143731 7.744127 158 7927 5740 180.309106 0.153618 0.127599 51176 
1226503826 37265 144286 7.743781 158 7959 5773 180.369838 0.154025 0.127281 51353 
1226590226 37431 144862 7.740215 159 7995 5801 180.395715 0.154386 0.126832 51536 
1226676626 37601 145461 7.737081 159 8031 5829 180.421797 0.154617 0.126704 51739 
1226763026 37707 145933 7.740367 159 8029 5853 180.607633 0.154737 0.126693 51890 
1226849426 37792 146339 7.744443 159 8005 5897 180.791331 0.154942 0.126505 52013 
1226935826 37912 146808 7.744672 160 8022 5922 180.874815 0.155209 0.126527 52161 
1227022226 38063 147392 7.744634 160 8038 5952 180.990200 0.155237 0.126449 52353 
1227108626 38192 147926 7.746439 160 8040 5974 181.110913 0.155558 0.126484 52533 
1227195026 38332 148473 7.746687 160 8049 6024 181.238913 0.155856 0.126204 52710 
1227281426 38481 149030 7.745641 160 8083 6041 181.312804 0.156180 0.125888 52894 
1227367826 38596 149436 7.743600 160 8104 6065 181.320137 0.156421 0.125916 53016 
1227454226 38683 149804 7.745211 160 8111 6084 181.480650 0.156490 0.125774 53135 
1227540626 38809 150288 7.745008 161 8114 6125 181.568038 0.156685 0.125920 53302 
1227627026 38960 150833 7.742967 161 8148 6131 181.638552 0.156883 0.125904 53487 
1227713426 39069 151351 7.747882 161 8141 6144 181.860042 0.157111 0.126065 53671 
1227799826 39180 151780 7.747831 161 8159 6148 181.907606 0.157522 0.126209 53819 
1227886226 39285 152168 7.746875 161 8187 6151 181.994349 0.157513 0.126252 53954 
1227972626 39380 152549 7.747537 162 8207 6160 182.106602 0.157544 0.126454 54086 
1228059026 39497 152969 7.745854 162 8228 6184 182.137023 0.157774 0.126390 54215 
1228145426 39605 153443 7.748668 163 8251 6167 182.293296 0.158094 0.126195 54362 
1228231826 39742 154005 7.750239 163 8267 6190 182.446379 0.158449 0.125984 54551 
1228318226 39882 154594 7.752570 163 8275 6208 182.578005 0.158757 0.126114 54738 
1228404626 40023 155238 7.757439 163 8289 6224 182.815081 0.158987 0.126414 54969 
1228491026 40193 155885 7.756823 163 8339 6219 182.890454 0.159524 0.125979 55175 
1228577426 40294 156382 7.762049 164 8332 6235 183.181417 0.159496 0.126021 55350 
1228663826 40387 156818 7.765766 165 8330 6252 183.343006 0.159753 0.125864 55492 
1228750226 40517 157355 7.767357 165 8342 6266 183.522620 0.159899 0.125835 55686 
1228836626 40676 158042 7.770774 165 8348 6296 183.771167 0.160112 0.125348 55890 
1228923026 40811 158583 7.771581 165 8359 6310 183.884639 0.160069 0.125102 56040 
1229009426 40947 159151 7.773512 166 8363 6347 184.091045 0.160223 0.124980 56229 
1229095826 41096 159777 7.775793 166 8398 6345 184.278373 0.160508 0.125004 56431 
1229182226 41215 160212 7.774451 167 8419 6376 184.340944 0.160662 0.124775 56571 
1229268626 41323 160617 7.773734 167 8448 6389 184.424703 0.160651 0.124562 56703 
1229355026 41447 161131 7.775279 167 8458 6411 184.532149 0.160849 0.124824 56872 
1229441426 41614 161783 7.775412 167 8491 6419 184.652088 0.160799 0.124558 57095 
1229527826 41773 162459 7.778182 167 8515 6451 184.837239 0.161023 0.124487 57325 
1229614226 41929 163074 7.778578 167 8542 6473 184.939302 0.161296 0.124300 57533 
1229700626 42083 163661 7.778010 167 8558 6510 185.033434 0.161423 0.124179 57719 
1229787026 42198 164195 7.782122 168 8546 6541 185.214276 0.161707 0.124275 57906 
1229873426 42297 164669 7.786321 168 8539 6550 185.383881 0.161801 0.124226 58055 
1229959826 42434 165331 7.792383 169 8552 6548 185.743743 0.161803 0.124198 58305 
1230046226 42571 165986 7.798079 169 8534 6580 186.040497 0.162054 0.124217 58527 
1230132626 42698 166555 7.801536 169 8540 6594 186.268959 0.162086 0.124223 58708 
1230219026 42801 167020 7.804491 169 8565 6583 186.464008 0.162293 0.124176 58877 
1230305426 42903 167401 7.803697 169 8589 6591 186.517260 0.162265 0.123993 58996 
1230391826 43027 167861 7.802589 169 8608 6613 186.552955 0.162362 0.124040 59163 
1230478226 43133 168335 7.805393 169 8614 6640 186.707579 0.162493 0.123999 59301 
1230564626 43285 168936 7.805753 170 8650 6639 186.773155 0.162749 0.123460 59476 
1230651026 43476 169634 7.803570 170 8695 6681 186.896679 0.162945 0.123418 59726 
1230737426 43664 170318 7.801301 170 8750 6681 186.912102 0.163024 0.123286 59951 
1230823826 43814 170851 7.798923 170 8780 6710 186.932168 0.163148 0.123087 60121 
1230910226 43962 171459 7.800328 170 8808 6716 187.085847 0.163310 0.122983 60322 
1230996626 44108 172017 7.799810 170 8834 6737 187.122608 0.163866 0.122809 60487 
1231083026 44201 172561 7.808013 171 8809 6751 187.451098 0.163827 0.123233 60694 
1231169426 44338 173171 7.811403 172 8823 6779 187.645451 0.163973 0.123195 60920 
1231255826 44466 173926 7.822876 172 8773 6808 188.096928 0.163886 0.123686 61180 
1231342226 44578 174686 7.837319 174 8712 6848 188.655705 0.163844 0.124262 61469 
1231428626 44680 175398 7.851298 174 8681 6848 189.239436 0.163529 0.124278 61737 
1231515026 44781 176084 7.864228 174 8648 6846 189.801076 0.163347 0.124379 61990 
1231601426 44857 176673 7.877165 174 8592 6869 190.285217 0.163601 0.124343 62189 
1231687826 44937 177177 7.885573 174 8545 6910 190.593765 0.163920 0.124139 62351 
1231774226 45025 177774 7.896680 175 8531 6903 191.048662 0.164030 0.123951 62556 
1231860626 45130 178466 7.908974 175 8492 6918 191.584090 0.163825 0.124258 62831 
1231947026 45227 179157 7.922568 175 8459 6916 192.148540 0.163785 0.124308 63093 
1232033426 45335 179798 7.931973 175 8444 6936 192.546686 0.163622 0.124337 63317 
1232119826 45416 180433 7.945790 175 8413 6930 193.074115 0.163519 0.124633 63572 
1232206226 45501 181010 7.956309 176 8390 6941 193.475660 0.163478 0.124793 63786 
1232292626 45573 181549 7.967393 177 8354 6953 193.925702 0.163357 0.125186 64004 
1232379026 45633 182078 7.980102 177 8295 6971 194.386124 0.163376 0.125539 64201 
1232465426 45711 182714 7.994312 177 8261 6972 194.857693 0.163572 0.125312 64426 
1232551826 45792 183272 8.004542 177 8229 6997 195.252883 0.163694 0.125660 64658 
1232638226 45812 183401 8.006679 177 8227 6996 195.334236 0.163688 0.125677 64706 
