1165073426 0 0 0.000000 0 0 0 0.000000 0.000000 0.000000 0 
1165159826 7999 18411 4.603325 46 2059 1326 42.249031 0.207907 0.090844 4167 
1165246226 8025 18512 4.613583 46 2061 1331 42.437383 0.208580 0.090805 4199 
1165332626 8056 18639 4.627358 46 2069 1340 42.760675 0.208789 0.090996 4248 
1165419026 8089 18782 4.643837 46 2081 1336 43.174187 0.208085 0.090720 4306 
1165505426 8111 18892 4.658365 46 2086 1334 43.477007 0.208356 0.091126 4343 
1165591826 8142 18998 4.666667 46 2100 1339 43.710145 0.208537 0.091223 4378 
1165678226 8160 19096 4.680392 46 2110 1328 43.978186 0.207446 0.091179 4419 
1165764626 8180 19167 4.686308 46 2121 1332 44.169193 0.208102 0.091292 4451 
1165851026 8209 19263 4.693142 47 2130 1336 44.368620 0.207941 0.092206 4491 
1165937426 8236 19381 4.706411 47 2132 1344 44.704711 0.206173 0.092575 4529 
1166023826 8277 19493 4.710161 47 2157 1344 44.872297 0.206707 0.092101 4562 
1166110226 8304 19624 4.726397 47 2159 1354 45.259875 0.207313 0.092514 4632 
1166196626 8330 19736 4.738535 47 2161 1364 45.552461 0.207304 0.092684 4669 
1166283026 8346 19826 4.751018 47 2160 1364 45.819794 0.206992 0.092704 4709 
1166369426 8358 19915 4.765494 48 2156 1363 46.154582 0.206919 0.093133 4743 
1166455826 8382 20012 4.774994 48 2158 1367 46.360773 0.205997 0.093610 4778 
1166542226 8405 20121 4.787864 48 2167 1364 46.702677 0.205246 0.093337 4814 
1166628626 8427 20223 4.799573 49 2169 1369 46.969740 0.205837 0.093551 4850 
1166715026 8455 20365 4.817268 49 2170 1372 47.394914 0.203696 0.093769 4904 
1166801426 8481 20480 4.829619 49 2178 1374 47.726447 0.202505 0.094036 4955 
1166887826 8504 20568 4.837253 49 2188 1371 47.919332 0.201192 0.094569 4995 
1166974226 8516 20633 4.845702 49 2191 1374 48.112024 0.201707 0.094168 5018 
1167060626 8534 20737 4.859855 49 2197 1367 48.428404 0.202234 0.093942 5047 
1167147026 8552 20848 4.875585 49 2201 1367 48.815482 0.203837 0.094377 5101 
1167233426 8566 20912 4.882559 49 2206 1369 49.005604 0.202931 0.094404 5119 
1167319826 8594 21025 4.892949 49 2220 1367 49.307191 0.203489 0.095055 5179 
1167406226 8618 21122 4.901833 49 2226 1371 49.528893 0.202135 0.094680 5212 
1167492626 8635 21217 4.914186 50 2232 1367 49.825825 0.202208 0.094781 5247 
1167579026 8650 21288 4.922081 50 2238 1362 50.034682 0.201364 0.095338 5280 
1167665426 8671 21376 4.930458 50 2243 1363 50.258332 0.201013 0.095389 5305 
1167751826 8689 21484 4.945103 50 2236 1375 50.566694 0.200426 0.096214 5346 
1167838226 8726 21580 4.946138 50 2259 1381 50.662159 0.200731 0.096218 5376 
1167924626 8743 21658 4.954363 50 2263 1380 50.851424 0.200017 0.096536 5402 
1168011026 8769 21769 4.964990 50 2274 1370 51.146311 0.199740 0.096661 5440 
1168097426 8791 21842 4.969173 50 2284 1367 51.327267 0.199835 0.096665 5476 
1168183826 8813 21934 4.977647 50 2287 1374 51.574038 0.198501 0.096602 5503 
1168270226 8844 22043 4.984848 50 2301 1372 51.842153 0.198412 0.096485 5534 
1168356626 8864 22147 4.997067 51 2305 1372 52.217058 0.196083 0.096978 5568 
1168443026 8892 22265 5.007872 51 2307 1381 52.493252 0.196353 0.097217 5599 
1168529426 8920 22366 5.014798 52 2325 1365 52.684753 0.196711 0.097163 5627 
1168615826 8941 22469 5.026060 52 2333 1359 52.931887 0.196275 0.097263 5664 
1168702226 8960 22544 5.032143 53 2339 1360 53.105580 0.196663 0.097124 5696 
1168788626 8980 22625 5.038976 53 2353 1348 53.314031 0.195510 0.097085 5723 
1168875026 9004 22707 5.043758 53 2366 1352 53.492670 0.195849 0.097188 5755 
1168961426 9031 22830 5.055919 54 2380 1353 53.849851 0.195320 0.096821 5794 
1169047826 9068 22940 5.059550 54 2403 1355 54.056242 0.195357 0.096781 5830 
1169134226 9088 23064 5.075704 54 2399 1364 54.446743 0.196163 0.097320 5874 
1169220626 9114 23175 5.085583 55 2407 1368 54.749177 0.195734 0.097131 5917 
1169307026 9139 23270 5.092461 56 2417 1367 54.976693 0.195998 0.096980 5948 
1169393426 9154 23364 5.104654 57 2423 1362 55.297356 0.195098 0.096754 5977 
1169479826 9178 23465 5.113314 57 2436 1361 55.592504 0.195332 0.096781 6008 
1169566226 9208 23573 5.120113 57 2445 1370 55.783884 0.195627 0.097069 6042 
1169652626 9234 23696 5.132337 59 2444 1379 56.146199 0.196500 0.097067 6090 
1169739026 9263 23832 5.145633 60 2448 1392 56.549498 0.196054 0.097416 6146 
1169825426 9290 23938 5.153498 60 2461 1384 56.766200 0.195732 0.096985 6173 
1169911826 9312 24024 5.159794 60 2462 1395 56.946950 0.196424 0.097723 6207 
1169998226 9331 24121 5.170078 60 2468 1397 57.193870 0.196299 0.097866 6240 
1170084626 9356 24241 5.181915 61 2481 1394 57.583369 0.194948 0.097616 6290 
1170171026 9380 24374 5.197015 61 2485 1393 58.023454 0.193982 0.098048 6342 
1170257426 9416 24523 5.208794 61 2492 1408 58.384877 0.194076 0.098085 6397 
1170343826 9437 24670 5.228356 62 2491 1410 58.865317 0.192943 0.098316 6447 
1170430226 9465 24817 5.243951 62 2507 1399 59.291284 0.191806 0.098233 6507 
1170516626 9492 24945 5.256005 62 2503 1415 59.610198 0.191543 0.099394 6556 
1170603026 9511 25053 5.268216 62 2505 1421 59.949112 0.190491 0.099335 6596 
1170689426 9535 25175 5.280545 62 2504 1429 60.315469 0.190160 0.100059 6639 
1170775826 9561 25284 5.288987 62 2511 1434 60.575044 0.190357 0.100771 6684 
1170862226 9597 25411 5.295613 62 2533 1434 60.816297 0.190692 0.100908 6732 
1170948626 9620 25549 5.311642 62 2540 1428 61.187942 0.189928 0.101211 6793 
1171035026 9648 25688 5.325041 62 2554 1419 61.621476 0.190037 0.101146 6850 
1171121426 9679 25801 5.331336 62 2562 1428 61.834900 0.189392 0.101259 6885 
1171207826 9704 25902 5.338417 62 2568 1437 62.095218 0.189372 0.101305 6923 
1171294226 9725 26036 5.354447 62 2564 1434 62.503239 0.188603 0.101737 6971 
1171380626 9752 26188 5.370796 62 2567 1429 62.917966 0.187998 0.101797 7028 
1171467026 9793 26329 5.377106 62 2582 1428 63.162259 0.187304 0.102158 7074 
1171553426 9827 26507 5.394729 62 2599 1407 63.677419 0.188252 0.101437 7151 
1171639826 9854 26606 5.400041 62 2604 1418 63.881875 0.188313 0.101248 7176 
1171726226 9869 26684 5.407640 62 2604 1420 64.081062 0.188710 0.101434 7199 
1171812626 9881 26745 5.413420 62 2604 1421 64.241271 0.188977 0.101305 7218 
1171899026 9892 26805 5.419531 62 2597 1424 64.356652 0.189053 0.101624 7240 
1171985426 9908 26886 5.427130 62 2600 1426 64.576504 0.188825 0.101907 7267 
1172071826 9923 26971 5.436058 63 2603 1427 64.882798 0.189048 0.101757 7294 
1172158226 9952 27105 5.447146 63 2614 1435 65.292605 0.188939 0.101374 7335 
1172244626 9973 27246 5.463953 63 2617 1425 65.729068 0.188320 0.100954 7379 
1172331026 9994 27359 5.475085 65 2615 1438 66.057434 0.187112 0.101073 7414 
1172417426 10016 27464 5.484026 65 2621 1440 66.352835 0.187153 0.101029 7447 
1172503826 10039 27591 5.496763 65 2623 1446 66.714215 0.187077 0.101579 7494 
1172590226 10075 27782 5.515037 65 2623 1454 67.232357 0.186777 0.101646 7570 
1172676626 10105 27941 5.530134 65 2631 1451 67.689857 0.186612 0.101882 7632 
1172763026 10128 28103 5.549566 65 2626 1453 68.182267 0.187259 0.102288 7690 
1172849426 10160 28264 5.563780 65 2636 1448 68.623622 0.187047 0.102331 7754 
1172935826 10174 28341 5.571260 65 2640 1448 68.934736 0.187326 0.102058 7795 
1173022226 10197 28436 5.577327 65 2647 1446 69.174267 0.187444 0.102093 7829 
1173108626 10222 28555 5.586969 65 2648 1456 69.458227 0.187342 0.102460 7873 
1173195026 10254 28742 5.606007 65 2651 1463 70.017554 0.187115 0.102124 7943 
1173281426 10283 28925 5.625790 66 2653 1466 70.604493 0.187161 0.102436 8013 
1173367826 10310 29091 5.643259 67 2651 1466 71.107662 0.186183 0.103328 8077 
1173454226 10335 29232 5.656894 67 2656 1475 71.531108 0.185763 0.103317 8134 
1173540626 10358 29342 5.665573 67 2664 1477 71.796872 0.185969 0.103309 8175 
1173627026 10369 29408 5.672292 67 2666 1477 72.002893 0.185394 0.103233 8192 
1173713426 10384 29511 5.683937 67 2660 1488 72.345724 0.185022 0.103464 8237 
1173799826 10419 29666 5.694596 67 2669 1484 72.735003 0.184291 0.103813 8293 
1173886226 10451 29824 5.707396 68 2684 1482 73.199502 0.183311 0.103539 8349 
1173972626 10473 29987 5.726535 68 2680 1485 73.778478 0.183355 0.103820 8419 
1174059026 10502 30108 5.733765 68 2688 1495 74.089888 0.182771 0.104004 8478 
1174145426 10521 30227 5.746032 68 2695 1493 74.484365 0.183002 0.104300 8531 
1174231826 10539 30330 5.755764 68 2698 1489 74.773318 0.182449 0.103873 8560 
1174318226 10557 30455 5.769632 69 2696 1490 75.174197 0.181637 0.103786 8607 
1174404626 10590 30603 5.779603 69 2705 1490 75.524079 0.181294 0.103422 8652 
1174491026 10621 30752 5.790792 69 2711 1496 75.961586 0.181501 0.103554 8712 
1174577426 10646 30903 5.805561 69 2712 1505 76.439790 0.182132 0.104196 8779 
1174663826 10668 31042 5.819648 69 2712 1509 76.811211 0.182608 0.104260 8828 
1174750226 10689 31142 5.826925 69 2716 1520 77.062775 0.182094 0.104109 8851 
1174836626 10701 31218 5.834595 69 2716 1519 77.299505 0.181833 0.104271 8881 
1174923026 10734 31336 5.838644 70 2730 1526 77.524502 0.181661 0.104223 8921 
1175009426 10766 31474 5.846926 70 2746 1529 77.890953 0.181125 0.104162 8974 
1175095826 10790 31615 5.860056 70 2742 1539 78.376645 0.181591 0.104840 9029 
1175182226 10819 31758 5.870783 71 2747 1542 78.778445 0.181312 0.104505 9081 
1175268626 10847 31866 5.875542 71 2760 1537 78.975016 0.181231 0.104263 9112 
1175355026 10867 31972 5.884237 72 2754 1544 79.194074 0.180333 0.104358 9139 
1175441426 10875 32040 5.892414 72 2757 1539 79.435034 0.179897 0.104467 9165 
1175527826 10893 32151 5.903057 72 2762 1540 79.816396 0.179425 0.104320 9216 
1175614226 10911 32279 5.916781 72 2760 1546 80.249473 0.178843 0.104001 9264 
1175700626 10933 32409 5.928656 72 2757 1553 80.627458 0.179502 0.104737 9327 
1175787026 10952 32529 5.940285 72 2753 1564 80.989591 0.179284 0.104819 9371 
1175873426 10982 32628 5.942087 72 2766 1573 81.089419 0.179401 0.104757 9397 
1175959826 11001 32724 5.949277 72 2768 1580 81.333879 0.178689 0.105235 9438 
1176046226 11025 32821 5.953923 72 2776 1588 81.572789 0.178920 0.105064 9480 
1176132626 11041 32925 5.964134 72 2772 1591 81.900734 0.179015 0.105419 9522 
1176219026 11077 33099 5.976167 72 2786 1593 82.437844 0.178376 0.105785 9587 
1176305426 11109 33303 5.995679 72 2792 1589 83.067963 0.177801 0.105931 9690 
1176391826 11129 33419 6.005751 72 2795 1594 83.413424 0.177978 0.106182 9741 
1176478226 11153 33541 6.014705 73 2796 1606 83.755940 0.177608 0.106029 9786 
1176564626 11167 33640 6.024895 74 2797 1612 84.103161 0.177090 0.106047 9827 
1176651026 11185 33729 6.031113 74 2799 1613 84.334734 0.176551 0.106049 9866 
1176737426 11201 33845 6.043210 74 2799 1621 84.714936 0.175514 0.105851 9901 
1176823826 11227 34024 6.061103 74 2804 1622 85.277991 0.175503 0.105647 9968 
1176910226 11260 34209 6.076199 74 2808 1631 85.775133 0.175053 0.105765 10044 
1176996626 11285 34355 6.088613 74 2819 1624 86.249889 0.174913 0.105854 10108 
1177083026 11321 34518 6.098048 74 2831 1632 86.629980 0.174727 0.105882 10169 
1177169426 11346 34614 6.101534 74 2838 1638 86.791116 0.174785 0.105814 10206 
1177255826 11361 34695 6.107737 74 2839 1640 87.015932 0.175063 0.105967 10238 
1177342226 11378 34816 6.119880 74 2836 1640 87.384250 0.175074 0.106038 10290 
1177428626 11401 34973 6.135076 74 2839 1644 87.963161 0.173827 0.106065 10360 
1177515026 11428 35123 6.146832 75 2841 1649 88.416521 0.173027 0.106013 10409 
1177601426 11457 35284 6.159379 76 2852 1648 88.929214 0.172829 0.106272 10480 
1177687826 11495 35431 6.164593 76 2864 1659 89.241931 0.172980 0.106559 10533 
1177774226 11517 35537 6.171225 76 2877 1654 89.546757 0.172531 0.106236 10572 
1177860626 11532 35629 6.179154 76 2881 1656 89.872355 0.172608 0.106247 10615 
1177947026 11559 35770 6.189117 76 2891 1650 90.283935 0.172659 0.106244 10677 
1178033426 11596 35936 6.197999 76 2904 1651 90.665229 0.172987 0.106001 10740 
1178119826 11623 36074 6.207348 76 2912 1655 90.999054 0.172860 0.105815 10792 
1178206226 11642 36228 6.223673 77 2905 1657 91.540113 0.172532 0.106074 10875 
1178292626 11665 36357 6.233519 77 2913 1660 91.917188 0.172226 0.105949 10934 
1178379026 11685 36494 6.246299 77 2910 1675 92.367137 0.172103 0.105962 10990 
1178465426 11709 36590 6.249893 77 2921 1674 92.560936 0.172427 0.105577 11026 
1178551826 11728 36727 6.263131 77 2915 1682 93.001023 0.171982 0.105732 11077 
1178638226 11750 36913 6.283064 77 2909 1686 93.675574 0.171448 0.105334 11152 
1178724626 11782 37043 6.288067 79 2928 1681 94.004923 0.170911 0.105022 11199 
1178811026 11805 37185 6.299873 79 2932 1684 94.457433 0.170137 0.105298 11256 
1178897426 11835 37331 6.308576 79 2944 1687 94.800507 0.170268 0.105417 11319 
1178983826 11854 37413 6.312300 79 2951 1688 95.003374 0.170311 0.105187 11354 
1179070226 11875 37518 6.318821 79 2961 1683 95.265011 0.170204 0.105036 11393 
1179156626 11901 37666 6.329888 79 2970 1684 95.701874 0.169276 0.105312 11458 
1179243026 11930 37831 6.342163 79 2980 1681 96.182565 0.169147 0.105398 11522 
1179329426 11959 37968 6.349695 79 2996 1677 96.580985 0.169004 0.105272 11577 
1179415826 11986 38104 6.358084 80 3005 1675 96.914567 0.168915 0.105276 11641 
1179502226 12016 38262 6.368509 81 3010 1679 97.328395 0.168970 0.105542 11711 
1179588626 12030 38382 6.381047 81 3011 1680 97.735495 0.168665 0.105276 11765 
1179675026 12044 38464 6.387247 81 3008 1689 97.967951 0.168966 0.105397 11799 
1179761426 12062 38591 6.398773 82 3001 1696 98.337423 0.168786 0.105934 11851 
1179847826 12083 38723 6.409501 82 3006 1691 98.759745 0.168313 0.105911 11910 
1179934226 12104 38863 6.421514 82 3000 1707 99.223728 0.167580 0.106615 11974 
1180020626 12147 39071 6.433029 83 3000 1728 99.767844 0.167259 0.107228 12062 
1180107026 12173 39229 6.445248 83 3007 1730 100.248090 0.167359 0.107275 12127 
1180193426 12191 39339 6.453777 83 3004 1741 100.550734 0.167713 0.107891 12176 
1180279826 12207 39432 6.460555 85 3008 1738 100.845908 0.167678 0.108001 12221 
1180366226 12238 39562 6.465436 85 2995 1768 101.033666 0.167566 0.108961 12267 
1180452626 12259 39709 6.478342 86 2999 1765 101.521494 0.167277 0.108935 12317 
1180539026 12288 39889 6.492350 87 3004 1768 102.040202 0.166422 0.109283 12394 
1180625426 12309 40065 6.509871 87 2997 1781 102.656105 0.166348 0.109258 12473 
1180711826 12337 40213 6.519089 87 3003 1786 103.079679 0.165406 0.109182 12540 
1180798226 12353 40334 6.530236 88 3000 1788 103.476241 0.165193 0.108903 12592 
1180884626 12372 40421 6.534271 88 3008 1784 103.702716 0.165322 0.108727 12622 
1180971026 12392 40526 6.540671 88 3010 1787 103.944158 0.165040 0.108754 12658 
1181057426 12433 40669 6.542106 88 3027 1795 104.168584 0.165264 0.108436 12705 
1181143826 12462 40797 6.547424 89 3033 1803 104.440539 0.164910 0.108171 12752 
1181230226 12497 40938 6.551652 89 3050 1803 104.712171 0.165356 0.107965 12803 
1181316626 12524 41082 6.560524 89 3059 1806 105.124880 0.165401 0.108181 12863 
1181403026 12550 41174 6.561594 89 3075 1812 105.287331 0.165039 0.108100 12902 
1181489426 12576 41283 6.565363 89 3085 1810 105.457220 0.164953 0.107821 12930 
1181575826 12596 41414 6.575738 90 3087 1815 105.894252 0.164954 0.107602 12984 
1181662226 12633 41593 6.584818 91 3091 1814 106.303016 0.164843 0.107596 13055 
1181748626 12668 41751 6.591569 91 3097 1822 106.663720 0.164862 0.107636 13122 
1181835026 12706 41925 6.599244 91 3105 1836 107.096175 0.163956 0.107783 13208 
1181921426 12732 42090 6.611687 91 3103 1846 107.654414 0.163212 0.108216 13272 
1182007826 12749 42213 6.622166 91 3101 1852 108.073104 0.163411 0.108489 13324 
1182094226 12777 42342 6.627847 91 3105 1858 108.347656 0.163313 0.108520 13374 
1182180626 12799 42489 6.639425 91 3109 1855 108.804907 0.162910 0.108462 13439 
1182267026 12824 42639 6.649875 93 3112 1866 109.332034 0.162584 0.108755 13514 
1182353426 12851 42791 6.659560 93 3117 1864 109.665084 0.162675 0.108906 13574 
1182439826 12877 42927 6.667236 94 3118 1874 110.018793 0.162914 0.108809 13633 
1182526226 12919 43108 6.673582 94 3132 1872 110.464123 0.162638 0.108787 13717 
1182612626 12937 43253 6.686713 94 3132 1875 110.971632 0.162547 0.108606 13789 
1182699026 12961 43364 6.691459 94 3135 1886 111.192346 0.162546 0.108777 13832 
1182785426 12999 43514 6.694977 94 3152 1886 111.494730 0.162244 0.108572 13884 
1182871826 13040 43689 6.700767 94 3170 1889 111.788497 0.162251 0.108135 13962 
1182958226 13069 43833 6.707935 94 3178 1888 112.077129 0.162462 0.107928 14013 
1183044626 13106 43981 6.711582 94 3194 1894 112.370823 0.162318 0.107673 14065 
1183131026 13133 44113 6.717886 94 3204 1899 112.666565 0.162545 0.107840 14123 
1183217426 13159 44248 6.725131 94 3205 1910 113.002812 0.162662 0.108347 14189 
1183303826 13173 44345 6.732711 94 3211 1909 113.270477 0.162780 0.108584 14240 
1183390226 13209 44494 6.736922 95 3224 1917 113.610569 0.162445 0.108176 14297 
1183476626 13240 44688 6.750453 96 3227 1919 114.159970 0.161792 0.107999 14372 
1183563026 13278 44832 6.752824 96 3245 1927 114.468293 0.161339 0.107773 14440 
1183649426 13306 44953 6.756801 96 3254 1933 114.712310 0.161260 0.107658 14486 
1183735826 13335 45142 6.770454 96 3251 1938 115.252493 0.160391 0.107800 14565 
1183822226 13352 45270 6.781007 96 3252 1939 115.710006 0.160216 0.107599 14623 
1183908626 13379 45409 6.788101 96 3253 1948 116.037372 0.160515 0.108038 14685 
1183995026 13414 45560 6.792903 97 3266 1948 116.371850 0.159919 0.107815 14750 
1184081426 13456 45733 6.797414 97 3280 1952 116.728002 0.160418 0.107382 14815 
1184167826 13484 45898 6.807772 97 3283 1960 117.184812 0.160372 0.107697 14885 
1184254226 13512 46059 6.817496 97 3287 1965 117.646536 0.160062 0.107940 14953 
1184340626 13536 46224 6.829787 98 3290 1968 118.135047 0.159669 0.107830 15019 
1184427026 13560 46374 6.839823 98 3300 1962 118.597050 0.159913 0.107770 15095 
1184513426 13575 46477 6.847440 98 3305 1956 118.888103 0.159803 0.107418 15134 
1184599826 13603 46673 6.862163 98 3307 1967 119.467617 0.159870 0.107257 15209 
1184686226 13644 46866 6.869833 98 3325 1970 119.895339 0.159624 0.107421 15302 
1184772626 13682 47029 6.874580 98 3336 1975 120.228329 0.159722 0.107738 15366 
1184859026 13721 47216 6.882297 98 3344 1989 120.642227 0.159688 0.108231 15448 
1184945426 13755 47394 6.891167 98 3359 1982 121.054744 0.160055 0.108309 15513 
1185031826 13789 47537 6.894916 98 3373 1993 121.402567 0.160185 0.108286 15585 
1185118226 13818 47654 6.897380 98 3386 1999 121.628166 0.160031 0.108054 15628 
1185204626 13845 47778 6.901842 98 3397 2003 121.950163 0.160315 0.107941 15687 
1185291026 13874 47922 6.908174 98 3409 2007 122.300418 0.160859 0.107582 15751 
1185377426 13907 48081 6.914647 99 3412 2024 122.698641 0.160424 0.107795 15819 
1185463826 13939 48245 6.922304 99 3431 2024 123.177416 0.159903 0.107598 15882 
1185550226 13973 48390 6.926215 100 3436 2039 123.460960 0.160084 0.107507 15931 
1185636626 13998 48535 6.934562 100 3443 2031 123.818831 0.160342 0.107407 15993 
1185723026 14022 48637 6.937241 100 3457 2031 124.019398 0.160367 0.107276 16038 
1185809426 14057 48797 6.942733 100 3473 2035 124.336203 0.160046 0.107318 16108 
1185895826 14091 48975 6.951245 100 3473 2054 124.851607 0.160031 0.107489 16182 
1185982226 14119 49142 6.961116 100 3468 2075 125.297542 0.159899 0.107362 16242 
1186068626 14156 49324 6.968635 100 3482 2070 125.688471 0.160414 0.107211 16303 
1186155026 14198 49500 6.972813 100 3492 2078 125.962953 0.160443 0.106974 16370 
1186241426 14223 49623 6.977853 100 3501 2085 126.327357 0.160636 0.106748 16427 
1186327826 14241 49755 6.987571 101 3502 2090 126.775507 0.160669 0.107065 16488 
1186414226 14281 49933 6.992928 101 3520 2103 127.167565 0.160576 0.106984 16569 
1186500626 14318 50145 7.004470 101 3528 2108 127.780835 0.160574 0.106415 16655 
1186587026 14351 50361 7.018466 102 3532 2111 128.408613 0.160580 0.106147 16740 
1186673426 14387 50583 7.031765 102 3538 2108 129.079169 0.160629 0.106485 16861 
1186759826 14417 50743 7.039329 102 3548 2109 129.438996 0.160945 0.106555 16928 
1186846226 14447 50869 7.042154 102 3562 2116 129.686025 0.160950 0.106474 16983 
1186932626 14467 50986 7.048593 102 3562 2120 129.969724 0.161251 0.106096 17027 
1187019026 14485 51118 7.058060 102 3561 2122 130.421401 0.161139 0.105836 17091 
1187105426 14518 51274 7.063507 102 3573 2134 130.827524 0.160916 0.105822 17150 
1187191826 14547 51447 7.073211 103 3577 2144 131.299649 0.160642 0.105740 17223 
1187278226 14584 51609 7.077482 103 3595 2144 131.650439 0.160410 0.105756 17311 
1187364626 14611 51770 7.086442 104 3606 2137 132.147697 0.160205 0.105902 17391 
1187451026 14630 51916 7.097198 104 3599 2143 132.581955 0.160145 0.105936 17461 
1187537426 14654 52067 7.106183 104 3604 2146 133.056640 0.159996 0.105719 17528 
1187623826 14678 52217 7.115002 104 3611 2140 133.485352 0.159744 0.105689 17596 
1187710226 14708 52399 7.125238 104 3615 2153 134.005575 0.159497 0.105357 17664 
1187796626 14747 52547 7.126466 104 3638 2155 134.289144 0.159839 0.105445 17720 
1187883026 14779 52704 7.132282 104 3651 2159 134.640097 0.159996 0.105452 17791 
1187969426 14823 52875 7.134183 104 3667 2171 135.010727 0.159706 0.105493 17854 
1188055826 14845 53013 7.142203 104 3662 2185 135.376356 0.159557 0.105862 17919 
1188142226 14864 53140 7.150161 104 3667 2184 135.767492 0.159635 0.105546 17977 
1188228626 14892 53329 7.162100 104 3665 2193 136.345286 0.159578 0.105570 18062 
1188315026 14928 53507 7.168676 104 3669 2213 136.725214 0.159517 0.105928 18156 
1188401426 14959 53692 7.178555 104 3677 2215 137.234173 0.159777 0.105812 18245 
1188487826 14984 53863 7.189402 104 3680 2213 137.731847 0.159577 0.105649 18307 
1188574226 15012 54025 7.197575 105 3684 2221 138.149081 0.159648 0.105943 18373 
1188660626 15036 54149 7.202580 105 3686 2232 138.450120 0.159626 0.106133 18429 
1188747026 15055 54253 7.207307 105 3683 2246 138.685088 0.159890 0.106255 18476 
1188833426 15086 54392 7.210924 106 3696 2250 138.967785 0.159638 0.106410 18537 
1188919826 15110 54528 7.217472 106 3698 2257 139.334878 0.159852 0.106708 18611 
1189006226 15141 54711 7.226867 107 3708 2263 139.853907 0.159693 0.106368 18698 
1189092626 15179 54930 7.237631 107 3715 2266 140.329534 0.159660 0.106820 18794 
1189179026 15211 55085 7.242785 108 3726 2268 140.642693 0.159865 0.106952 18861 
1189265426 15243 55213 7.244374 108 3744 2265 140.850226 0.160239 0.106733 18915 
1189351826 15264 55345 7.251703 108 3744 2275 141.157495 0.159917 0.106884 18976 
1189438226 15319 55541 7.251257 108 3766 2293 141.391736 0.160309 0.106969 19051 
1189524626 15345 55704 7.260215 108 3770 2297 141.828609 0.159919 0.106713 19118 
1189611026 15384 55873 7.263781 108 3776 2316 142.085933 0.160055 0.106734 19188 
1189697426 15423 56027 7.265383 108 3795 2318 142.371912 0.160295 0.106746 19264 
1189783826 15449 56169 7.271539 108 3797 2326 142.798628 0.160337 0.106625 19331 
1189870226 15479 56316 7.276439 110 3807 2326 143.140125 0.159911 0.106772 19394 
1189956626 15507 56451 7.280712 110 3813 2337 143.501773 0.159895 0.106679 19455 
1190043026 15544 56616 7.284611 111 3827 2344 143.890633 0.160088 0.106435 19523 
1190129426 15586 56808 7.289619 111 3840 2346 144.263057 0.160204 0.106851 19600 
1190215826 15623 57001 7.297062 112 3845 2353 144.699610 0.160194 0.106849 19683 
1190302226 15679 57222 7.299190 115 3881 2346 145.107341 0.159310 0.106842 19778 
1190388626 15725 57433 7.304674 116 3894 2364 145.553068 0.158855 0.106654 19869 
1190475026 15752 57578 7.310564 116 3896 2374 145.895632 0.158394 0.106875 19933 
1190561426 15788 57698 7.309096 116 3914 2379 146.048898 0.158535 0.107063 19990 
1190647826 15832 57852 7.308236 116 3933 2381 146.193532 0.158912 0.107192 20052 
1190734226 15880 58033 7.308942 116 3943 2400 146.405416 0.159064 0.107388 20117 
1190820626 15928 58212 7.309392 116 3960 2410 146.702913 0.159433 0.107473 20197 
1190907026 15971 58423 7.316135 116 3982 2408 147.157974 0.159274 0.107167 20283 
1190993426 16017 58621 7.319848 116 4003 2413 147.497784 0.158757 0.106947 20364 
1191079826 16053 58741 7.318383 117 4020 2414 147.618763 0.158740 0.107046 20397 
1191166226 16090 58864 7.316843 117 4036 2419 147.751896 0.158835 0.106908 20437 
1191252626 16145 59035 7.313100 118 4061 2432 147.887519 0.158886 0.106885 20509 
1191339026 16195 59260 7.318308 119 4078 2442 148.271565 0.159139 0.106890 20611 
1191425426 16234 59430 7.321671 119 4102 2439 148.581988 0.159176 0.106565 20672 
1191511826 16287 59631 7.322527 119 4125 2447 148.876650 0.158843 0.106511 20755 
1191598226 16329 59813 7.325984 120 4133 2466 149.250658 0.158452 0.106362 20825 
1191684626 16371 59960 7.325148 121 4153 2476 149.440108 0.158403 0.106272 20865 
1191771026 16400 60063 7.324756 121 4166 2482 149.617195 0.158558 0.106110 20908 
1191857426 16433 60248 7.332563 121 4174 2486 150.114769 0.158664 0.106191 20990 
1191943826 16484 60429 7.331837 121 4193 2498 150.293375 0.159313 0.106079 21064 
1192030226 16522 60590 7.334463 121 4207 2510 150.635274 0.159497 0.106393 21142 
1192116626 16568 60773 7.336190 121 4230 2507 150.949179 0.159914 0.106010 21220 
1192203026 16610 60946 7.338471 121 4242 2527 151.304997 0.160421 0.106552 21308 
1192289426 16646 61061 7.336417 121 4265 2520 151.419801 0.160070 0.106107 21345 
1192375826 16671 61172 7.338732 121 4277 2521 151.627497 0.159922 0.105928 21394 
1192462226 16700 61316 7.343234 121 4292 2516 151.982275 0.160191 0.105900 21457 
1192548626 16741 61527 7.350457 121 4300 2532 152.454573 0.160126 0.106091 21541 
1192635026 16783 61719 7.354943 121 4316 2540 152.827504 0.160498 0.106159 21643 
1192721426 16826 61905 7.358255 121 4329 2552 153.151551 0.160991 0.106081 21729 
1192807826 16880 62088 7.356398 121 4349 2569 153.396445 0.161228 0.106151 21812 
1192894226 16903 62201 7.359759 121 4360 2564 153.666095 0.160998 0.106199 21866 
1192980626 16922 62280 7.360832 121 4366 2570 153.772249 0.161155 0.106491 21897 
1193067026 16947 62408 7.365079 121 4370 2582 154.038827 0.161257 0.106505 21951 
1193153426 16978 62596 7.373778 121 4364 2593 154.568029 0.160876 0.106996 22046 
1193239826 17025 62797 7.377034 121 4386 2600 154.978326 0.160684 0.107036 22135 
1193326226 17062 62967 7.380964 121 4405 2602 155.349314 0.160441 0.107045 22206 
1193412626 17108 63144 7.381810 121 4424 2609 155.653145 0.160092 0.106673 22280 
1193499026 17125 63250 7.386861 121 4429 2612 155.993460 0.159566 0.106554 22330 
1193585426 17147 63330 7.386715 121 4434 2621 156.059252 0.159446 0.106623 22362 
1193671826 17173 63429 7.387061 121 4443 2630 156.174576 0.159522 0.106529 22402 
1193758226 17209 63607 7.392295 121 4448 2633 156.491603 0.159919 0.106685 22472 
1193844626 17245 63770 7.395767 121 4459 2642 156.781908 0.159961 0.106697 22540 
1193931026 17278 63896 7.396226 121 4480 2644 156.991781 0.159837 0.106661 22597 
1194017426 17313 64077 7.402183 121 4496 2642 157.416161 0.159561 0.106807 22689 
1194103826 17342 64196 7.403529 121 4506 2650 157.708107 0.159774 0.106741 22754 
1194190226 17364 64313 7.407625 121 4518 2650 158.010251 0.159501 0.106671 22803 
1194276626 17394 64451 7.410716 121 4535 2650 158.342877 0.159595 0.106427 22867 
1194363026 17439 64623 7.411319 121 4553 2660 158.646023 0.159615 0.106618 22950 
1194449426 17477 64791 7.414430 122 4568 2665 158.959432 0.159773 0.106493 23021 
1194535826 17510 64986 7.422730 122 4578 2673 159.434380 0.159843 0.107082 23116 
1194622226 17546 65153 7.426536 123 4592 2676 159.761769 0.159730 0.107271 23200 
1194708626 17580 65296 7.428441 123 4599 2691 159.937429 0.160055 0.107486 23259 
1194795026 17604 65402 7.430357 124 4613 2691 160.142127 0.159992 0.107511 23308 
1194881426 17639 65544 7.431714 124 4624 2704 160.340269 0.159809 0.107619 23355 
1194967826 17682 65749 7.436828 124 4646 2702 160.761792 0.159983 0.107210 23443 
1195054226 17728 65935 7.438515 124 4660 2709 161.018615 0.159673 0.107015 23509 
1195140626 17764 66095 7.441455 124 4678 2703 161.302860 0.159195 0.106789 23581 
1195227026 17800 66261 7.445056 124 4695 2704 161.630899 0.159109 0.106407 23652 
1195313426 17832 66377 7.444706 124 4716 2705 161.825482 0.158850 0.106249 23700 
1195399826 17851 66493 7.449779 124 4722 2705 162.133214 0.158483 0.106408 23756 
1195486226 17882 66631 7.452298 124 4737 2706 162.407673 0.158509 0.106412 23809 
1195572626 17918 66823 7.458757 124 4749 2702 162.890948 0.158337 0.106395 23895 
1195659026 17951 66969 7.461311 124 4750 2718 163.150131 0.157873 0.106028 23941 
1195745426 17968 67072 7.465717 125 4750 2727 163.402048 0.157778 0.106082 23997 
1195831826 17992 67176 7.467319 125 4755 2733 163.536683 0.157665 0.105752 24033 
1195918226 18013 67261 7.468051 125 4768 2734 163.666352 0.157561 0.105761 24067 
1196004626 18031 67373 7.473019 125 4770 2739 163.974932 0.157344 0.105702 24113 
1196091026 18058 67523 7.478458 125 4776 2739 164.313545 0.157242 0.105552 24179 
1196177426 18096 67710 7.483422 125 4786 2745 164.651967 0.157349 0.105485 24263 
1196263826 18137 67883 7.485582 125 4809 2740 164.918013 0.157123 0.105419 24326 
1196350226 18169 68041 7.489790 125 4816 2745 165.153613 0.157025 0.105124 24381 
1196436626 18200 68199 7.494396 125 4827 2751 165.523956 0.156654 0.105323 24462 
1196523026 18226 68308 7.495666 125 4840 2752 165.716230 0.156712 0.105205 24507 
1196609426 18245 68415 7.499589 126 4844 2752 165.980488 0.156410 0.105403 24556 
1196695826 18277 68541 7.500246 126 4857 2765 166.155824 0.156136 0.105368 24612 
1196782226 18298 68716 7.510766 126 4849 2777 166.712537 0.156132 0.105290 24707 
1196868626 18324 68885 7.518555 126 4850 2785 167.172233 0.156096 0.105449 24804 
1196955026 18354 69020 7.520976 126 4861 2790 167.403073 0.155874 0.105532 24858 
1197041426 18390 69188 7.524524 126 4876 2794 167.718216 0.155552 0.105433 24928 
1197127826 18416 69322 7.528454 126 4876 2802 168.001412 0.155805 0.105430 25000 
1197214226 18439 69436 7.531428 126 4884 2804 168.250122 0.155737 0.105338 25053 
1197300626 18466 69548 7.532546 126 4899 2800 168.365537 0.155854 0.105280 25095 
1197387026 18505 69702 7.533315 126 4915 2800 168.581681 0.155959 0.105585 25163 
1197473426 18536 69863 7.538088 126 4918 2814 168.940548 0.155908 0.105610 25239 
1197559826 18569 70011 7.540632 126 4935 2814 169.242716 0.155891 0.105318 25296 
1197646226 18605 70138 7.539694 126 4959 2810 169.388336 0.155936 0.105090 25338 
1197732626 18628 70249 7.542302 126 4971 2810 169.568928 0.156062 0.104900 25390 
1197819026 18645 70335 7.544650 126 4973 2815 169.734406 0.155977 0.104989 25420 
1197905426 18676 70463 7.545834 126 4975 2833 169.947526 0.155642 0.105610 25478 
1197991826 18697 70563 7.548056 126 4982 2833 170.113387 0.155734 0.105595 25520 
1198078226 18741 70710 7.546022 126 5006 2839 170.284083 0.156084 0.105502 25580 
1198164626 18786 70844 7.542212 126 5030 2846 170.298840 0.156442 0.105472 25621 
1198251026 18812 70967 7.544865 126 5041 2848 170.536572 0.156839 0.105558 25683 
1198337426 18844 71088 7.544895 127 5053 2855 170.724899 0.156696 0.105734 25736 
1198423826 18855 71173 7.549509 127 5047 2862 170.950517 0.156626 0.105955 25779 
1198510226 18878 71257 7.549211 127 5054 2862 171.028181 0.156938 0.105915 25815 
1198596626 18892 71354 7.553885 127 5059 2862 171.294304 0.157061 0.105860 25857 
1198683026 18900 71418 7.557460 128 5057 2863 171.519894 0.156860 0.105824 25887 
1198769426 18922 71510 7.558398 128 5062 2870 171.642744 0.156954 0.105953 25931 
1198855826 18942 71631 7.563193 129 5064 2873 171.962412 0.156370 0.106293 25985 
1198942226 18961 71762 7.569432 129 5064 2881 172.305364 0.156516 0.106552 26058 
1199028626 18988 71864 7.569412 129 5073 2891 172.433116 0.156650 0.106687 26098 
1199115026 19015 71997 7.572653 130 5087 2892 172.732264 0.156641 0.106716 26157 
1199201426 19034 72094 7.575286 131 5092 2895 172.930755 0.156402 0.106613 26195 
1199287826 19060 72221 7.578279 131 5100 2901 173.181637 0.156308 0.106636 26250 
1199374226 19094 72337 7.576935 131 5120 2908 173.264271 0.156498 0.106712 26307 
1199460626 19120 72455 7.578975 131 5129 2909 173.441213 0.156298 0.106770 26354 
1199547026 19142 72544 7.579563 131 5142 2910 173.628043 0.155973 0.106604 26399 
1199633426 19170 72648 7.579343 132 5159 2909 173.840376 0.155734 0.106466 26449 
1199719826 19197 72741 7.578372 132 5175 2900 173.911757 0.155727 0.106314 26484 
1199806226 19221 72852 7.580459 132 5189 2894 174.140471 0.155577 0.106444 26531 
1199892626 19238 72954 7.584364 132 5198 2896 174.384136 0.155583 0.106423 26572 
1199979026 19265 73077 7.586504 132 5214 2896 174.657462 0.155812 0.106334 26637 
1200065426 19298 73195 7.585760 132 5235 2899 174.787025 0.156059 0.106354 26691 
1200151826 19329 73309 7.585390 132 5256 2887 174.906100 0.156001 0.106113 26743 
1200238226 19350 73405 7.587080 132 5260 2895 175.075762 0.156040 0.106239 26787 
1200324626 19381 73511 7.585883 133 5276 2889 175.202312 0.155601 0.106064 26824 
1200411026 19405 73650 7.590827 133 5282 2892 175.549394 0.155538 0.106122 26890 
1200497426 19449 73791 7.588154 133 5305 2899 175.714330 0.155798 0.106006 26955 
1200583826 19480 73929 7.590246 133 5317 2906 176.004825 0.155809 0.106124 27021 
1200670226 19511 74070 7.592640 133 5325 2912 176.206243 0.155909 0.105940 27078 
1200756626 19535 74164 7.592936 133 5338 2908 176.315434 0.155937 0.105809 27120 
1200843026 19551 74259 7.596440 133 5339 2914 176.583500 0.155821 0.105875 27164 
1200929426 19573 74379 7.600163 133 5351 2906 176.871711 0.155907 0.105855 27213 
1201015826 19602 74494 7.600653 133 5368 2902 177.054484 0.155862 0.105795 27264 
1201102226 19649 74650 7.598351 133 5382 2913 177.118632 0.155736 0.105905 27324 
1201188626 19682 74791 7.599939 133 5394 2922 177.347424 0.155850 0.105884 27390 
1201275026 19722 74944 7.600041 133 5411 2923 177.512017 0.156021 0.105933 27451 
1201361426 19769 75131 7.600890 133 5430 2928 177.753958 0.156185 0.105620 27521 
1201447826 19806 75306 7.604362 133 5454 2923 178.156922 0.155931 0.105417 27600 
1201534226 19837 75459 7.607904 133 5465 2929 178.457025 0.155516 0.105586 27676 
1201620626 19875 75660 7.613585 133 5478 2941 178.878289 0.155798 0.105541 27778 
1201707026 19919 75819 7.612732 134 5495 2942 179.046639 0.155742 0.105570 27849 
1201793426 19959 75959 7.611504 134 5513 2947 179.166090 0.155827 0.105545 27903 
1201879826 19995 76102 7.612103 134 5529 2948 179.405851 0.155591 0.105178 27965 
1201966226 20017 76201 7.613628 134 5530 2959 179.532697 0.155497 0.105063 28004 
1202052626 20029 76273 7.616256 134 5535 2957 179.711119 0.155481 0.105188 28038 
1202139026 20055 76351 7.614161 134 5548 2958 179.748891 0.155772 0.105330 28075 
1202225426 20077 76454 7.616078 134 5560 2956 179.923295 0.156149 0.105197 28128 
1202311826 20096 76531 7.616541 134 5567 2963 180.056529 0.156087 0.105202 28164 
1202398226 20137 76681 7.615931 134 5586 2972 180.240751 0.156108 0.105247 28237 
1202484626 20181 76833 7.614390 134 5601 2989 180.388682 0.156313 0.105000 28317 
1202571026 20213 77026 7.621432 134 5604 2999 180.825706 0.156244 0.105082 28401 
1202657426 20238 77125 7.621801 134 5621 2998 180.939915 0.156401 0.104989 28454 
1202743826 20272 77277 7.624013 134 5638 3004 181.264700 0.156407 0.104985 28518 
1202830226 20303 77457 7.630104 135 5648 3007 181.688026 0.156500 0.104879 28596 
1202916626 20344 77659 7.634585 135 5667 3010 182.124558 0.156396 0.104565 28685 
1203003026 20383 77833 7.637050 135 5681 3016 182.458912 0.156206 0.104623 28769 
1203089426 20417 77998 7.640496 136 5694 3019 182.794730 0.155848 0.104610 28831 
1203175826 20449 78107 7.639200 136 5716 3018 182.895398 0.155915 0.104564 28877 
1203262226 20470 78214 7.641817 137 5723 3019 183.160332 0.155707 0.104748 28934 
1203348626 20498 78366 7.646209 137 5728 3025 183.533125 0.155072 0.104909 29005 
1203435026 20534 78546 7.650336 137 5739 3036 183.923347 0.155025 0.104685 29092 
1203521426 20569 78721 7.654334 137 5757 3027 184.258058 0.154808 0.104777 29162 
1203607826 20599 78866 7.657265 137 5759 3038 184.515947 0.154661 0.105199 29229 
1203694226 20629 79000 7.659121 138 5772 3044 184.765233 0.154407 0.105398 29286 
1203780626 20660 79129 7.660116 138 5789 3046 184.997580 0.154446 0.105222 29347 
1203867026 20676 79216 7.662604 138 5796 3046 185.148578 0.154462 0.105253 29378 
1203953426 20717 79352 7.660569 138 5810 3057 185.251629 0.154607 0.105253 29428 
1204039826 20756 79522 7.662555 139 5822 3070 185.588842 0.154872 0.105111 29511 
1204126226 20798 79712 7.665352 139 5845 3063 185.915473 0.155049 0.104872 29595 
1204212626 20840 79883 7.666315 139 5861 3069 186.149904 0.155179 0.105015 29663 
1204299026 20891 80046 7.663204 139 5888 3084 186.286343 0.155053 0.105057 29738 
1204385426 20918 80170 7.665169 139 5891 3096 186.466775 0.155035 0.105148 29800 
1204471826 20945 80323 7.669897 139 5896 3100 186.833994 0.154648 0.104935 29861 
1204558226 20969 80442 7.672469 139 5900 3113 187.059469 0.154624 0.105006 29910 
1204644626 21024 80674 7.674467 139 5926 3124 187.406202 0.154584 0.104728 29996 
1204731026 21071 80867 7.675668 140 5947 3132 187.673770 0.154559 0.104791 30073 
1204817426 21112 81061 7.679140 140 5956 3142 188.047556 0.154274 0.104902 30160 
1204903826 21156 81212 7.677444 140 5975 3150 188.190584 0.154106 0.104725 30225 
1204990226 21191 81364 7.679109 140 5987 3165 188.497664 0.153691 0.104466 30282 
1205076626 21231 81491 7.676605 140 6017 3166 188.620225 0.153579 0.104219 30337 
1205163026 21267 81639 7.677529 140 6017 3186 188.847698 0.153702 0.104322 30399 
1205249426 21318 81818 7.675955 140 6035 3205 189.046909 0.153808 0.104335 30477 
1205335826 21363 82001 7.676918 140 6049 3222 189.319478 0.153850 0.104713 30564 
1205422226 21398 82148 7.678101 140 6058 3234 189.567810 0.153895 0.104586 30644 
1205508626 21428 82293 7.680885 140 6069 3239 189.865690 0.153821 0.104655 30706 
1205595026 21455 82398 7.681007 140 6078 3247 189.993568 0.154011 0.104594 30744 
1205681426 21472 82475 7.682098 140 6088 3247 190.135060 0.153819 0.104531 30774 
1205767826 21505 82610 7.682864 140 6103 3252 190.347454 0.153862 0.104609 30839 
1205854226 21559 82809 7.682082 140 6133 3249 190.567188 0.153532 0.104583 30922 
1205940626 21603 82985 7.682729 141 6150 3259 190.833310 0.153220 0.104540 31007 
1206027026 21628 83118 7.686148 141 6164 3256 191.108563 0.153283 0.104417 31076 
1206113426 21665 83262 7.686314 141 6176 3264 191.302285 0.153134 0.104447 31143 
1206199826 21687 83393 7.690598 142 6181 3268 191.690782 0.153134 0.104412 31219 
1206286226 21715 83515 7.691918 142 6191 3277 191.946765 0.152821 0.104291 31269 
1206372626 21736 83624 7.694516 142 6203 3278 192.212459 0.152851 0.104382 31334 
1206459026 21781 83799 7.694688 142 6216 3289 192.544328 0.152355 0.104373 31394 
1206545426 21818 83971 7.697406 142 6223 3297 192.784307 0.152490 0.104275 31462 
1206631826 21859 84146 7.698980 143 6232 3312 193.105266 0.152576 0.104308 31551 
1206718226 21894 84376 7.707682 143 6239 3323 193.782406 0.152762 0.104379 31676 
1206804626 21934 84529 7.707577 143 6264 3311 193.947023 0.153067 0.104500 31746 
1206891026 21972 84675 7.707537 144 6282 3310 194.119061 0.153096 0.104327 31807 
1206977426 22012 84880 7.712157 145 6298 3315 194.531528 0.153096 0.104326 31921 
1207063826 22051 85073 7.716022 146 6307 3320 194.874700 0.153340 0.104116 32027 
1207150226 22113 85302 7.715100 146 6329 3337 195.127572 0.153207 0.104239 32120 
1207236626 22161 85531 7.719056 146 6342 3353 195.635305 0.153031 0.104043 32230 
1207323026 22205 85727 7.721414 146 6351 3375 195.924522 0.152922 0.104156 32319 
1207409426 22251 85916 7.722439 146 6360 3396 196.188935 0.152914 0.104163 32394 
1207495826 22294 86041 7.718758 146 6387 3399 196.248049 0.153034 0.104098 32454 
1207582226 22330 86238 7.723959 146 6399 3404 196.684371 0.152746 0.104205 32549 
1207668626 22368 86439 7.728809 146 6398 3416 197.035050 0.152649 0.104084 32640 
1207755026 22405 86620 7.732203 146 6403 3439 197.432805 0.152546 0.104378 32737 
1207841426 22450 86823 7.734788 146 6409 3452 197.792517 0.152748 0.104428 32840 
1207927826 22507 87031 7.733683 147 6434 3466 198.008797 0.152771 0.104482 32928 
1208014226 22543 87183 7.734818 150 6445 3472 198.309542 0.152921 0.104385 33018 
1208100626 22560 87278 7.737411 150 6445 3479 198.529078 0.152846 0.104330 33053 
1208187026 22598 87431 7.737941 150 6462 3484 198.723427 0.152723 0.104249 33114 
1208273426 22650 87639 7.738543 152 6490 3484 199.045740 0.152523 0.104154 33201 
1208359826 22682 87846 7.745878 152 6499 3489 199.592276 0.152301 0.104145 33304 
1208446226 22725 88075 7.751375 152 6505 3503 200.089505 0.152039 0.104439 33435 
1208532626 22768 88285 7.755183 152 6526 3505 200.596715 0.151725 0.104226 33530 
1208619026 22813 88463 7.755490 152 6548 3504 200.816815 0.151682 0.104172 33613 
1208705426 22829 88550 7.757677 152 6552 3513 200.976740 0.151507 0.104250 33663 
1208791826 22862 88722 7.761526 153 6562 3517 201.343452 0.151231 0.104279 33735 
1208878226 22905 88924 7.764593 153 6574 3531 201.686968 0.151482 0.104375 33813 
1208964626 22950 89127 7.767059 154 6590 3542 202.097342 0.151232 0.104441 33923 
1209051026 23000 89331 7.767913 155 6612 3552 202.422174 0.150954 0.104548 34029 
1209137426 23040 89509 7.769878 156 6628 3560 202.632899 0.151100 0.104382 34103 
1209223826 23066 89608 7.769704 156 6641 3560 202.770225 0.151016 0.104357 34143 
1209310226 23101 89739 7.769274 156 6650 3566 202.904982 0.150977 0.104291 34202 
1209396626 23144 89891 7.767974 156 6675 3568 203.038714 0.151117 0.103852 34274 
1209483026 23197 90104 7.768591 156 6695 3577 203.326120 0.151282 0.104190 34369 
1209569426 23252 90298 7.766902 156 6722 3586 203.474024 0.151351 0.104149 34464 
1209655826 23301 90511 7.768851 157 6742 3594 203.804815 0.151186 0.104169 34563 
1209742226 23344 90736 7.773818 157 6746 3605 204.236892 0.151062 0.104665 34673 
1209828626 23369 90882 7.777996 157 6746 3613 204.567076 0.150781 0.104511 34722 
1209915026 23393 91029 7.782585 157 6750 3620 204.943445 0.150577 0.104564 34794 
1210001426 23435 91219 7.784852 157 6766 3630 205.218434 0.150605 0.104540 34887 
1210087826 23481 91429 7.787488 157 6774 3648 205.600528 0.150624 0.104895 34995 
1210174226 23533 91625 7.786937 157 6793 3649 205.786683 0.150495 0.104908 35070 
1210260626 23574 91822 7.790108 158 6782 3686 206.134894 0.150225 0.105304 35162 
1210347026 23616 91991 7.790566 158 6791 3698 206.308520 0.150350 0.105287 35248 
1210433426 23652 92133 7.790715 158 6801 3705 206.440132 0.150487 0.105267 35320 
1210519826 23677 92280 7.794906 158 6806 3706 206.711577 0.150609 0.105341 35399 
1210606226 23721 92441 7.794022 158 6816 3714 206.867501 0.150732 0.105340 35471 
1210692626 23761 92616 7.795631 161 6820 3733 207.214259 0.150465 0.105541 35550 
1210779026 23819 92838 7.795289 161 6830 3759 207.397792 0.150621 0.105421 35629 
1210865426 23859 93038 7.798986 161 6835 3760 207.733937 0.150596 0.105307 35720 
1210951826 23899 93226 7.801665 161 6841 3777 208.095569 0.150645 0.105360 35808 
1211038226 23937 93361 7.800560 161 6854 3790 208.260350 0.150589 0.105357 35870 
1211124626 23976 93484 7.798131 161 6878 3786 208.326910 0.150647 0.105445 35926 
1211211026 24006 93658 7.802883 161 6871 3803 208.699408 0.150537 0.105489 36016 
1211297426 24062 93852 7.800848 161 6891 3810 208.800931 0.150422 0.105540 36094 
1211383826 24110 94064 7.802903 162 6898 3825 209.070510 0.150626 0.105560 36191 
1211470226 24152 94249 7.804654 162 6902 3845 209.363448 0.150692 0.105538 36276 
1211556626 24200 94447 7.805537 163 6924 3846 209.691488 0.150566 0.105487 36371 
1211643026 24234 94600 7.807213 163 6935 3853 209.980523 0.150405 0.105457 36441 
1211729426 24257 94726 7.810199 163 6937 3855 210.196067 0.150315 0.105554 36496 
1211815826 24285 94845 7.810994 163 6939 3863 210.309409 0.150291 0.105738 36546 
1211902226 24328 95006 7.810424 163 6955 3872 210.457004 0.150351 0.105672 36619 
1211988626 24375 95202 7.811446 163 6963 3886 210.638687 0.150554 0.105958 36698 
1212075026 24416 95400 7.814548 163 6974 3892 210.969528 0.150661 0.106012 36791 
1212161426 24457 95613 7.818866 163 6985 3900 211.342683 0.150539 0.106348 36911 
1212247826 24510 95782 7.815749 163 7012 3904 211.418849 0.150470 0.106208 36981 
1212334226 24537 95899 7.816685 165 7019 3906 211.583079 0.150500 0.106064 37039 
1212420626 24578 96044 7.815445 165 7031 3920 211.673529 0.150572 0.105927 37093 
1212507026 24625 96243 7.816690 166 7039 3922 211.924061 0.150683 0.105805 37181 
1212593426 24673 96454 7.818587 166 7041 3937 212.289628 0.150527 0.105693 37291 
1212679826 24731 96652 7.816263 166 7066 3948 212.451822 0.150588 0.105590 37374 
1212766226 24788 96851 7.814346 166 7079 3967 212.585041 0.150638 0.105418 37455 
1212852626 24836 97026 7.813335 167 7091 3983 212.711950 0.150828 0.105522 37540 
1212939026 24874 97179 7.813701 168 7096 4001 212.897805 0.150573 0.105669 37603 
1213025426 24931 97338 7.808592 168 7124 4014 213.019614 0.150397 0.105462 37674 
1213111826 24975 97509 7.808529 168 7137 4029 213.239479 0.150037 0.105526 37743 
1213198226 25026 97717 7.809238 168 7145 4046 213.412051 0.149999 0.105800 37828 
1213284626 25079 97924 7.809243 168 7150 4059 213.605566 0.150245 0.105943 37917 
1213371026 25127 98109 7.809050 168 7160 4073 213.765750 0.150238 0.106060 37994 
1213457426 25155 98241 7.810853 168 7161 4082 213.960962 0.150060 0.106107 38048 
1213543826 25185 98368 7.811634 168 7163 4088 214.101807 0.149918 0.106217 38097 
1213630226 25249 98573 7.808072 168 7191 4086 214.177908 0.150124 0.106151 38178 
1213716626 25296 98777 7.809693 168 7195 4109 214.420778 0.150311 0.106259 38264 
1213803026 25336 98993 7.814414 168 7198 4114 214.782207 0.150654 0.105955 38366 
1213889426 25376 99185 7.817229 168 7199 4135 215.097573 0.150478 0.106238 38458 
1213975826 25437 99386 7.814286 168 7214 4151 215.160278 0.150658 0.106369 38546 
1214062226 25482 99542 7.812731 168 7229 4157 215.217016 0.150935 0.106464 38618 
1214148626 25512 99689 7.815067 168 7234 4161 215.448103 0.151008 0.106426 38690 
1214235026 25568 99888 7.813517 168 7250 4170 215.538173 0.151088 0.106399 38759 
1214321426 25635 100138 7.812600 170 7281 4176 215.860737 0.150976 0.106411 38888 
1214407826 25689 100344 7.812215 170 7297 4177 215.964498 0.151298 0.106476 38975 
1214494226 25742 100561 7.812990 170 7318 4189 216.221273 0.151292 0.106649 39069 
1214580626 25822 100802 7.807451 171 7364 4184 216.281698 0.151341 0.106410 39161 
1214667026 25881 100974 7.802944 172 7380 4201 216.260345 0.151195 0.106430 39229 
1214753426 25927 101163 7.803680 172 7386 4215 216.478883 0.150945 0.106665 39301 
1214839826 25978 101367 7.804065 172 7401 4228 216.696974 0.151081 0.106574 39384 
1214926226 26044 101605 7.802565 172 7420 4245 216.890723 0.151241 0.106800 39498 
1215012626 26097 101836 7.804422 173 7425 4265 217.219374 0.151246 0.106742 39609 
1215099026 26153 102090 7.807135 173 7438 4277 217.618094 0.151116 0.106850 39746 
1215185426 26203 102259 7.805137 173 7458 4282 217.746136 0.151094 0.106979 39826 
1215271826 26232 102380 7.805733 173 7475 4270 217.893946 0.150883 0.106882 39880 
1215358226 26266 102520 7.806289 173 7486 4279 218.062514 0.150855 0.107012 39944 
1215444626 26321 102734 7.806238 173 7505 4289 218.283196 0.151262 0.107025 40040 
1215531026 26381 102948 7.804708 173 7527 4288 218.469505 0.151302 0.107119 40141 
1215617426 26464 103211 7.800106 173 7557 4312 218.594921 0.151495 0.107169 40253 
1215703826 26538 103456 7.796820 173 7589 4317 218.717160 0.151742 0.107056 40352 
1215790226 26599 103690 7.796534 173 7609 4327 219.008083 0.151621 0.106982 40450 
1215876626 26633 103857 7.799121 174 7609 4335 219.307250 0.151607 0.107351 40533 
1215963026 26672 104026 7.800390 174 7613 4349 219.522496 0.151668 0.107542 40610 
1216049426 26712 104197 7.801512 174 7613 4373 219.758386 0.151630 0.107728 40687 
1216135826 26787 104494 7.801844 176 7635 4392 220.131855 0.151480 0.107577 40837 
1216222226 26848 104747 7.802965 176 7650 4397 220.408522 0.151699 0.107376 40944 
1216308626 26908 104976 7.802587 176 7667 4419 220.649175 0.151683 0.107137 41041 
1216395026 26980 105213 7.799333 176 7688 4438 220.766864 0.151366 0.107444 41145 
1216481426 27014 105382 7.802029 177 7692 4451 221.041904 0.151528 0.107258 41223 
1216567826 27055 105560 7.803364 177 7702 4460 221.286195 0.151567 0.107291 41305 
1216654226 27123 105775 7.799653 177 7725 4473 221.320577 0.151974 0.107656 41402 
1216740626 27210 106070 7.796398 177 7758 4496 221.436163 0.151967 0.107589 41516 
1216827026 27300 106351 7.791282 178 7795 4516 221.524469 0.151772 0.107478 41624 
1216913426 27391 106625 7.785404 178 7832 4528 221.515826 0.151984 0.107172 41713 
1216999826 27463 106863 7.782325 178 7846 4556 221.611332 0.152271 0.107100 41793 
1217086226 27534 107092 7.778892 178 7882 4560 221.707271 0.152355 0.106936 41893 
1217172626 27590 107290 7.777456 179 7904 4562 221.858499 0.152389 0.106936 41969 
1217259026 27651 107505 7.775849 179 7931 4562 221.978590 0.152411 0.106722 42052 
1217345426 27736 107798 7.773147 179 7968 4570 222.148399 0.152541 0.106777 42176 
1217431826 27814 108098 7.772920 181 7997 4583 222.477098 0.152504 0.106614 42304 
1217518226 27896 108396 7.771437 182 8031 4594 222.651993 0.152567 0.106280 42429 
1217604626 27963 108668 7.772271 183 8040 4618 222.913564 0.152706 0.106561 42543 
1217691026 28041 108921 7.768696 183 8071 4620 223.035484 0.152741 0.106944 42655 
1217777426 28096 109130 7.768366 184 8091 4628 223.292212 0.152578 0.106953 42747 
1217863826 28171 109399 7.766781 184 8119 4639 223.473430 0.152778 0.106914 42871 
1217950226 28271 109715 7.761664 184 8171 4650 223.639560 0.152574 0.106960 43023 
1218036626 28366 110061 7.760065 186 8198 4664 223.885426 0.152432 0.107217 43160 
1218123026 28479 110400 7.753081 186 8255 4676 223.972611 0.152456 0.107035 43290 
1218209426 28555 110693 7.752968 186 8274 4696 224.214884 0.152398 0.106976 43417 
1218295826 28599 110917 7.756705 186 8267 4720 224.496731 0.152690 0.107411 43530 
1218382226 28663 111097 7.751945 186 8294 4736 224.450476 0.152816 0.107445 43606 
1218468626 28735 111344 7.749713 186 8320 4747 224.519784 0.153007 0.107637 43706 
1218555026 28827 111638 7.745378 186 8348 4762 224.560447 0.153088 0.107756 43826 
1218641426 28914 111951 7.743723 186 8376 4782 224.716815 0.153193 0.107914 43951 
1218727826 29002 112257 7.741328 186 8397 4808 224.895938 0.153372 0.107983 44094 
1218814226 29073 112547 7.742373 187 8420 4815 225.243628 0.153158 0.107837 44208 
1218900626 29152 112794 7.738337 187 8455 4822 225.290889 0.153477 0.107649 44322 
1218987026 29233 113051 7.734478 188 8496 4822 225.364143 0.153846 0.107650 44438 
1219073426 29306 113378 7.737528 188 8508 4833 225.747697 0.153772 0.107683 44577 
1219159826 29419 113747 7.732894 189 8570 4821 225.872055 0.153828 0.107492 44719 
1219246226 29502 114073 7.733238 189 8601 4835 226.218426 0.153979 0.107395 44887 
1219332626 29600 114418 7.730946 189 8627 4862 226.478378 0.154052 0.107343 45048 
1219419026 29694 114738 7.728026 189 8655 4883 226.612178 0.154229 0.107468 45165 
1219505426 29775 115031 7.726683 189 8679 4908 226.809538 0.154318 0.107480 45301 
1219591826 29843 115265 7.724760 189 8709 4907 226.950374 0.154153 0.107521 45404 
1219678226 29945 115607 7.721289 189 8753 4935 227.193054 0.154552 0.107618 45580 
1219764626 30056 115981 7.717660 189 8797 4963 227.349614 0.154771 0.107343 45716 
1219851026 30143 116323 7.718077 192 8820 4980 227.706068 0.154198 0.107389 45876 
1219937426 30246 116711 7.717450 192 8845 5010 228.039873 0.154112 0.107283 46040 
1220023826 30317 116993 7.717980 192 8859 5029 228.306297 0.154008 0.107357 46158 
1220110226 30395 117233 7.713966 192 8899 5029 228.341767 0.154244 0.107108 46260 
1220196626 30437 117435 7.716595 192 8896 5044 228.578704 0.154214 0.107307 46343 
1220283026 30484 117677 7.720575 192 8895 5064 228.983532 0.154037 0.107523 46460 
1220369426 30526 117874 7.722859 192 8896 5081 229.246872 0.153934 0.107757 46557 
1220455826 30571 118069 7.724248 192 8903 5094 229.409048 0.154025 0.107604 46638 
1220542226 30605 118281 7.729521 193 8902 5106 229.795720 0.153999 0.107542 46756 
1220628626 30650 118500 7.732463 194 8903 5117 230.008809 0.154072 0.107638 46843 
1220715026 30711 118756 7.733776 195 8916 5128 230.271108 0.154129 0.107704 46948 
1220801426 30769 119014 7.735968 196 8924 5142 230.611395 0.153731 0.107544 47057 
1220887826 30850 119307 7.734652 196 8952 5152 230.766872 0.153899 0.107487 47179 
1220974226 30928 119703 7.740753 196 8957 5185 231.351979 0.153972 0.107788 47399 
1221060626 31032 120015 7.734919 197 9009 5200 231.384893 0.154090 0.107584 47521 
1221147026 31110 120312 7.734619 197 9039 5211 231.610865 0.154254 0.107741 47664 
1221233426 31227 120682 7.729337 197 9076 5247 231.715375 0.154359 0.107553 47823 
1221319826 31312 120955 7.725792 198 9106 5268 231.861139 0.154259 0.107822 47944 
1221406226 31373 121239 7.728875 199 9094 5305 232.231537 0.154204 0.107827 48062 
1221492626 31449 121540 7.729340 199 9101 5330 232.443194 0.154192 0.107825 48193 
1221579026 31546 121903 7.728587 201 9099 5386 232.537945 0.154381 0.108294 48322 
1221665426 31681 122396 7.726776 201 9109 5425 232.672454 0.154547 0.108322 48496 
1221751826 31788 122792 7.725683 201 9108 5473 232.900277 0.154546 0.108610 48659 
1221838226 31885 123152 7.724761 201 9127 5471 233.037416 0.154625 0.108354 48791 
1221924626 31977 123458 7.721675 201 9144 5496 233.084655 0.155036 0.108534 48929 
1222011026 32059 123752 7.720266 201 9151 5530 233.175832 0.155126 0.108472 49046 
1222097426 32140 124091 7.721904 201 9153 5553 233.447542 0.155026 0.108332 49179 
1222183826 32240 124462 7.720968 201 9177 5567 233.633437 0.154820 0.108464 49320 
1222270226 32344 124817 7.718093 202 9213 5583 233.771952 0.154863 0.108308 49464 
1222356626 32448 125203 7.717147 203 9218 5613 233.945883 0.154925 0.108143 49613 
1222443026 32541 125535 7.715497 204 9233 5631 234.073016 0.155055 0.108064 49738 
1222529426 32613 125793 7.714286 204 9251 5641 234.147058 0.155213 0.108051 49840 
1222615826 32689 126025 7.710545 205 9268 5660 234.093671 0.155274 0.107828 49911 
1222702226 32786 126364 7.708412 205 9290 5673 234.223266 0.155510 0.107893 50058 
1222788626 32863 126799 7.716824 206 9273 5701 234.895353 0.155175 0.108139 50271 
1222875026 32981 127193 7.713108 206 9304 5733 235.035020 0.155296 0.108334 50414 
1222961426 33064 127618 7.719453 206 9274 5780 235.453605 0.155349 0.108736 50573 
1223047826 33162 128029 7.721428 206 9284 5797 235.734214 0.155396 0.108695 50726 
1223134226 33243 128365 7.722829 206 9294 5812 235.957525 0.155506 0.108623 50849 
1223220626 33303 128645 7.725730 206 9275 5842 236.183527 0.155571 0.108900 50953 
1223307026 33390 128968 7.724948 208 9284 5868 236.265349 0.155653 0.108568 51063 
1223393426 33489 129377 7.726537 208 9303 5882 236.537729 0.155932 0.108217 51226 
1223479826 33619 129844 7.724442 208 9317 5920 236.665814 0.156066 0.108174 51385 
1223566226 33734 130201 7.719274 208 9344 5954 236.626905 0.156216 0.107875 51504 
1223652626 33845 130653 7.720668 211 9348 5992 236.946373 0.156038 0.107848 51699 
1223739026 33927 130969 7.720635 211 9363 6003 237.141215 0.156060 0.107799 51815 
1223825426 33997 131227 7.719916 211 9374 6009 237.241168 0.156213 0.107949 51920 
1223911826 34083 131635 7.724379 211 9367 6035 237.617757 0.156133 0.107793 52061 
1223998226 34201 132156 7.728195 211 9346 6095 237.987603 0.156168 0.108501 52259 
1224084626 34315 132568 7.726534 211 9371 6122 238.119714 0.156350 0.108813 52412 
1224171026 34414 133004 7.729645 211 9370 6135 238.448480 0.156343 0.108751 52560 
1224257426 34542 133511 7.730357 211 9366 6193 238.760755 0.156243 0.108702 52752 
1224343826 34628 133814 7.728659 214 9367 6227 238.869643 0.156039 0.108799 52859 
1224430226 34695 134043 7.726935 214 9389 6233 238.969592 0.156046 0.108752 52947 
1224516626 34790 134446 7.729003 214 9405 6250 239.245703 0.156045 0.108640 53102 
1224603026 34922 134960 7.729225 214 9428 6282 239.584732 0.156341 0.108781 53314 
1224689426 35047 135435 7.728764 214 9439 6306 239.736982 0.156443 0.109032 53495 
1224775826 35173 135936 7.729565 215 9449 6343 240.072385 0.156484 0.109049 53685 
1224862226 35288 136408 7.731127 215 9454 6379 240.301802 0.156739 0.109339 53872 
1224948626 35369 136747 7.732591 215 9472 6393 240.642088 0.156680 0.109364 54020 
1225035026 35431 136996 7.733115 215 9481 6396 240.757811 0.156723 0.109353 54114 
1225121426 35526 137326 7.731014 216 9496 6427 240.830997 0.156973 0.109230 54232 
1225207826 35642 137781 7.731384 216 9504 6442 240.986645 0.157271 0.108988 54389 
1225294226 35757 138206 7.730291 216 9506 6484 241.154907 0.157420 0.109068 54556 
1225380626 35864 138648 7.731876 216 9506 6518 241.475574 0.157299 0.109008 54718 
1225467026 35985 139069 7.729276 216 9541 6533 241.589940 0.157453 0.108845 54874 
1225553426 36050 139357 7.731318 216 9532 6561 241.830569 0.157418 0.109121 54983 
1225639826 36122 139631 7.731078 216 9537 6587 241.920879 0.157620 0.109125 55092 
1225726226 36204 139990 7.733400 218 9554 6575 242.220804 0.157400 0.109472 55237 
1225812626 36328 140483 7.734144 219 9596 6572 242.579828 0.157378 0.109506 55438 
1225899026 36446 140882 7.730999 219 9639 6582 242.632717 0.157421 0.109358 55580 
1225985426 36561 141356 7.732611 219 9643 6619 242.892317 0.157599 0.109237 55771 
1226071826 36700 141833 7.729319 220 9666 6658 242.979619 0.157712 0.109311 55933 
1226158226 36793 142252 7.732558 220 9685 6659 243.386188 0.157488 0.109236 56127 
1226244626 36865 142575 7.734979 220 9680 6685 243.613943 0.157794 0.109218 56240 
1226331026 36978 143133 7.741522 222 9688 6698 244.234031 0.157818 0.109443 56497 
1226417426 37120 143731 7.744127 222 9698 6737 244.703556 0.158046 0.109327 56735 
1226503826 37265 144286 7.743781 223 9731 6752 244.977969 0.158385 0.109280 56953 
1226590226 37431 144862 7.740215 224 9768 6786 245.112661 0.158563 0.109182 57152 
1226676626 37601 145461 7.737081 224 9830 6793 245.354007 0.158548 0.109019 57356 
1226763026 37707 145933 7.740367 226 9841 6808 245.751134 0.158263 0.108961 57544 
1226849426 37792 146339 7.744443 226 9819 6844 246.049323 0.158410 0.109012 57688 
1226935826 37912 146808 7.744672 226 9843 6845 246.292414 0.158377 0.108785 57857 
1227022226 38063 147392 7.744634 227 9871 6889 246.609516 0.158532 0.108787 58095 
1227108626 38192 147926 7.746439 227 9881 6929 246.928414 0.158860 0.108469 58307 
1227195026 38332 148473 7.746687 228 9876 6980 247.116665 0.159089 0.108750 58504 
1227281426 38481 149030 7.745641 228 9900 7010 247.351108 0.159093 0.108765 58710 
1227367826 38596 149436 7.743600 229 9924 7043 247.490569 0.159431 0.109267 58898 
1227454226 38683 149804 7.745211 229 9937 7049 247.673293 0.159712 0.109117 59024 
1227540626 38809 150288 7.745008 230 9972 7064 247.900796 0.159655 0.109074 59212 
1227627026 38960 150833 7.742967 230 10027 7072 248.093224 0.159801 0.109014 59423 
1227713426 39069 151351 7.747882 231 10030 7094 248.561468 0.159973 0.109207 59660 
1227799826 39180 151780 7.747831 231 10053 7112 248.743849 0.160131 0.109056 59821 
1227886226 39285 152168 7.746875 232 10063 7132 248.880794 0.160188 0.109374 59982 
1227972626 39380 152549 7.747537 232 10071 7152 249.075165 0.160290 0.109244 60127 
1228059026 39497 152969 7.745854 232 10101 7160 249.172950 0.160802 0.109080 60287 
1228145426 39605 153443 7.748668 232 10094 7202 249.500366 0.160727 0.109681 60472 
1228231826 39742 154005 7.750239 232 10122 7221 249.897640 0.160646 0.109613 60684 
1228318226 39882 154594 7.752570 232 10148 7217 250.244020 0.160746 0.109612 60903 
1228404626 40023 155238 7.757439 232 10147 7257 250.778302 0.160630 0.109688 61178 
1228491026 40193 155885 7.756823 232 10178 7283 251.016247 0.160786 0.109779 61432 
1228577426 40294 156382 7.762049 233 10189 7296 251.496104 0.160766 0.109624 61645 
1228663826 40387 156818 7.765766 233 10188 7299 251.790031 0.161024 0.109820 61833 
1228750226 40517 157355 7.767357 234 10204 7325 252.098329 0.161167 0.109941 62031 
1228836626 40676 158042 7.770774 234 10213 7377 252.605812 0.161260 0.110061 62310 
1228923026 40811 158583 7.771581 234 10239 7383 252.868981 0.161333 0.110039 62519 
1229009426 40947 159151 7.773512 235 10249 7420 253.271155 0.161478 0.109872 62756 
1229095826 41096 159777 7.775793 236 10263 7452 253.688972 0.161502 0.109672 63021 
1229182226 41215 160212 7.774451 236 10296 7451 253.828412 0.161595 0.109528 63196 
1229268626 41323 160617 7.773734 237 10321 7472 253.979527 0.161750 0.109560 63372 
1229355026 41447 161131 7.775279 237 10333 7518 254.306898 0.161825 0.109513 63571 
1229441426 41614 161783 7.775412 238 10367 7556 254.628587 0.161881 0.109543 63811 
1229527826 41773 162459 7.778182 239 10381 7583 254.984081 0.161914 0.109641 64080 
1229614226 41929 163074 7.778578 239 10412 7616 255.237425 0.162120 0.109442 64332 
1229700626 42083 163661 7.778010 240 10467 7616 255.495046 0.161994 0.109151 64556 
1229787026 42198 164195 7.782122 240 10489 7614 255.929902 0.161894 0.109108 64755 
1229873426 42297 164669 7.786321 240 10491 7629 256.310187 0.161719 0.109055 64930 
1229959826 42434 165331 7.792383 240 10501 7639 256.815808 0.161727 0.109246 65207 
1230046226 42571 165986 7.798079 243 10512 7653 257.476404 0.161465 0.108969 65518 
1230132626 42698 166555 7.801536 243 10530 7655 257.905054 0.161390 0.108847 65748 
1230219026 42801 167020 7.804491 243 10544 7672 258.217892 0.161443 0.108843 65954 
1230305426 42903 167401 7.803697 243 10568 7679 258.345011 0.161470 0.108713 66105 
1230391826 43027 167861 7.802589 243 10609 7699 258.590373 0.161501 0.108719 66291 
1230478226 43133 168335 7.805393 243 10616 7718 258.874365 0.161424 0.108537 66444 
1230564626 43285 168936 7.805753 243 10662 7727 259.202125 0.161794 0.108736 66710 
1230651026 43476 169634 7.803570 244 10724 7723 259.365995 0.162448 0.108419 67022 
1230737426 43664 170318 7.801301 245 10750 7768 259.470594 0.162427 0.108429 67256 
1230823826 43814 170851 7.798923 245 10782 7787 259.628794 0.162493 0.108266 67439 
1230910226 43962 171459 7.800328 245 10812 7806 259.892316 0.162671 0.108175 67671 
1230996626 44108 172017 7.799810 245 10835 7832 260.048563 0.162871 0.107872 67865 
1231083026 44201 172561 7.808013 248 10820 7850 260.635642 0.162731 0.108214 68115 
1231169426 44338 173171 7.811403 249 10828 7874 261.037034 0.162683 0.108361 68366 
1231255826 44466 173926 7.822876 249 10799 7897 261.878784 0.162733 0.108707 68699 
1231342226 44578 174686 7.837319 250 10766 7910 262.813989 0.162589 0.108733 69038 
1231428626 44680 175398 7.851298 250 10729 7938 263.765846 0.162473 0.109201 69379 
1231515026 44781 176084 7.864228 252 10696 7971 264.655680 0.162399 0.109342 69683 
1231601426 44857 176673 7.877165 253 10666 7975 265.499877 0.162153 0.109661 69953 
1231687826 44937 177177 7.885573 253 10632 8016 266.097692 0.161976 0.109660 70131 
1231774226 45025 177774 7.896680 253 10603 8022 266.811682 0.161707 0.109581 70364 
1231860626 45130 178466 7.908974 254 10568 8042 267.688677 0.161615 0.109611 70654 
1231947026 45227 179157 7.922568 257 10528 8082 268.652619 0.161242 0.109957 70959 
1232033426 45335 179798 7.931973 257 10517 8105 269.370817 0.161417 0.110160 71244 
1232119826 45416 180433 7.945790 259 10500 8096 270.269773 0.161197 0.110393 71529 
1232206226 45501 181010 7.956309 259 10469 8110 270.985824 0.161193 0.110563 71768 
1232292626 45573 181549 7.967393 259 10462 8109 271.642244 0.161225 0.110661 72019 
1232379026 45633 182078 7.980102 259 10430 8118 272.425701 0.161038 0.110950 72251 
1232465426 45711 182714 7.994312 260 10392 8144 273.384918 0.160880 0.111210 72551 
1232551826 45792 183272 8.004542 260 10363 8159 274.033936 0.161092 0.111297 72793 
1232638226 45812 183401 8.006679 260 10357 8166 274.165546 0.161048 0.111388 72851 
