1165073426 0 0 0.000000 0 0 0 0.000000 0.000000 0.000000 0 
1165159826 7999 18411 4.603325 47 2063 1316 42.250031 0.207232 0.091064 4167 
1165246226 8025 18512 4.613583 47 2068 1320 42.499439 0.207417 0.091680 4204 
1165332626 8056 18639 4.627358 48 2075 1325 42.804866 0.205654 0.092585 4253 
1165419026 8089 18782 4.643837 48 2079 1335 43.179379 0.206417 0.093576 4313 
1165505426 8111 18892 4.658365 48 2081 1327 43.437554 0.205839 0.094464 4352 
1165591826 8142 18998 4.666667 48 2096 1325 43.685090 0.204679 0.094784 4392 
1165678226 8160 19096 4.680392 48 2099 1331 44.021324 0.204158 0.094563 4433 
1165764626 8180 19167 4.686308 48 2111 1328 44.178484 0.204464 0.094354 4457 
1165851026 8209 19263 4.693142 48 2125 1327 44.384700 0.204415 0.094449 4489 
1165937426 8236 19381 4.706411 49 2131 1330 44.684798 0.204727 0.095258 4541 
1166023826 8277 19493 4.710161 49 2156 1332 44.846200 0.204918 0.094983 4572 
1166110226 8304 19624 4.726397 50 2166 1331 45.241570 0.203171 0.095441 4609 
1166196626 8330 19736 4.738535 50 2166 1338 45.587755 0.201670 0.095705 4649 
1166283026 8346 19826 4.751018 51 2168 1333 45.863408 0.200635 0.095465 4678 
1166369426 8358 19915 4.765494 51 2160 1344 46.112467 0.200287 0.095828 4707 
1166455826 8382 20012 4.774994 51 2163 1349 46.334526 0.199851 0.096198 4739 
1166542226 8405 20121 4.787864 51 2164 1357 46.617014 0.199668 0.097097 4782 
1166628626 8427 20223 4.799573 51 2172 1364 46.867925 0.199557 0.097015 4817 
1166715026 8455 20365 4.817268 51 2176 1374 47.264814 0.198234 0.096863 4865 
1166801426 8481 20480 4.829619 51 2181 1372 47.518453 0.197389 0.096226 4885 
1166887826 8504 20568 4.837253 51 2194 1362 47.698024 0.196794 0.096265 4917 
1166974226 8516 20633 4.845702 51 2192 1361 47.867074 0.196843 0.096495 4936 
1167060626 8534 20737 4.859855 51 2190 1366 48.149285 0.197416 0.096805 4976 
1167147026 8552 20848 4.875585 51 2193 1368 48.584892 0.196172 0.097043 5024 
1167233426 8566 20912 4.882559 52 2197 1367 48.790100 0.195250 0.096900 5043 
1167319826 8594 21025 4.892949 52 2203 1375 49.047010 0.195623 0.097102 5077 
1167406226 8618 21122 4.901833 52 2212 1369 49.247621 0.195510 0.097299 5112 
1167492626 8635 21217 4.914186 52 2206 1381 49.514997 0.195915 0.097502 5152 
1167579026 8650 21288 4.922081 52 2211 1377 49.684162 0.195931 0.097826 5171 
1167665426 8671 21376 4.930458 52 2214 1380 49.889517 0.195346 0.097992 5198 
1167751826 8689 21484 4.945103 52 2211 1380 50.194038 0.195408 0.097927 5229 
1167838226 8726 21580 4.946138 52 2234 1387 50.336237 0.195683 0.097293 5261 
1167924626 8743 21658 4.954363 52 2239 1379 50.503946 0.195864 0.098030 5292 
1168011026 8769 21769 4.964990 52 2244 1389 50.795530 0.195119 0.098285 5327 
1168097426 8791 21842 4.969173 52 2253 1393 50.930952 0.194668 0.098345 5356 
1168183826 8813 21934 4.977647 52 2256 1403 51.179621 0.194814 0.098423 5381 
1168270226 8844 22043 4.984848 52 2262 1408 51.344414 0.194926 0.099035 5417 
1168356626 8864 22147 4.997067 52 2262 1414 51.670578 0.195198 0.099790 5467 
1168443026 8892 22265 5.007872 52 2268 1413 51.972110 0.195121 0.100133 5504 
1168529426 8920 22366 5.014798 52 2272 1425 52.127354 0.195766 0.100457 5529 
1168615826 8941 22469 5.026060 52 2261 1445 52.386087 0.195524 0.100991 5564 
1168702226 8960 22544 5.032143 52 2267 1447 52.579464 0.194204 0.100810 5586 
1168788626 8980 22625 5.038976 52 2272 1454 52.804677 0.193738 0.100918 5615 
1168875026 9004 22707 5.043758 52 2277 1462 52.960462 0.192642 0.100615 5635 
1168961426 9031 22830 5.055919 53 2284 1464 53.288894 0.192090 0.100108 5670 
1169047826 9068 22940 5.059550 53 2304 1462 53.502867 0.190761 0.100268 5718 
1169134226 9088 23064 5.075704 53 2299 1474 53.909111 0.190576 0.100551 5754 
1169220626 9114 23175 5.085583 54 2311 1474 54.191573 0.191228 0.100514 5793 
1169307026 9139 23270 5.092461 54 2326 1458 54.393041 0.191958 0.100409 5831 
1169393426 9154 23364 5.104654 54 2329 1453 54.698492 0.192545 0.100672 5866 
1169479826 9178 23465 5.113314 54 2344 1443 54.974504 0.192777 0.100492 5902 
1169566226 9208 23573 5.120113 54 2346 1459 55.182450 0.193038 0.100309 5939 
1169652626 9234 23696 5.132337 54 2341 1473 55.471302 0.192291 0.100639 5982 
1169739026 9263 23832 5.145633 54 2345 1476 55.846486 0.193142 0.100164 6029 
1169825426 9290 23938 5.153498 55 2346 1485 56.062648 0.192964 0.100451 6063 
1169911826 9312 24024 5.159794 55 2355 1484 56.241409 0.193512 0.100630 6097 
1169998226 9331 24121 5.170078 55 2364 1480 56.503697 0.193614 0.100359 6130 
1170084626 9356 24241 5.181915 55 2371 1480 56.829414 0.193628 0.100482 6190 
1170171026 9380 24374 5.197015 56 2375 1472 57.205117 0.193472 0.100538 6241 
1170257426 9416 24523 5.208794 57 2392 1462 57.549703 0.192584 0.100356 6294 
1170343826 9437 24670 5.228356 57 2388 1467 58.032426 0.192954 0.100570 6365 
1170430226 9465 24817 5.243951 57 2388 1474 58.410143 0.192790 0.101174 6421 
1170516626 9492 24945 5.256005 57 2388 1481 58.720818 0.193586 0.101529 6474 
1170603026 9511 25053 5.268216 58 2389 1480 59.045947 0.193083 0.101184 6513 
1170689426 9535 25175 5.280545 58 2389 1492 59.426534 0.192054 0.101400 6556 
1170775826 9561 25284 5.288987 58 2397 1491 59.639996 0.191763 0.101577 6591 
1170862226 9597 25411 5.295613 58 2415 1489 59.872669 0.192025 0.101855 6636 
1170948626 9620 25549 5.311642 58 2408 1503 60.293971 0.192845 0.102020 6685 
1171035026 9648 25688 5.325041 58 2417 1503 60.639511 0.193769 0.102424 6745 
1171121426 9679 25801 5.331336 58 2425 1511 60.881909 0.193817 0.102177 6780 
1171207826 9704 25902 5.338417 58 2440 1510 61.092333 0.194249 0.101836 6810 
1171294226 9725 26036 5.354447 58 2438 1516 61.507249 0.193576 0.101365 6854 
1171380626 9752 26188 5.370796 58 2443 1508 61.897662 0.193144 0.101073 6910 
1171467026 9793 26329 5.377106 58 2465 1506 62.180333 0.192113 0.100940 6958 
1171553426 9827 26507 5.394729 58 2478 1492 62.679963 0.191284 0.100360 7026 
1171639826 9854 26606 5.400041 58 2494 1489 62.908464 0.190648 0.100395 7067 
1171726226 9869 26684 5.407640 58 2496 1486 63.128990 0.190890 0.100402 7107 
1171812626 9881 26745 5.413420 58 2500 1486 63.302500 0.190916 0.100193 7130 
1171899026 9892 26805 5.419531 58 2500 1492 63.485241 0.190560 0.100512 7151 
1171985426 9908 26886 5.427130 58 2496 1504 63.691361 0.190213 0.100636 7175 
1172071826 9923 26971 5.436058 58 2491 1506 63.951224 0.190368 0.101762 7210 
1172158226 9952 27105 5.447146 59 2506 1490 64.292605 0.189885 0.101411 7263 
1172244626 9973 27246 5.463953 59 2501 1499 64.703499 0.189930 0.101612 7319 
1172331026 9994 27359 5.475085 59 2507 1502 65.014008 0.188613 0.101172 7349 
1172417426 10016 27464 5.484026 59 2515 1492 65.287939 0.188225 0.101116 7387 
1172503826 10039 27591 5.496763 59 2521 1492 65.678454 0.187454 0.101367 7441 
1172590226 10075 27782 5.515037 60 2536 1487 66.251117 0.186126 0.101190 7504 
1172676626 10105 27941 5.530134 60 2533 1502 66.673528 0.185879 0.101751 7551 
1172763026 10128 28103 5.549566 60 2529 1510 67.203397 0.185253 0.101713 7623 
1172849426 10160 28264 5.563780 60 2535 1512 67.597047 0.184950 0.102253 7674 
1172935826 10174 28341 5.571260 60 2535 1515 67.847847 0.184520 0.102149 7715 
1173022226 10197 28436 5.577327 61 2541 1524 68.091399 0.185150 0.101867 7757 
1173108626 10222 28555 5.586969 61 2553 1514 68.385639 0.185196 0.102012 7803 
1173195026 10254 28742 5.606007 61 2558 1519 68.920226 0.184404 0.102025 7871 
1173281426 10283 28925 5.625790 61 2558 1523 69.482058 0.184370 0.102697 7941 
1173367826 10310 29091 5.643259 62 2559 1518 69.986227 0.182912 0.103169 8013 
1173454226 10335 29232 5.656894 62 2561 1520 70.367683 0.182335 0.103498 8065 
1173540626 10358 29342 5.665573 62 2565 1519 70.636030 0.182224 0.104002 8112 
1173627026 10369 29408 5.672292 62 2561 1530 70.829588 0.182179 0.104212 8133 
1173713426 10384 29511 5.683937 63 2560 1533 71.152735 0.182335 0.104270 8174 
1173799826 10419 29666 5.694596 64 2565 1538 71.564066 0.181854 0.104409 8227 
1173886226 10451 29824 5.707396 64 2567 1554 71.991771 0.182001 0.104693 8281 
1173972626 10473 29987 5.726535 67 2569 1554 72.588943 0.181143 0.104819 8342 
1174059026 10502 30108 5.733765 67 2580 1560 72.852409 0.181058 0.105121 8393 
1174145426 10521 30227 5.746032 67 2582 1551 73.205779 0.180856 0.104991 8432 
1174231826 10539 30330 5.755764 68 2587 1551 73.498814 0.180365 0.104661 8468 
1174318226 10557 30455 5.769632 68 2590 1551 73.896940 0.180037 0.104822 8511 
1174404626 10590 30603 5.779603 70 2601 1557 74.289330 0.177836 0.104743 8563 
1174491026 10621 30752 5.790792 70 2608 1564 74.658695 0.177779 0.104860 8616 
1174577426 10646 30903 5.805561 70 2604 1580 75.120984 0.177786 0.105192 8672 
1174663826 10668 31042 5.819648 72 2610 1575 75.607424 0.176968 0.104954 8732 
1174750226 10689 31142 5.826925 72 2619 1577 75.829170 0.176793 0.104788 8774 
1174836626 10701 31218 5.834595 72 2620 1578 76.016260 0.176914 0.105058 8807 
1174923026 10734 31336 5.838644 72 2634 1581 76.227501 0.176969 0.105181 8855 
1175009426 10766 31474 5.846926 72 2645 1586 76.587776 0.176726 0.104925 8897 
1175095826 10790 31615 5.860056 72 2648 1586 76.981094 0.176303 0.104812 8945 
1175182226 10819 31758 5.870783 74 2662 1579 77.349108 0.175769 0.104579 9003 
1175268626 10847 31866 5.875542 74 2672 1587 77.531852 0.175833 0.104237 9046 
1175355026 10867 31972 5.884237 74 2683 1585 77.857918 0.176247 0.103972 9091 
1175441426 10875 32040 5.892414 74 2679 1588 78.079816 0.175740 0.104014 9118 
1175527826 10893 32151 5.903057 74 2679 1589 78.365372 0.175861 0.104295 9158 
1175614226 10911 32279 5.916781 74 2687 1578 78.798094 0.175904 0.103900 9214 
1175700626 10933 32409 5.928656 74 2690 1577 79.198024 0.176062 0.104057 9263 
1175787026 10952 32529 5.940285 74 2691 1582 79.579255 0.175648 0.103819 9306 
1175873426 10982 32628 5.942087 74 2706 1583 79.730832 0.175626 0.103746 9332 
1175959826 11001 32724 5.949277 74 2707 1593 80.025270 0.175016 0.103996 9374 
1176046226 11025 32821 5.953923 75 2715 1598 80.261587 0.174480 0.103801 9422 
1176132626 11041 32925 5.964134 75 2718 1597 80.563174 0.174693 0.103770 9474 
1176219026 11077 33099 5.976167 75 2719 1615 81.030243 0.174659 0.103734 9534 
1176305426 11109 33303 5.995679 75 2731 1605 81.630930 0.174443 0.103800 9617 
1176391826 11129 33419 6.005751 75 2742 1602 81.952556 0.174657 0.103583 9667 
1176478226 11153 33541 6.014705 75 2741 1615 82.250695 0.174890 0.104250 9726 
1176564626 11167 33640 6.024895 76 2742 1614 82.567744 0.174369 0.104208 9768 
1176651026 11185 33729 6.031113 76 2748 1614 82.813232 0.174878 0.104084 9801 
1176737426 11201 33845 6.043210 76 2748 1614 83.211320 0.175107 0.104115 9845 
1176823826 11227 34024 6.061103 76 2749 1615 83.807429 0.174243 0.104276 9922 
1176910226 11260 34209 6.076199 76 2751 1624 84.421137 0.172827 0.104872 10000 
1176996626 11285 34355 6.088613 76 2755 1630 84.834027 0.172247 0.104948 10060 
1177083026 11321 34518 6.098048 76 2761 1644 85.195124 0.172843 0.105589 10133 
1177169426 11346 34614 6.101534 76 2773 1647 85.380751 0.172775 0.105392 10163 
1177255826 11361 34695 6.107737 76 2778 1647 85.610598 0.172439 0.105453 10197 
1177342226 11378 34816 6.119880 77 2776 1651 85.979082 0.172262 0.105434 10250 
1177428626 11401 34973 6.135076 77 2779 1648 86.484694 0.171840 0.105519 10317 
1177515026 11428 35123 6.146832 78 2791 1644 86.951523 0.172083 0.105319 10393 
1177601426 11457 35284 6.159379 78 2795 1654 87.474906 0.171931 0.105650 10459 
1177687826 11495 35431 6.164593 78 2810 1664 87.807047 0.171784 0.105864 10520 
1177774226 11517 35537 6.171225 78 2821 1668 88.129721 0.171142 0.106097 10567 
1177860626 11532 35629 6.179154 78 2825 1664 88.411377 0.170873 0.106476 10604 
1177947026 11559 35770 6.189117 78 2828 1664 88.725668 0.171096 0.106557 10651 
1178033426 11596 35936 6.197999 78 2840 1667 89.150397 0.170918 0.106290 10725 
1178119826 11623 36074 6.207348 79 2844 1677 89.499097 0.170996 0.105908 10775 
1178206226 11642 36228 6.223673 79 2840 1681 90.003092 0.170336 0.105939 10836 
1178292626 11665 36357 6.233519 79 2837 1696 90.336048 0.170469 0.106079 10883 
1178379026 11685 36494 6.246299 79 2837 1703 90.773299 0.170675 0.106017 10940 
1178465426 11709 36590 6.249893 79 2840 1712 90.935349 0.170784 0.106113 10972 
1178551826 11728 36727 6.263131 79 2841 1707 91.463506 0.171087 0.106544 11043 
1178638226 11750 36913 6.283064 79 2831 1718 92.001532 0.171258 0.106255 11123 
1178724626 11782 37043 6.288067 79 2845 1726 92.264132 0.171580 0.106104 11186 
1178811026 11805 37185 6.299873 80 2849 1734 92.704786 0.170975 0.106322 11250 
1178897426 11835 37331 6.308576 80 2854 1741 93.104351 0.170724 0.106121 11305 
1178983826 11854 37413 6.312300 81 2860 1740 93.301164 0.170480 0.106066 11336 
1179070226 11875 37518 6.318821 81 2869 1744 93.585516 0.169919 0.105902 11378 
1179156626 11901 37666 6.329888 81 2873 1751 94.039829 0.169234 0.105664 11430 
1179243026 11930 37831 6.342163 82 2866 1771 94.469405 0.168619 0.106109 11505 
1179329426 11959 37968 6.349695 82 2866 1786 94.785684 0.168266 0.106401 11551 
1179415826 11986 38104 6.358084 82 2864 1800 95.121809 0.168365 0.106847 11602 
1179502226 12016 38262 6.368509 82 2872 1801 95.569907 0.167659 0.106893 11659 
1179588626 12030 38382 6.381047 82 2874 1795 96.007980 0.167293 0.107308 11725 
1179675026 12044 38464 6.387247 84 2879 1789 96.277483 0.166219 0.107217 11757 
1179761426 12062 38591 6.398773 84 2879 1789 96.690930 0.166101 0.106965 11804 
1179847826 12083 38723 6.409501 84 2883 1791 97.075561 0.166332 0.107235 11856 
1179934226 12104 38863 6.421514 84 2888 1789 97.448447 0.166191 0.107213 11919 
1180020626 12147 39071 6.433029 86 2890 1805 97.929036 0.165954 0.107613 12000 
1180107026 12173 39229 6.445248 86 2893 1807 98.322681 0.166050 0.107979 12064 
1180193426 12191 39339 6.453777 86 2900 1803 98.652777 0.166204 0.108290 12126 
1180279826 12207 39432 6.460555 87 2901 1806 98.913574 0.166222 0.108319 12162 
1180366226 12238 39562 6.465436 87 2916 1810 99.203955 0.165962 0.108164 12214 
1180452626 12259 39709 6.478342 87 2914 1816 99.693287 0.164968 0.108146 12270 
1180539026 12288 39889 6.492350 87 2922 1816 100.197591 0.164856 0.108020 12338 
1180625426 12309 40065 6.509871 87 2919 1822 100.809002 0.164745 0.107950 12408 
1180711826 12337 40213 6.519089 87 2926 1819 101.148740 0.165046 0.107748 12471 
1180798226 12353 40334 6.530236 87 2931 1817 101.529831 0.164765 0.107767 12520 
1180884626 12372 40421 6.534271 87 2934 1822 101.716133 0.165244 0.107408 12565 
1180971026 12392 40526 6.540671 87 2940 1823 102.027437 0.164879 0.107484 12604 
1181057426 12433 40669 6.542106 87 2949 1835 102.218933 0.165096 0.107532 12653 
1181143826 12462 40797 6.547424 87 2958 1838 102.450971 0.164704 0.107546 12697 
1181230226 12497 40938 6.551652 87 2975 1843 102.743538 0.164968 0.106940 12749 
1181316626 12524 41082 6.560524 87 2978 1857 103.131907 0.164567 0.107343 12802 
1181403026 12550 41174 6.561594 87 2991 1857 103.265817 0.164638 0.107074 12829 
1181489426 12576 41283 6.565363 87 3006 1855 103.499682 0.164642 0.107143 12866 
1181575826 12596 41414 6.575738 88 3006 1852 103.865513 0.164136 0.107140 12925 
1181662226 12633 41593 6.584818 88 3018 1854 104.281643 0.164155 0.107013 13002 
1181748626 12668 41751 6.591569 89 3029 1854 104.625987 0.163970 0.107099 13077 
1181835026 12706 41925 6.599244 89 3042 1855 105.017157 0.164254 0.106917 13144 
1181921426 12732 42090 6.611687 89 3052 1856 105.535344 0.164248 0.106970 13225 
1182007826 12749 42213 6.622166 89 3051 1851 105.901482 0.163958 0.106890 13267 
1182094226 12777 42342 6.627847 89 3056 1862 106.211943 0.164103 0.106840 13320 
1182180626 12799 42489 6.639425 89 3063 1859 106.660364 0.163894 0.106882 13389 
1182267026 12824 42639 6.649875 89 3065 1862 107.089676 0.164060 0.107107 13453 
1182353426 12851 42791 6.659560 90 3076 1858 107.475838 0.163826 0.107287 13510 
1182439826 12877 42927 6.667236 91 3076 1868 107.790013 0.163693 0.107342 13560 
1182526226 12919 43108 6.673582 92 3096 1874 108.220760 0.162947 0.107270 13622 
1182612626 12937 43253 6.686713 92 3098 1878 108.710520 0.163389 0.107697 13695 
1182699026 12961 43364 6.691459 92 3100 1887 108.924929 0.163635 0.107393 13731 
1182785426 12999 43514 6.694977 93 3114 1892 109.176706 0.163552 0.107157 13781 
1182871826 13040 43689 6.700767 93 3123 1903 109.523773 0.164165 0.107646 13849 
1182958226 13069 43833 6.707935 94 3127 1908 109.840386 0.163635 0.107532 13904 
1183044626 13106 43981 6.711582 94 3141 1910 110.078590 0.164010 0.107818 13968 
1183131026 13133 44113 6.717886 94 3152 1908 110.396101 0.164008 0.107949 14027 
1183217426 13159 44248 6.725131 95 3158 1913 110.716012 0.163701 0.107974 14077 
1183303826 13173 44345 6.732711 95 3155 1922 110.970166 0.163541 0.107987 14114 
1183390226 13209 44494 6.736922 95 3168 1920 111.241426 0.163974 0.108101 14177 
1183476626 13240 44688 6.750453 95 3164 1933 111.770393 0.164388 0.108458 14252 
1183563026 13278 44832 6.752824 95 3182 1933 111.990511 0.164499 0.108357 14300 
1183649426 13306 44953 6.756801 95 3182 1951 112.225462 0.164931 0.108697 14350 
1183735826 13335 45142 6.770454 95 3179 1955 112.689014 0.164947 0.109301 14432 
1183822226 13352 45270 6.781007 95 3176 1960 113.057819 0.165001 0.109608 14490 
1183908626 13379 45409 6.788101 96 3191 1955 113.424023 0.164530 0.109239 14543 
1183995026 13414 45560 6.792903 96 3202 1955 113.706277 0.164009 0.109158 14599 
1184081426 13456 45733 6.797414 96 3221 1959 113.967301 0.164218 0.109219 14666 
1184167826 13484 45898 6.807772 96 3223 1967 114.424651 0.163915 0.109165 14730 
1184254226 13512 46059 6.817496 96 3224 1966 114.827561 0.163556 0.109618 14800 
1184340626 13536 46224 6.829787 97 3228 1967 115.363771 0.163419 0.109183 14867 
1184427026 13560 46374 6.839823 97 3234 1967 115.799115 0.163531 0.108994 14917 
1184513426 13575 46477 6.847440 97 3235 1973 116.125378 0.163538 0.108939 14958 
1184599826 13603 46673 6.862163 97 3233 1978 116.718812 0.162933 0.108924 15020 
1184686226 13644 46866 6.869833 98 3246 1989 117.204485 0.162592 0.109272 15099 
1184772626 13682 47029 6.874580 98 3271 1987 117.527116 0.162294 0.109081 15152 
1184859026 13721 47216 6.882297 99 3281 1991 117.958166 0.161851 0.109626 15233 
1184945426 13755 47394 6.891167 100 3291 1997 118.441876 0.161227 0.109998 15313 
1185031826 13789 47537 6.894916 101 3306 1999 118.734644 0.160864 0.109319 15359 
1185118226 13818 47654 6.897380 102 3314 2009 118.920683 0.161041 0.109099 15393 
1185204626 13845 47778 6.901842 102 3331 2006 119.175442 0.161044 0.108707 15441 
1185291026 13874 47922 6.908174 102 3335 2013 119.483494 0.161021 0.108872 15499 
1185377426 13907 48081 6.914647 102 3343 2015 119.835047 0.161082 0.109232 15564 
1185463826 13939 48245 6.922304 102 3346 2031 120.234020 0.160499 0.109521 15631 
1185550226 13973 48390 6.926215 102 3367 2028 120.534316 0.160429 0.109134 15690 
1185636626 13998 48535 6.934562 102 3372 2035 120.967424 0.160235 0.109256 15768 
1185723026 14022 48637 6.937241 102 3387 2031 121.195122 0.159868 0.109030 15799 
1185809426 14057 48797 6.942733 103 3407 2029 121.550686 0.160056 0.108613 15855 
1185895826 14091 48975 6.951245 103 3415 2034 122.050955 0.159936 0.108674 15928 
1185982226 14119 49142 6.961116 103 3416 2043 122.475104 0.159776 0.108658 15997 
1186068626 14156 49324 6.968635 103 3429 2046 122.866346 0.160240 0.108750 16070 
1186155026 14198 49500 6.972813 103 3452 2045 123.197211 0.159969 0.108702 16135 
1186241426 14223 49623 6.977853 105 3461 2051 123.494200 0.159639 0.108364 16194 
1186327826 14241 49755 6.987571 106 3457 2055 123.868829 0.159376 0.108515 16252 
1186414226 14281 49933 6.992928 107 3471 2059 124.213150 0.158909 0.108052 16315 
1186500626 14318 50145 7.004470 107 3481 2067 124.864646 0.158502 0.108147 16418 
1186587026 14351 50361 7.018466 107 3489 2065 125.497735 0.158027 0.108223 16513 
1186673426 14387 50583 7.031765 108 3492 2071 126.088969 0.158029 0.107876 16613 
1186759826 14417 50743 7.039329 108 3495 2075 126.465561 0.157879 0.107731 16677 
1186846226 14447 50869 7.042154 108 3496 2081 126.654253 0.157927 0.107882 16724 
1186932626 14467 50986 7.048593 108 3499 2079 126.929287 0.158086 0.107685 16772 
1187019026 14485 51118 7.058060 108 3497 2083 127.331170 0.157491 0.107843 16828 
1187105426 14518 51274 7.063507 108 3515 2078 127.686183 0.157661 0.107742 16890 
1187191826 14547 51447 7.073211 108 3518 2082 128.117275 0.157504 0.107572 16946 
1187278226 14584 51609 7.077482 108 3523 2095 128.439797 0.156898 0.107549 17003 
1187364626 14611 51770 7.086442 109 3525 2099 128.841831 0.156905 0.107873 17080 
1187451026 14630 51916 7.097198 109 3529 2096 129.336432 0.156509 0.107660 17141 
1187537426 14654 52067 7.106183 110 3531 2101 129.765661 0.156168 0.107942 17224 
1187623826 14678 52217 7.115002 110 3535 2113 130.207930 0.156407 0.108141 17302 
1187710226 14708 52399 7.125238 110 3530 2124 130.681942 0.156557 0.108818 17389 
1187796626 14747 52547 7.126466 110 3550 2125 130.878416 0.156474 0.108478 17436 
1187883026 14779 52704 7.132282 110 3564 2122 131.257866 0.156583 0.108164 17497 
1187969426 14823 52875 7.134183 111 3580 2133 131.568104 0.156036 0.108187 17573 
1188055826 14845 53013 7.142203 112 3590 2115 131.975615 0.155847 0.107705 17633 
1188142226 14864 53140 7.150161 112 3590 2122 132.360603 0.155832 0.107673 17692 
1188228626 14892 53329 7.162100 113 3607 2115 133.026591 0.155404 0.107619 17786 
1188315026 14928 53507 7.168676 113 3624 2100 133.378885 0.154978 0.107472 17858 
1188401426 14959 53692 7.178555 113 3629 2109 133.868039 0.154609 0.107790 17948 
1188487826 14984 53863 7.189402 113 3627 2123 134.429925 0.154062 0.107864 18024 
1188574226 15012 54025 7.197575 113 3628 2128 134.847056 0.153704 0.108001 18092 
1188660626 15036 54149 7.202580 113 3628 2141 135.133413 0.153576 0.108134 18144 
1188747026 15055 54253 7.207307 113 3635 2147 135.449485 0.153515 0.108149 18190 
1188833426 15086 54392 7.210924 113 3651 2154 135.725043 0.153429 0.108267 18254 
1188919826 15110 54528 7.217472 113 3658 2158 136.125215 0.153618 0.107984 18313 
1189006226 15141 54711 7.226867 113 3663 2165 136.619774 0.153279 0.108007 18402 
1189092626 15179 54930 7.237631 113 3672 2170 137.156730 0.153687 0.107837 18496 
1189179026 15211 55085 7.242785 114 3681 2174 137.465255 0.153581 0.108112 18562 
1189265426 15243 55213 7.244374 115 3692 2183 137.671981 0.153560 0.108181 18612 
1189351826 15264 55345 7.251703 116 3696 2183 138.040618 0.153178 0.108314 18672 
1189438226 15319 55541 7.251257 116 3733 2181 138.312945 0.153444 0.108085 18760 
1189524626 15345 55704 7.260215 116 3734 2184 138.726100 0.152838 0.107886 18813 
1189611026 15384 55873 7.263781 116 3753 2183 139.111414 0.153105 0.107725 18887 
1189697426 15423 56027 7.265383 116 3765 2192 139.314919 0.153041 0.107704 18946 
1189783826 15449 56169 7.271539 116 3777 2188 139.670529 0.152901 0.107912 19009 
1189870226 15479 56316 7.276439 116 3785 2203 140.017185 0.152740 0.107970 19076 
1189956626 15507 56451 7.280712 116 3799 2205 140.320113 0.152983 0.107857 19122 
1190043026 15544 56616 7.284611 117 3816 2209 140.735718 0.152211 0.107758 19206 
1190129426 15586 56808 7.289619 117 3824 2226 141.064417 0.152694 0.107751 19287 
1190215826 15623 57001 7.297062 117 3838 2226 141.493439 0.152543 0.107926 19366 
1190302226 15679 57222 7.299190 117 3864 2223 141.867976 0.152806 0.107988 19464 
1190388626 15725 57433 7.304674 117 3883 2233 142.318983 0.152653 0.108305 19566 
1190475026 15752 57578 7.310564 118 3893 2231 142.639792 0.152273 0.108244 19640 
1190561426 15788 57698 7.309096 118 3918 2229 142.759184 0.152406 0.107794 19676 
1190647826 15832 57852 7.308236 118 3940 2235 142.890349 0.152563 0.107803 19749 
1190734226 15880 58033 7.308942 119 3962 2240 143.187154 0.152018 0.107801 19814 
1190820626 15928 58212 7.309392 119 3985 2242 143.380211 0.152834 0.107578 19881 
1190907026 15971 58423 7.316135 119 3995 2256 143.857366 0.152821 0.107944 19972 
1190993426 16017 58621 7.319848 119 4016 2263 144.262471 0.152644 0.108024 20074 
1191079826 16053 58741 7.318383 119 4036 2260 144.351461 0.152789 0.107807 20124 
1191166226 16090 58864 7.316843 120 4062 2261 144.504164 0.152920 0.107615 20173 
1191252626 16145 59035 7.313100 121 4086 2280 144.653949 0.152554 0.107616 20236 
1191339026 16195 59260 7.318308 121 4101 2283 145.094041 0.152496 0.107830 20332 
1191425426 16234 59430 7.321671 122 4117 2290 145.450290 0.152804 0.107910 20405 
1191511826 16287 59631 7.322527 122 4145 2287 145.699638 0.152750 0.107745 20475 
1191598226 16329 59813 7.325984 123 4159 2295 146.020087 0.152000 0.108037 20563 
1191684626 16371 59960 7.325148 124 4176 2308 146.203408 0.152086 0.107938 20632 
1191771026 16400 60063 7.324756 124 4182 2321 146.305244 0.152222 0.108179 20678 
1191857426 16433 60248 7.332563 124 4188 2331 146.736445 0.152146 0.108299 20745 
1191943826 16484 60429 7.331837 125 4210 2344 146.960204 0.152399 0.108378 20815 
1192030226 16522 60590 7.334463 125 4225 2352 147.253601 0.152448 0.108329 20883 
1192116626 16568 60773 7.336190 126 4248 2354 147.556253 0.152198 0.108460 20958 
1192203026 16610 60946 7.338471 126 4257 2370 147.853341 0.152012 0.108703 21032 
1192289426 16646 61061 7.336417 126 4279 2376 147.950378 0.152052 0.108547 21075 
1192375826 16671 61172 7.338732 126 4287 2382 148.167836 0.151956 0.108656 21116 
1192462226 16700 61316 7.343234 126 4301 2389 148.499641 0.152092 0.108734 21181 
1192548626 16741 61527 7.350457 126 4318 2397 149.002091 0.151638 0.108978 21270 
1192635026 16783 61719 7.354943 127 4333 2406 149.378180 0.151588 0.108958 21352 
1192721426 16826 61905 7.358255 127 4348 2419 149.714371 0.151468 0.109153 21430 
1192807826 16880 62088 7.356398 129 4374 2435 149.888033 0.150548 0.108928 21495 
1192894226 16903 62201 7.359759 129 4381 2444 150.097261 0.150540 0.108684 21544 
1192980626 16922 62280 7.360832 129 4386 2452 150.232833 0.150465 0.108485 21571 
1193067026 16947 62408 7.365079 129 4394 2453 150.516080 0.150116 0.108466 21628 
1193153426 16978 62596 7.373778 129 4404 2459 151.040994 0.150492 0.108619 21723 
1193239826 17025 62797 7.377034 129 4422 2472 151.449633 0.150310 0.108628 21807 
1193326226 17062 62967 7.380964 129 4436 2477 151.815848 0.150487 0.108655 21886 
1193412626 17108 63144 7.381810 129 4450 2485 152.037643 0.150724 0.108591 21956 
1193499026 17125 63250 7.386861 129 4454 2487 152.349197 0.150590 0.108666 21999 
1193585426 17147 63330 7.386715 129 4462 2490 152.474135 0.150518 0.108656 22026 
1193671826 17173 63429 7.387061 129 4473 2492 152.613521 0.150533 0.108730 22069 
1193758226 17209 63607 7.392295 129 4492 2483 152.975885 0.150370 0.108585 22146 
1193844626 17245 63770 7.395767 129 4498 2497 153.294752 0.150383 0.108400 22210 
1193931026 17278 63896 7.396226 129 4509 2502 153.425744 0.150536 0.108384 22263 
1194017426 17313 64077 7.402183 129 4514 2504 153.803500 0.150710 0.108249 22355 
1194103826 17342 64196 7.403529 129 4525 2506 153.990543 0.150648 0.108306 22402 
1194190226 17364 64313 7.407625 130 4522 2520 154.218498 0.150683 0.108226 22458 
1194276626 17394 64451 7.410716 130 4524 2528 154.419800 0.150678 0.108047 22514 
1194363026 17439 64623 7.411319 130 4542 2540 154.641321 0.150733 0.108021 22579 
1194449426 17477 64791 7.414430 130 4555 2544 154.894547 0.150712 0.108001 22633 
1194535826 17510 64986 7.422730 130 4552 2555 155.380583 0.150622 0.108281 22739 
1194622226 17546 65153 7.426536 130 4565 2564 155.701242 0.150370 0.108408 22816 
1194708626 17580 65296 7.428441 130 4576 2571 155.947895 0.150449 0.108530 22872 
1194795026 17604 65402 7.430357 130 4589 2573 156.147466 0.150266 0.108406 22911 
1194881426 17639 65544 7.431714 130 4594 2588 156.353988 0.150113 0.108143 22951 
1194967826 17682 65749 7.436828 130 4605 2600 156.767673 0.150151 0.108359 23055 
1195054226 17728 65935 7.438515 130 4622 2612 157.048962 0.150142 0.108646 23136 
1195140626 17764 66095 7.441455 131 4632 2620 157.340576 0.149946 0.109015 23204 
1195227026 17800 66261 7.445056 131 4645 2627 157.628989 0.149887 0.109012 23270 
1195313426 17832 66377 7.444706 131 4652 2636 157.726559 0.150171 0.108793 23309 
1195399826 17851 66493 7.449779 131 4654 2636 158.072153 0.150244 0.108925 23371 
1195486226 17882 66631 7.452298 132 4652 2654 158.343027 0.150187 0.108885 23425 
1195572626 17918 66823 7.458757 132 4666 2657 158.782119 0.149605 0.108585 23505 
1195659026 17951 66969 7.461311 132 4678 2664 159.056431 0.149490 0.108437 23554 
1195745426 17968 67072 7.465717 133 4685 2666 159.324688 0.149346 0.108377 23595 
1195831826 17992 67176 7.467319 133 4693 2675 159.483993 0.149517 0.108474 23645 
1195918226 18013 67261 7.468051 133 4702 2678 159.601066 0.149398 0.108438 23680 
1196004626 18031 67373 7.473019 133 4699 2685 159.923021 0.149422 0.108691 23734 
1196091026 18058 67523 7.478458 133 4710 2687 160.278658 0.149473 0.108807 23812 
1196177426 18096 67710 7.483422 134 4716 2690 160.675287 0.149361 0.108943 23898 
1196263826 18137 67883 7.485582 136 4743 2688 160.963114 0.149405 0.108882 23975 
1196350226 18169 68041 7.489790 136 4754 2697 161.278772 0.149168 0.108929 24039 
1196436626 18200 68199 7.494396 136 4761 2704 161.538462 0.149416 0.108958 24113 
1196523026 18226 68308 7.495666 137 4773 2708 161.732360 0.149398 0.108745 24165 
1196609426 18245 68415 7.499589 137 4778 2715 161.988271 0.149458 0.108665 24209 
1196695826 18277 68541 7.500246 137 4791 2724 162.191716 0.149440 0.108510 24256 
1196782226 18298 68716 7.510766 137 4790 2724 162.686086 0.149132 0.108479 24322 
1196868626 18324 68885 7.518555 137 4792 2729 163.148112 0.149364 0.108578 24400 
1196955026 18354 69020 7.520976 137 4802 2740 163.432712 0.149327 0.108555 24464 
1197041426 18390 69188 7.524524 137 4816 2742 163.753888 0.149221 0.108643 24538 
1197127826 18416 69322 7.528454 137 4812 2763 164.014444 0.149162 0.108719 24588 
1197214226 18439 69436 7.531428 137 4819 2771 164.290580 0.149162 0.108875 24653 
1197300626 18466 69548 7.532546 137 4832 2769 164.508177 0.149225 0.108638 24706 
1197387026 18505 69702 7.533315 137 4848 2775 164.707484 0.149547 0.108624 24778 
1197473426 18536 69863 7.538088 137 4853 2785 165.087829 0.149645 0.108558 24855 
1197559826 18569 70011 7.540632 137 4874 2780 165.385966 0.149713 0.108535 24933 
1197646226 18605 70138 7.539694 137 4897 2785 165.570868 0.149678 0.108307 24988 
1197732626 18628 70249 7.542302 137 4902 2798 165.801696 0.149745 0.108257 25030 
1197819026 18645 70335 7.544650 137 4904 2807 166.007723 0.149614 0.108157 25072 
1197905426 18676 70463 7.545834 137 4915 2817 166.202078 0.149580 0.108197 25115 
1197991826 18697 70563 7.548056 137 4921 2820 166.350965 0.149528 0.108254 25165 
1198078226 18741 70710 7.546022 137 4947 2819 166.511072 0.149378 0.108029 25219 
1198164626 18786 70844 7.542212 138 4972 2819 166.540402 0.149376 0.107886 25269 
1198251026 18812 70967 7.544865 140 4986 2812 166.839358 0.149205 0.107783 25328 
1198337426 18844 71088 7.544895 140 4997 2820 166.963914 0.149165 0.107824 25384 
1198423826 18855 71173 7.549509 140 5002 2816 167.237868 0.149184 0.107792 25436 
1198510226 18878 71257 7.549211 141 5010 2826 167.315500 0.149077 0.107747 25464 
1198596626 18892 71354 7.553885 141 5014 2824 167.551344 0.149120 0.107731 25512 
1198683026 18900 71418 7.557460 141 5016 2826 167.729524 0.148931 0.107776 25544 
1198769426 18922 71510 7.558398 141 5028 2824 167.883628 0.149170 0.107837 25589 
1198855826 18942 71631 7.563193 142 5027 2833 168.269349 0.149427 0.107708 25648 
1198942226 18961 71762 7.569432 142 5032 2833 168.634671 0.149593 0.107729 25722 
1199028626 18988 71864 7.569412 142 5043 2841 168.748157 0.149647 0.107752 25759 
1199115026 19015 71997 7.572653 142 5050 2844 169.027189 0.149854 0.108004 25816 
1199201426 19034 72094 7.575286 142 5056 2839 169.195650 0.149798 0.108202 25865 
1199287826 19060 72221 7.578279 142 5062 2843 169.446905 0.149422 0.108381 25917 
1199374226 19094 72337 7.576935 142 5079 2853 169.629831 0.149340 0.108207 25970 
1199460626 19120 72455 7.578975 142 5088 2852 169.846757 0.149117 0.108378 26032 
1199547026 19142 72544 7.579563 142 5099 2854 170.019956 0.149212 0.108333 26076 
1199633426 19170 72648 7.579343 142 5117 2853 170.183933 0.149213 0.108186 26116 
1199719826 19197 72741 7.578372 142 5135 2853 170.265979 0.149220 0.108079 26147 
1199806226 19221 72852 7.580459 142 5145 2860 170.479059 0.149097 0.108088 26191 
1199892626 19238 72954 7.584364 142 5141 2874 170.697994 0.149287 0.108163 26237 
1199979026 19265 73077 7.586504 142 5152 2872 170.917726 0.149597 0.108308 26306 
1200065426 19298 73195 7.585760 142 5165 2882 171.054513 0.149624 0.108166 26371 
1200151826 19329 73309 7.585390 142 5179 2887 171.247659 0.149522 0.107976 26419 
1200238226 19350 73405 7.587080 142 5186 2890 171.424289 0.149310 0.107900 26460 
1200324626 19381 73511 7.585883 142 5194 2900 171.502399 0.149430 0.107995 26491 
1200411026 19405 73650 7.590827 142 5204 2898 171.865499 0.149055 0.107929 26564 
1200497426 19449 73791 7.588154 142 5231 2892 171.994756 0.149010 0.107475 26612 
1200583826 19480 73929 7.590246 142 5251 2888 172.314990 0.148453 0.107239 26676 
1200670226 19511 74070 7.592640 142 5255 2896 172.574855 0.148433 0.107223 26742 
1200756626 19535 74164 7.592936 142 5261 2906 172.693524 0.148367 0.107362 26781 
1200843026 19551 74259 7.596440 142 5261 2913 172.928546 0.148410 0.107715 26835 
1200929426 19573 74379 7.600163 142 5266 2916 173.252848 0.148152 0.107741 26887 
1201015826 19602 74494 7.600653 142 5284 2910 173.432405 0.147980 0.107596 26938 
1201102226 19649 74650 7.598351 142 5313 2913 173.577587 0.148072 0.107342 27001 
1201188626 19682 74791 7.599939 142 5326 2924 173.828473 0.148281 0.107154 27068 
1201275026 19722 74944 7.600041 142 5343 2926 174.062468 0.148419 0.107027 27144 
1201361426 19769 75131 7.600890 142 5360 2941 174.333654 0.148469 0.106966 27228 
1201447826 19806 75306 7.604362 142 5373 2947 174.622337 0.148634 0.106766 27301 
1201534226 19837 75459 7.607904 142 5385 2951 174.962746 0.148515 0.106696 27372 
1201620626 19875 75660 7.613585 143 5396 2953 175.455698 0.148551 0.106650 27480 
1201707026 19919 75819 7.612732 143 5422 2955 175.626186 0.148599 0.106459 27538 
1201793426 19959 75959 7.611504 143 5440 2959 175.756902 0.148820 0.106394 27591 
1201879826 19995 76102 7.612103 144 5458 2964 175.965291 0.148829 0.106206 27668 
1201966226 20017 76201 7.613628 144 5466 2962 176.118000 0.148933 0.105923 27698 
1202052626 20029 76273 7.616256 144 5464 2967 176.274402 0.148932 0.106014 27732 
1202139026 20055 76351 7.614161 144 5481 2969 176.325804 0.148911 0.105992 27770 
1202225426 20077 76454 7.616078 144 5484 2977 176.503960 0.149193 0.106022 27827 
1202311826 20096 76531 7.616541 144 5495 2973 176.614849 0.149328 0.105826 27863 
1202398226 20137 76681 7.615931 144 5522 2963 176.782540 0.149605 0.105756 27930 
1202484626 20181 76833 7.614390 144 5544 2976 176.939597 0.149758 0.105759 28003 
1202571026 20213 77026 7.621432 144 5546 2982 177.407411 0.149824 0.105895 28103 
1202657426 20238 77125 7.621801 144 5560 2985 177.602233 0.149868 0.105788 28164 
1202743826 20272 77277 7.624013 145 5576 2982 177.870264 0.150024 0.105896 28235 
1202830226 20303 77457 7.630104 145 5583 2984 178.246368 0.150294 0.105762 28318 
1202916626 20344 77659 7.634585 145 5589 2990 178.659654 0.150495 0.106114 28410 
1203003026 20383 77833 7.637050 146 5594 3007 178.969337 0.150419 0.106413 28486 
1203089426 20417 77998 7.640496 147 5603 3017 179.305285 0.150536 0.106607 28576 
1203175826 20449 78107 7.639200 147 5619 3014 179.397428 0.150586 0.106636 28620 
1203262226 20470 78214 7.641817 147 5622 3022 179.626771 0.150696 0.106736 28662 
1203348626 20498 78366 7.646209 147 5633 3017 179.923017 0.150555 0.106651 28730 
1203435026 20534 78546 7.650336 148 5647 3010 180.296776 0.150469 0.106554 28816 
1203521426 20569 78721 7.654334 148 5660 3018 180.633575 0.150610 0.106527 28894 
1203607826 20599 78866 7.657265 148 5677 3017 180.939269 0.150726 0.106603 28964 
1203694226 20629 79000 7.659121 148 5687 3022 181.113287 0.150684 0.106746 29019 
1203780626 20660 79129 7.660116 148 5706 3017 181.317135 0.150551 0.106654 29076 
1203867026 20676 79216 7.662604 148 5708 3020 181.524956 0.150285 0.106660 29109 
1203953426 20717 79352 7.660569 148 5728 3028 181.680070 0.150298 0.106567 29156 
1204039826 20756 79522 7.662555 148 5743 3038 182.013394 0.150394 0.106694 29245 
1204126226 20798 79712 7.665352 148 5760 3045 182.403212 0.150321 0.106951 29353 
1204212626 20840 79883 7.666315 148 5767 3057 182.624088 0.150197 0.107220 29431 
1204299026 20891 80046 7.663204 149 5787 3070 182.740127 0.150180 0.107272 29486 
1204385426 20918 80170 7.665169 149 5792 3076 182.951812 0.150210 0.107096 29543 
1204471826 20945 80323 7.669897 149 5795 3083 183.290332 0.150296 0.107223 29620 
1204558226 20969 80442 7.672469 149 5802 3088 183.536649 0.150194 0.107096 29675 
1204644626 21024 80674 7.674467 150 5830 3093 183.965468 0.150122 0.107368 29781 
1204731026 21071 80867 7.675668 150 5847 3099 184.260358 0.150426 0.107263 29872 
1204817426 21112 81061 7.679140 150 5861 3106 184.571997 0.150737 0.107477 29969 
1204903826 21156 81212 7.677444 150 5880 3109 184.707223 0.150876 0.107520 30030 
1204990226 21191 81364 7.679109 150 5891 3118 184.963994 0.150808 0.107261 30100 
1205076626 21231 81491 7.676605 150 5912 3126 185.032170 0.151076 0.107176 30161 
1205163026 21267 81639 7.677529 150 5921 3142 185.240325 0.150998 0.107453 30238 
1205249426 21318 81818 7.675955 151 5943 3150 185.443475 0.150744 0.107468 30310 
1205335826 21363 82001 7.676918 151 5960 3159 185.709872 0.150592 0.107416 30385 
1205422226 21398 82148 7.678101 151 5978 3170 186.004673 0.150796 0.107329 30454 
1205508626 21428 82293 7.680885 151 5991 3172 186.336289 0.150375 0.107182 30512 
1205595026 21455 82398 7.681007 151 6001 3176 186.482964 0.150364 0.107216 30567 
1205681426 21472 82475 7.682098 152 6007 3183 186.632917 0.150078 0.107223 30608 
1205767826 21505 82610 7.682864 152 6025 3183 186.869286 0.149967 0.107096 30668 
1205854226 21559 82809 7.682082 152 6049 3190 187.131407 0.150400 0.107248 30756 
1205940626 21603 82985 7.682729 152 6072 3193 187.400546 0.150273 0.106990 30825 
1206027026 21628 83118 7.686148 152 6077 3196 187.666081 0.150153 0.107179 30887 
1206113426 21665 83262 7.686314 153 6102 3188 187.887561 0.150147 0.106827 30954 
1206199826 21687 83393 7.690598 153 6108 3196 188.180477 0.150142 0.106803 31013 
1206286226 21715 83515 7.691918 154 6122 3194 188.435736 0.150054 0.107058 31074 
1206372626 21736 83624 7.694516 156 6127 3200 188.722488 0.149829 0.106971 31130 
1206459026 21781 83799 7.694688 156 6145 3208 188.938708 0.150072 0.106891 31208 
1206545426 21818 83971 7.697406 156 6158 3214 189.226969 0.149732 0.106899 31280 
1206631826 21859 84146 7.698980 156 6173 3226 189.481495 0.149889 0.106964 31365 
1206718226 21894 84376 7.707682 156 6176 3234 190.050607 0.150018 0.107169 31481 
1206804626 21934 84529 7.707577 157 6191 3243 190.217835 0.149829 0.107347 31544 
1206891026 21972 84675 7.707537 158 6203 3251 190.347442 0.149685 0.107773 31610 
1206977426 22012 84880 7.712157 158 6209 3273 190.813465 0.149869 0.107777 31703 
1207063826 22051 85073 7.716022 159 6225 3284 191.221169 0.149491 0.107907 31785 
1207150226 22113 85302 7.715100 160 6256 3291 191.512323 0.149470 0.108072 31888 
1207236626 22161 85531 7.719056 160 6267 3305 191.923198 0.149763 0.108040 31986 
1207323026 22205 85727 7.721414 160 6283 3311 192.231840 0.149992 0.107777 32064 
1207409426 22251 85916 7.722439 160 6307 3312 192.560784 0.150132 0.107458 32153 
1207495826 22294 86041 7.718758 160 6328 3324 192.571006 0.150118 0.107382 32200 
1207582226 22330 86238 7.723959 160 6338 3336 193.010390 0.150194 0.107477 32297 
1207668626 22368 86439 7.728809 160 6346 3346 193.457618 0.150169 0.107376 32391 
1207755026 22405 86620 7.732203 160 6365 3350 193.765231 0.150431 0.107126 32468 
1207841426 22450 86823 7.734788 160 6378 3354 194.068686 0.150465 0.106959 32560 
1207927826 22507 87031 7.733683 160 6397 3374 194.300884 0.150542 0.106985 32652 
1208014226 22543 87183 7.734818 160 6412 3383 194.494876 0.150541 0.107071 32717 
1208100626 22560 87278 7.737411 160 6419 3385 194.727571 0.150475 0.107179 32769 
1208187026 22598 87431 7.737941 160 6422 3408 194.903885 0.150669 0.107079 32839 
1208273426 22650 87639 7.738543 160 6451 3409 195.226932 0.150465 0.107051 32929 
1208359826 22682 87846 7.745878 160 6457 3419 195.788643 0.150479 0.107447 33033 
1208446226 22725 88075 7.751375 160 6465 3430 196.256458 0.150085 0.107624 33135 
1208532626 22768 88285 7.755183 161 6483 3434 196.766866 0.149659 0.107429 33248 
1208619026 22813 88463 7.755490 161 6499 3444 197.017227 0.149702 0.107351 33330 
1208705426 22829 88550 7.757677 161 6503 3453 197.224232 0.149898 0.107378 33382 
1208791826 22862 88722 7.761526 161 6510 3466 197.612982 0.149955 0.107514 33461 
1208878226 22905 88924 7.764593 161 6522 3479 197.939402 0.150150 0.107443 33552 
1208964626 22950 89127 7.767059 163 6544 3485 198.359041 0.149667 0.107529 33646 
1209051026 23000 89331 7.767913 164 6572 3484 198.670000 0.149758 0.107388 33749 
1209137426 23040 89509 7.769878 164 6585 3494 198.979340 0.149642 0.107231 33829 
1209223826 23066 89608 7.769704 164 6593 3495 199.082372 0.149598 0.107186 33869 
1209310226 23101 89739 7.769274 165 6595 3521 199.264447 0.149445 0.107233 33921 
1209396626 23144 89891 7.767974 165 6621 3524 199.414794 0.149569 0.107017 33978 
1209483026 23197 90104 7.768591 166 6636 3545 199.812476 0.149249 0.107258 34090 
1209569426 23252 90298 7.766902 166 6652 3564 199.939360 0.149439 0.107384 34170 
1209655826 23301 90511 7.768851 166 6673 3575 200.300416 0.149338 0.107070 34250 
1209742226 23344 90736 7.773818 166 6686 3578 200.780757 0.149226 0.107262 34372 
1209828626 23369 90882 7.777996 166 6690 3584 201.056442 0.149361 0.107141 34444 
1209915026 23393 91029 7.782585 166 6695 3586 201.408456 0.149170 0.107107 34512 
1210001426 23435 91219 7.784852 166 6715 3591 201.752934 0.149174 0.106921 34597 
1210087826 23481 91429 7.787488 167 6729 3606 202.107065 0.148897 0.106916 34700 
1210174226 23533 91625 7.786937 168 6738 3621 202.294565 0.148718 0.106657 34770 
1210260626 23574 91822 7.790108 168 6732 3644 202.533215 0.149152 0.106941 34866 
1210347026 23616 91991 7.790566 168 6749 3644 202.700965 0.149227 0.106839 34943 
1210433426 23652 92133 7.790715 168 6757 3656 202.825977 0.149706 0.106652 35011 
1210519826 23677 92280 7.794906 168 6750 3671 203.058411 0.149774 0.106602 35061 
1210606226 23721 92441 7.794022 168 6763 3683 203.197504 0.149937 0.106420 35135 
1210692626 23761 92616 7.795631 168 6771 3695 203.431505 0.149933 0.106733 35227 
1210779026 23819 92838 7.795289 168 6795 3703 203.676141 0.150245 0.106661 35324 
1210865426 23859 93038 7.798986 171 6804 3702 204.081060 0.149802 0.106545 35412 
1210951826 23899 93226 7.801665 173 6811 3707 204.385874 0.149867 0.106407 35498 
1211038226 23937 93361 7.800560 173 6822 3720 204.475415 0.150175 0.106536 35552 
1211124626 23976 93484 7.798131 173 6832 3734 204.461295 0.150317 0.106453 35595 
1211211026 24006 93658 7.802883 173 6830 3731 204.788053 0.150412 0.106638 35682 
1211297426 24062 93852 7.800848 173 6849 3745 204.931843 0.150516 0.106573 35767 
1211383826 24110 94064 7.802903 173 6864 3757 205.208378 0.150502 0.106666 35854 
1211470226 24152 94249 7.804654 173 6867 3766 205.438556 0.150819 0.106643 35946 
1211556626 24200 94447 7.805537 173 6876 3778 205.728264 0.150422 0.106687 36025 
1211643026 24234 94600 7.807213 173 6875 3792 205.837006 0.150691 0.106566 36077 
1211729426 24257 94726 7.810199 173 6873 3806 206.074370 0.150459 0.106739 36130 
1211815826 24285 94845 7.810994 173 6879 3810 206.214371 0.150624 0.106604 36173 
1211902226 24328 95006 7.810424 174 6896 3818 206.375781 0.150274 0.106884 36251 
1211988626 24375 95202 7.811446 174 6910 3829 206.713354 0.149972 0.106755 36340 
1212075026 24416 95400 7.814548 175 6910 3851 207.051606 0.149832 0.106894 36430 
1212161426 24457 95613 7.818866 175 6911 3862 207.440569 0.149821 0.107155 36541 
1212247826 24510 95782 7.815749 175 6926 3887 207.517585 0.149786 0.107214 36619 
1212334226 24537 95899 7.816685 175 6936 3894 207.675918 0.149847 0.106951 36671 
1212420626 24578 96044 7.815445 175 6952 3908 207.766865 0.150014 0.106961 36738 
1212507026 24625 96243 7.816690 177 6967 3910 208.052792 0.149912 0.106969 36821 
1212593426 24673 96454 7.818587 177 6976 3921 208.301139 0.150077 0.106892 36921 
1212679826 24731 96652 7.816263 177 6995 3932 208.350410 0.150270 0.106871 36999 
1212766226 24788 96851 7.814346 177 6992 3975 208.468049 0.150439 0.106972 37068 
1212852626 24836 97026 7.813335 177 7002 3994 208.606378 0.150660 0.106920 37145 
1212939026 24874 97179 7.813701 177 7012 4003 208.723486 0.150935 0.106881 37210 
1213025426 24931 97338 7.808592 177 7029 4030 208.668084 0.151263 0.106981 37274 
1213111826 24975 97509 7.808529 178 7039 4037 208.815295 0.151114 0.107041 37330 
1213198226 25026 97717 7.809238 178 7048 4053 209.086390 0.150915 0.107129 37422 
1213284626 25079 97924 7.809243 178 7056 4064 209.257626 0.150996 0.107117 37513 
1213371026 25127 98109 7.809050 178 7077 4058 209.431448 0.151030 0.107145 37582 
1213457426 25155 98241 7.810853 178 7071 4076 209.609779 0.151214 0.107271 37648 
1213543826 25185 98368 7.811634 178 7080 4083 209.788763 0.151176 0.107311 37707 
1213630226 25249 98573 7.808072 178 7117 4081 209.875797 0.151152 0.106905 37782 
1213716626 25296 98777 7.809693 179 7128 4094 210.163188 0.150775 0.106885 37863 
1213803026 25336 98993 7.814414 180 7131 4104 210.567809 0.150605 0.107004 37960 
1213889426 25376 99185 7.817229 180 7134 4110 210.863730 0.150496 0.107103 38045 
1213975826 25437 99386 7.814286 181 7157 4116 210.899949 0.150539 0.106916 38112 
1214062226 25482 99542 7.812731 181 7178 4125 211.017189 0.150669 0.106922 38185 
1214148626 25512 99689 7.815067 181 7186 4124 211.215506 0.150591 0.106720 38258 
1214235026 25568 99888 7.813517 181 7209 4136 211.365926 0.150485 0.106879 38350 
1214321426 25635 100138 7.812600 181 7233 4148 211.581276 0.150590 0.107051 38443 
1214407826 25689 100344 7.812215 181 7249 4155 211.760598 0.150442 0.107100 38519 
1214494226 25742 100561 7.812990 181 7270 4159 212.061145 0.150807 0.107000 38632 
1214580626 25822 100802 7.807451 182 7300 4181 212.084966 0.150997 0.106973 38725 
1214667026 25881 100974 7.802944 183 7322 4193 212.074340 0.151158 0.106848 38780 
1214753426 25927 101163 7.803680 183 7331 4204 212.228642 0.151437 0.106968 38864 
1214839826 25978 101367 7.804065 183 7351 4204 212.453769 0.151354 0.106747 38945 
1214926226 26044 101605 7.802565 183 7373 4209 212.587851 0.151832 0.106695 39051 
1215012626 26097 101836 7.804422 183 7384 4222 212.839713 0.151706 0.106664 39153 
1215099026 26153 102090 7.807135 183 7386 4239 213.100371 0.151883 0.107164 39262 
1215185426 26203 102259 7.805137 183 7403 4250 213.167042 0.152075 0.106987 39331 
1215271826 26232 102380 7.805733 183 7408 4257 213.287969 0.152052 0.107045 39371 
1215358226 26266 102520 7.806289 183 7419 4259 213.402574 0.152185 0.107068 39427 
1215444626 26321 102734 7.806238 183 7433 4274 213.633753 0.152313 0.107109 39526 
1215531026 26381 102948 7.804708 183 7455 4285 213.776961 0.152301 0.107251 39617 
1215617426 26464 103211 7.800106 184 7500 4286 213.865175 0.152236 0.107239 39736 
1215703826 26538 103456 7.796820 185 7526 4305 213.960962 0.152356 0.106913 39829 
1215790226 26599 103690 7.796534 186 7554 4302 214.173916 0.152204 0.106747 39923 
1215876626 26633 103857 7.799121 186 7563 4310 214.459130 0.152021 0.106805 40008 
1215963026 26672 104026 7.800390 188 7563 4324 214.641722 0.152018 0.106915 40074 
1216049426 26712 104197 7.801512 188 7569 4337 214.795897 0.152077 0.106910 40151 
1216135826 26787 104494 7.801844 189 7591 4353 215.093292 0.152059 0.107033 40298 
1216222226 26848 104747 7.802965 189 7598 4376 215.321290 0.151910 0.107310 40406 
1216308626 26908 104976 7.802587 189 7619 4382 215.488777 0.152073 0.107303 40516 
1216395026 26980 105213 7.799333 189 7651 4397 215.610452 0.152229 0.107136 40608 
1216481426 27014 105382 7.802029 189 7653 4409 215.872140 0.152159 0.107325 40685 
1216567826 27055 105560 7.803364 189 7666 4411 216.091665 0.152063 0.107449 40767 
1216654226 27123 105775 7.799653 189 7691 4428 216.206393 0.152238 0.107773 40858 
1216740626 27210 106070 7.796398 189 7709 4456 216.310401 0.152205 0.107803 40960 
1216827026 27300 106351 7.791282 190 7747 4466 216.391941 0.152307 0.107620 41066 
1216913426 27391 106625 7.785404 190 7778 4492 216.414151 0.152407 0.107718 41170 
1216999826 27463 106863 7.782325 191 7808 4510 216.537887 0.152072 0.107740 41267 
1217086226 27534 107092 7.778892 191 7849 4506 216.622648 0.152181 0.107545 41363 
1217172626 27590 107290 7.777456 191 7870 4515 216.792606 0.151962 0.107481 41433 
1217259026 27651 107505 7.775849 191 7898 4522 216.942968 0.152005 0.107412 41517 
1217345426 27736 107798 7.773147 192 7929 4534 217.127199 0.152036 0.107482 41636 
1217431826 27814 108098 7.772920 192 7939 4551 217.332494 0.151977 0.107485 41741 
1217518226 27896 108396 7.771437 192 7972 4554 217.524376 0.152232 0.107303 41864 
1217604626 27963 108668 7.772271 193 7996 4553 217.787004 0.152328 0.107131 41967 
1217691026 28041 108921 7.768696 195 8028 4577 217.914340 0.152156 0.106947 42075 
1217777426 28096 109130 7.768366 196 8042 4593 218.120658 0.152119 0.107044 42165 
1217863826 28171 109399 7.766781 196 8061 4619 218.289092 0.152361 0.107281 42286 
1217950226 28271 109715 7.761664 196 8106 4617 218.337519 0.152523 0.107255 42398 
1218036626 28366 110061 7.760065 198 8141 4641 218.702602 0.152245 0.107234 42547 
1218123026 28479 110400 7.753081 200 8185 4661 218.810913 0.152004 0.107478 42685 
1218209426 28555 110693 7.752968 200 8214 4667 219.067554 0.152188 0.107209 42807 
1218295826 28599 110917 7.756705 200 8207 4694 219.377740 0.152249 0.107183 42899 
1218382226 28663 111097 7.751945 200 8241 4693 219.354290 0.152376 0.107122 42974 
1218468626 28735 111344 7.749713 200 8268 4698 219.423212 0.152551 0.107329 43079 
1218555026 28827 111638 7.745378 200 8299 4732 219.530371 0.152593 0.107488 43212 
1218641426 28914 111951 7.743723 200 8332 4752 219.759978 0.152630 0.107535 43346 
1218727826 29002 112257 7.741328 200 8370 4762 220.006413 0.152786 0.107443 43487 
1218814226 29073 112547 7.742373 202 8380 4780 220.317683 0.152609 0.107477 43602 
1218900626 29152 112794 7.738337 202 8416 4789 220.381037 0.152775 0.107246 43702 
1218987026 29233 113051 7.734478 203 8446 4812 220.421715 0.152876 0.107048 43805 
1219073426 29306 113378 7.737528 203 8457 4831 220.763257 0.152835 0.107151 43942 
1219159826 29419 113747 7.732894 203 8500 4850 220.926612 0.152662 0.106794 44081 
1219246226 29502 114073 7.733238 203 8523 4870 221.220866 0.152887 0.106756 44213 
1219332626 29600 114418 7.730946 204 8550 4903 221.429932 0.152891 0.107052 44345 
1219419026 29694 114738 7.728026 205 8582 4921 221.566983 0.152767 0.106806 44468 
1219505426 29775 115031 7.726683 205 8597 4947 221.723862 0.153073 0.106877 44608 
1219591826 29843 115265 7.724760 205 8610 4978 221.812887 0.153189 0.106979 44701 
1219678226 29945 115607 7.721289 208 8660 4995 222.028385 0.152892 0.106719 44833 
1219764626 30056 115981 7.717660 208 8704 5010 222.243545 0.153399 0.106624 44990 
1219851026 30143 116323 7.718077 208 8730 5012 222.599940 0.152810 0.106561 45135 
1219937426 30246 116711 7.717450 209 8770 5019 223.008993 0.153057 0.106595 45316 
1220023826 30317 116993 7.717980 211 8783 5046 223.340040 0.152611 0.106620 45415 
1220110226 30395 117233 7.713966 211 8805 5070 223.394571 0.152850 0.106724 45533 
1220196626 30437 117435 7.716595 211 8803 5079 223.650951 0.152613 0.106737 45623 
1220283026 30484 117677 7.720575 211 8814 5077 223.939378 0.152826 0.106703 45730 
1220369426 30526 117874 7.722859 213 8818 5085 224.215685 0.152652 0.106572 45807 
1220455826 30571 118069 7.724248 214 8819 5091 224.371594 0.152515 0.106883 45898 
1220542226 30605 118281 7.729521 214 8808 5112 224.710211 0.152462 0.106862 45984 
1220628626 30650 118500 7.732463 215 8813 5114 224.956085 0.152488 0.106944 46071 
1220715026 30711 118756 7.733776 215 8835 5109 225.246589 0.152391 0.106945 46180 
1220801426 30769 119014 7.735968 215 8840 5132 225.517371 0.152713 0.106982 46304 
1220887826 30850 119307 7.734652 215 8867 5141 225.713128 0.152928 0.106996 46433 
1220974226 30928 119703 7.740753 215 8872 5149 226.278906 0.153233 0.106838 46612 
1221060626 31032 120015 7.734919 215 8914 5156 226.227700 0.153597 0.106792 46718 
1221147026 31110 120312 7.734619 216 8932 5180 226.478303 0.153557 0.107181 46845 
1221233426 31227 120682 7.729337 216 8991 5182 226.563807 0.153606 0.107113 46989 
1221319826 31312 120955 7.725792 216 9023 5199 226.663324 0.153539 0.107256 47105 
1221406226 31373 121239 7.728875 217 9023 5219 227.046569 0.153423 0.107261 47229 
1221492626 31449 121540 7.729340 217 9041 5232 227.224141 0.153446 0.107034 47344 
1221579026 31546 121903 7.728587 217 9053 5263 227.389336 0.153561 0.107163 47484 
1221665426 31681 122396 7.726776 217 9084 5294 227.645908 0.153990 0.107154 47685 
1221751826 31788 122792 7.725683 217 9086 5337 227.731848 0.154405 0.107565 47828 
1221838226 31885 123152 7.724761 218 9107 5359 227.917140 0.154529 0.107502 47960 
1221924626 31977 123458 7.721675 218 9130 5377 227.985239 0.154869 0.107205 48075 
1222011026 32059 123752 7.720266 218 9150 5396 228.087963 0.154929 0.107272 48189 
1222097426 32140 124091 7.721904 218 9146 5422 228.286185 0.155281 0.107458 48342 
1222183826 32240 124462 7.720968 218 9145 5454 228.420037 0.155422 0.107595 48466 
1222270226 32344 124817 7.718093 218 9171 5471 228.506493 0.155412 0.107617 48597 
1222356626 32448 125203 7.717147 219 9181 5504 228.599975 0.155646 0.107718 48730 
1222443026 32541 125535 7.715497 220 9194 5521 228.695000 0.155865 0.107817 48874 
1222529426 32613 125793 7.714286 220 9199 5549 228.732837 0.155991 0.107774 48960 
1222615826 32689 126025 7.710545 220 9214 5574 228.729970 0.156171 0.107765 49048 
1222702226 32786 126364 7.708412 221 9226 5607 228.832245 0.156102 0.108032 49172 
1222788626 32863 126799 7.716824 221 9213 5631 229.433831 0.155995 0.108391 49360 
1222875026 32981 127193 7.713108 221 9242 5668 229.490555 0.156401 0.108088 49504 
1222961426 33064 127618 7.719453 221 9238 5675 229.899649 0.156545 0.107676 49658 
1223047826 33162 128029 7.721428 221 9241 5708 230.221338 0.156648 0.107298 49815 
1223134226 33243 128365 7.722829 221 9250 5714 230.416088 0.156960 0.107231 49942 
1223220626 33303 128645 7.725730 221 9243 5738 230.640002 0.157063 0.107576 50056 
1223307026 33390 128968 7.724948 221 9267 5754 230.792992 0.157252 0.107346 50172 
1223393426 33489 129377 7.726537 221 9268 5792 231.125026 0.157121 0.107680 50339 
1223479826 33619 129844 7.724442 222 9278 5840 231.271126 0.157620 0.107944 50509 
1223566226 33734 130201 7.719274 222 9300 5869 231.252623 0.157795 0.107812 50633 
1223652626 33845 130653 7.720668 222 9314 5886 231.517093 0.158124 0.107874 50787 
1223739026 33927 130969 7.720635 222 9330 5896 231.671530 0.158389 0.108011 50903 
1223825426 33997 131227 7.719916 222 9343 5913 231.740977 0.158538 0.107954 51003 
1223911826 34083 131635 7.724379 223 9332 5934 232.132089 0.158261 0.108172 51161 
1223998226 34201 132156 7.728195 224 9322 5980 232.469285 0.158421 0.108075 51355 
1224084626 34315 132568 7.726534 224 9335 6013 232.638496 0.158817 0.108244 51537 
1224171026 34414 133004 7.729645 224 9356 6022 232.960249 0.159007 0.108747 51712 
1224257426 34542 133511 7.730357 224 9383 6038 233.223091 0.159206 0.108692 51897 
1224343826 34628 133814 7.728659 224 9401 6056 233.263024 0.159456 0.108507 52001 
1224430226 34695 134043 7.726935 224 9417 6069 233.268194 0.159637 0.108543 52092 
1224516626 34790 134446 7.729003 224 9435 6085 233.519575 0.159794 0.108454 52241 
1224603026 34922 134960 7.729225 225 9447 6099 233.731172 0.160352 0.108360 52455 
1224689426 35047 135435 7.728764 225 9459 6134 233.916056 0.160670 0.108507 52636 
1224775826 35173 135936 7.729565 225 9484 6158 234.264009 0.160733 0.108351 52845 
1224862226 35288 136408 7.731127 226 9495 6189 234.565688 0.160921 0.108479 53028 
1224948626 35369 136747 7.732591 226 9506 6201 234.828522 0.160888 0.108497 53157 
1225035026 35431 136996 7.733115 226 9503 6222 234.966047 0.161084 0.108443 53245 
1225121426 35526 137326 7.731014 226 9513 6258 235.024714 0.161283 0.108537 53342 
1225207826 35642 137781 7.731384 227 9534 6272 235.282756 0.161202 0.108345 53526 
1225294226 35757 138206 7.730291 227 9572 6275 235.462707 0.161331 0.108006 53689 
1225380626 35864 138648 7.731876 227 9588 6298 235.805599 0.161293 0.108060 53862 
1225467026 35985 139069 7.729276 227 9622 6312 236.015229 0.161417 0.108283 54031 
1225553426 36050 139357 7.731318 227 9629 6327 236.253759 0.161356 0.108230 54150 
1225639826 36122 139631 7.731078 228 9638 6354 236.438071 0.161391 0.108294 54280 
1225726226 36204 139990 7.733400 229 9636 6388 236.737930 0.161218 0.108673 54419 
1225812626 36328 140483 7.734144 229 9649 6413 237.006056 0.161296 0.108842 54621 
1225899026 36446 140882 7.730999 230 9661 6460 237.103825 0.161447 0.108976 54769 
1225985426 36561 141356 7.732611 230 9674 6485 237.338366 0.161754 0.108711 54921 
1226071826 36700 141833 7.729319 230 9723 6512 237.437003 0.162032 0.108557 55084 
1226158226 36793 142252 7.732558 230 9730 6528 237.763270 0.162005 0.108483 55247 
1226244626 36865 142575 7.734979 230 9735 6548 238.051811 0.162031 0.108480 55380 
1226331026 36978 143133 7.741522 230 9718 6577 238.577641 0.162233 0.108668 55599 
1226417426 37120 143731 7.744127 230 9760 6591 239.075862 0.162167 0.108399 55839 
1226503826 37265 144286 7.743781 230 9783 6631 239.385053 0.162257 0.108203 56077 
1226590226 37431 144862 7.740215 230 9803 6679 239.411931 0.162743 0.108175 56276 
1226676626 37601 145461 7.737081 231 9848 6699 239.569373 0.163100 0.108207 56512 
1226763026 37707 145933 7.740367 231 9860 6702 239.909195 0.163222 0.108108 56692 
1226849426 37792 146339 7.744443 232 9865 6712 240.367115 0.163251 0.108269 56875 
1226935826 37912 146808 7.744672 232 9887 6730 240.561511 0.163356 0.108376 57056 
1227022226 38063 147392 7.744634 233 9927 6746 240.852744 0.163235 0.108394 57283 
1227108626 38192 147926 7.746439 233 9955 6742 241.098083 0.163830 0.108318 57496 
1227195026 38332 148473 7.746687 233 9964 6787 241.344673 0.163966 0.108358 57703 
1227281426 38481 149030 7.745641 233 10009 6798 241.532081 0.164182 0.108417 57899 
1227367826 38596 149436 7.743600 233 10029 6830 241.686444 0.164182 0.108501 58060 
1227454226 38683 149804 7.745211 233 10013 6866 241.879740 0.164090 0.108856 58207 
1227540626 38809 150288 7.745008 233 10036 6899 242.141410 0.164363 0.108736 58388 
1227627026 38960 150833 7.742967 233 10083 6908 242.301848 0.164383 0.108451 58575 
1227713426 39069 151351 7.747882 235 10086 6935 242.769101 0.164228 0.108682 58787 
1227799826 39180 151780 7.747831 236 10104 6954 242.967892 0.164035 0.108652 58946 
1227886226 39285 152168 7.746875 236 10140 6957 243.065038 0.164289 0.108099 59090 
1227972626 39380 152549 7.747537 236 10166 6972 243.268969 0.164496 0.107851 59224 
1228059026 39497 152969 7.745854 236 10179 7024 243.358179 0.164551 0.108023 59388 
1228145426 39605 153443 7.748668 236 10186 7050 243.693625 0.164730 0.108400 59570 
1228231826 39742 154005 7.750239 236 10221 7057 244.022747 0.164604 0.108442 59786 
1228318226 39882 154594 7.752570 237 10227 7101 244.363522 0.164753 0.108603 59993 
1228404626 40023 155238 7.757439 237 10221 7134 244.798091 0.164739 0.108894 60233 
1228491026 40193 155885 7.756823 237 10244 7190 245.042719 0.164688 0.109348 60467 
1228577426 40294 156382 7.762049 237 10239 7206 245.516156 0.164866 0.109063 60689 
1228663826 40387 156818 7.765766 238 10237 7220 245.876099 0.164783 0.109000 60860 
1228750226 40517 157355 7.767357 238 10254 7266 246.214429 0.164677 0.108935 61066 
1228836626 40676 158042 7.770774 238 10242 7319 246.627102 0.164931 0.109140 61344 
1228923026 40811 158583 7.771581 239 10279 7327 246.910000 0.164928 0.109080 61553 
1229009426 40947 159151 7.773512 239 10306 7340 247.290156 0.165065 0.109047 61766 
1229095826 41096 159777 7.775793 240 10345 7349 247.640452 0.165141 0.108924 61987 
1229182226 41215 160212 7.774451 240 10377 7356 247.683562 0.165554 0.108667 62154 
1229268626 41323 160617 7.773734 240 10406 7357 247.795852 0.165689 0.108339 62287 
1229355026 41447 161131 7.775279 240 10432 7364 248.090139 0.165559 0.108471 62483 
1229441426 41614 161783 7.775412 240 10462 7410 248.449656 0.165543 0.108400 62716 
1229527826 41773 162459 7.778182 242 10458 7461 248.787542 0.165899 0.108429 62964 
1229614226 41929 163074 7.778578 243 10498 7488 249.142932 0.165979 0.108207 63193 
1229700626 42083 163661 7.778010 244 10518 7525 249.397619 0.165932 0.108311 63415 
1229787026 42198 164195 7.782122 244 10523 7545 249.814731 0.166110 0.108116 63627 
1229873426 42297 164669 7.786321 244 10542 7552 250.237511 0.166115 0.108016 63830 
1229959826 42434 165331 7.792383 245 10523 7614 250.815290 0.166243 0.108268 64096 
1230046226 42571 165986 7.798079 245 10519 7637 251.313711 0.166235 0.108680 64361 
1230132626 42698 166555 7.801536 245 10535 7639 251.643309 0.166328 0.108518 64552 
1230219026 42801 167020 7.804491 249 10559 7656 252.057802 0.166126 0.108388 64740 
1230305426 42903 167401 7.803697 249 10587 7674 252.140037 0.166083 0.108501 64889 
1230391826 43027 167861 7.802589 249 10617 7688 252.323611 0.166037 0.108393 65055 
1230478226 43133 168335 7.805393 251 10620 7706 252.688243 0.165866 0.108361 65250 
1230564626 43285 168936 7.805753 251 10644 7744 252.896015 0.166071 0.108457 65493 
1230651026 43476 169634 7.803570 251 10695 7761 253.119422 0.166025 0.108264 65764 
1230737426 43664 170318 7.801301 251 10732 7815 253.245786 0.166288 0.108144 65997 
1230823826 43814 170851 7.798923 252 10776 7843 253.322226 0.166614 0.107993 66198 
1230910226 43962 171459 7.800328 253 10806 7853 253.679723 0.166555 0.108040 66439 
1230996626 44108 172017 7.799810 253 10852 7871 253.866600 0.166793 0.107913 66646 
1231083026 44201 172561 7.808013 253 10828 7900 254.426054 0.166850 0.108131 66872 
1231169426 44338 173171 7.811403 253 10841 7936 254.904642 0.166568 0.108186 67137 
1231255826 44466 173926 7.822876 254 10810 7984 255.753430 0.166638 0.108172 67453 
1231342226 44578 174686 7.837319 254 10782 7989 256.680605 0.166859 0.108295 67797 
1231428626 44680 175398 7.851298 255 10750 8017 257.606177 0.166622 0.108347 68125 
1231515026 44781 176084 7.864228 255 10727 8018 258.460418 0.166360 0.108368 68387 
1231601426 44857 176673 7.877165 255 10693 8025 259.200571 0.166203 0.108374 68619 
1231687826 44937 177177 7.885573 255 10699 8007 259.804526 0.166018 0.108302 68838 
1231774226 45025 177774 7.896680 256 10675 8019 260.523220 0.165755 0.108517 69092 
1231860626 45130 178466 7.908974 256 10660 8020 261.350853 0.165783 0.108426 69380 
1231947026 45227 179157 7.922568 257 10623 8030 262.284034 0.165416 0.108574 69689 
1232033426 45335 179798 7.931973 257 10607 8049 263.000596 0.165395 0.108756 69971 
1232119826 45416 180433 7.945790 257 10572 8061 263.846618 0.165740 0.109032 70263 
1232206226 45501 181010 7.956309 257 10555 8055 264.484868 0.165952 0.108996 70495 
1232292626 45573 181549 7.967393 257 10528 8072 265.232133 0.165773 0.109380 70730 
1232379026 45633 182078 7.980102 257 10492 8085 265.976201 0.165762 0.109698 70983 
1232465426 45711 182714 7.994312 257 10453 8096 266.881757 0.165554 0.109907 71255 
1232551826 45792 183272 8.004542 257 10438 8083 267.539963 0.165816 0.109907 71503 
1232638226 45812 183401 8.006679 257 10437 8084 267.679473 0.165814 0.109801 71545 
