1165073426 0 0 0.000000 0 0 0 0.000000 0.000000 0.000000 0 
1165159826 7999 18411 4.603325 46 2056 1318 42.167521 0.207817 0.091076 4161 
1165246226 8025 18512 4.613583 46 2050 1335 42.364611 0.207271 0.091724 4196 
1165332626 8056 18639 4.627358 46 2049 1341 42.631827 0.206330 0.092433 4236 
1165419026 8089 18782 4.643837 46 2043 1345 42.925702 0.206160 0.094052 4288 
1165505426 8111 18892 4.658365 46 2034 1356 43.182592 0.206168 0.094711 4325 
1165591826 8142 18998 4.666667 46 2046 1356 43.373618 0.206987 0.094953 4363 
1165678226 8160 19096 4.680392 46 2040 1354 43.640441 0.206768 0.095814 4408 
1165764626 8180 19167 4.686308 46 2040 1363 43.761858 0.207133 0.096356 4423 
1165851026 8209 19263 4.693142 46 2047 1370 43.929833 0.206598 0.096683 4450 
1165937426 8236 19381 4.706411 46 2038 1389 44.190141 0.206340 0.097888 4489 
1166023826 8277 19493 4.710161 46 2051 1400 44.313882 0.206103 0.098095 4525 
1166110226 8304 19624 4.726397 46 2051 1394 44.616811 0.206108 0.099203 4577 
1166196626 8330 19736 4.738535 46 2060 1384 44.838175 0.205996 0.099506 4621 
1166283026 8346 19826 4.751018 46 2054 1392 45.049125 0.205567 0.099879 4655 
1166369426 8358 19915 4.765494 46 2045 1398 45.301508 0.205307 0.101486 4704 
1166455826 8382 20012 4.774994 46 2050 1394 45.495109 0.205424 0.102603 4741 
1166542226 8405 20121 4.787864 46 2049 1399 45.754908 0.205057 0.103633 4784 
1166628626 8427 20223 4.799573 46 2046 1405 45.984099 0.203926 0.104490 4826 
1166715026 8455 20365 4.817268 46 2038 1412 46.306328 0.203569 0.105813 4892 
1166801426 8481 20480 4.829619 46 2041 1406 46.555123 0.201303 0.106341 4931 
1166887826 8504 20568 4.837253 46 2048 1409 46.713782 0.202265 0.106183 4965 
1166974226 8516 20633 4.845702 46 2049 1409 46.880460 0.202130 0.106519 4998 
1167060626 8534 20737 4.859855 46 2048 1411 47.146707 0.201549 0.106900 5039 
1167147026 8552 20848 4.875585 46 2038 1410 47.437558 0.202091 0.107742 5086 
1167233426 8566 20912 4.882559 46 2033 1420 47.598879 0.201427 0.108923 5113 
1167319826 8594 21025 4.892949 47 2041 1414 47.838957 0.202789 0.109149 5155 
1167406226 8618 21122 4.901833 47 2044 1417 48.034347 0.201914 0.109572 5196 
1167492626 8635 21217 4.914186 47 2038 1424 48.277707 0.201732 0.109990 5241 
1167579026 8650 21288 4.922081 47 2038 1423 48.415029 0.201961 0.110125 5267 
1167665426 8671 21376 4.930458 47 2040 1425 48.599239 0.201105 0.111043 5311 
1167751826 8689 21484 4.945103 47 2033 1425 48.826102 0.201482 0.111806 5352 
1167838226 8726 21580 4.946138 47 2051 1429 48.942700 0.201142 0.111235 5379 
1167924626 8743 21658 4.954363 47 2049 1429 49.089100 0.200744 0.111655 5406 
1168011026 8769 21769 4.964990 47 2053 1433 49.282928 0.201241 0.111551 5439 
1168097426 8791 21842 4.969173 47 2056 1436 49.396201 0.201380 0.111600 5466 
1168183826 8813 21934 4.977647 47 2057 1437 49.562238 0.201372 0.112370 5502 
1168270226 8844 22043 4.984848 47 2060 1440 49.706920 0.201453 0.113090 5535 
1168356626 8864 22147 4.997067 47 2063 1439 49.972247 0.200867 0.113132 5575 
1168443026 8892 22265 5.007872 47 2057 1452 50.197706 0.200741 0.113366 5612 
1168529426 8920 22366 5.014798 47 2061 1462 50.364574 0.200509 0.113325 5654 
1168615826 8941 22469 5.026060 47 2057 1468 50.557432 0.199345 0.114427 5694 
1168702226 8960 22544 5.032143 47 2061 1468 50.688393 0.198672 0.114358 5717 
1168788626 8980 22625 5.038976 47 2068 1466 50.847884 0.199452 0.114159 5744 
1168875026 9004 22707 5.043758 47 2077 1469 50.962461 0.199299 0.114088 5769 
1168961426 9031 22830 5.055919 47 2068 1485 51.206289 0.199479 0.114890 5814 
1169047826 9068 22940 5.059550 47 2078 1495 51.309440 0.199550 0.114657 5844 
1169134226 9088 23064 5.075704 47 2077 1490 51.646347 0.198348 0.114352 5885 
1169220626 9114 23175 5.085583 47 2072 1500 51.880843 0.196862 0.115098 5930 
1169307026 9139 23270 5.092461 47 2080 1495 52.048583 0.196708 0.114952 5961 
1169393426 9154 23364 5.104654 47 2067 1508 52.261962 0.196382 0.115938 6000 
1169479826 9178 23465 5.113314 47 2069 1505 52.442362 0.197061 0.115894 6040 
1169566226 9208 23573 5.120113 47 2076 1511 52.569070 0.196878 0.115577 6068 
1169652626 9234 23696 5.132337 47 2069 1521 52.781027 0.197574 0.116593 6121 
1169739026 9263 23832 5.145633 47 2072 1524 53.069416 0.197247 0.117451 6183 
1169825426 9290 23938 5.153498 47 2076 1527 53.272551 0.196224 0.117322 6218 
1169911826 9312 24024 5.159794 47 2081 1530 53.420533 0.195984 0.117762 6256 
1169998226 9331 24121 5.170078 47 2073 1539 53.628979 0.195226 0.118734 6299 
1170084626 9356 24241 5.181915 47 2070 1545 53.877084 0.194788 0.119419 6349 
1170171026 9380 24374 5.197015 48 2057 1555 54.166525 0.194217 0.119789 6401 
1170257426 9416 24523 5.208794 48 2061 1559 54.451147 0.193637 0.119841 6449 
1170343826 9437 24670 5.228356 48 2046 1568 54.853237 0.192818 0.120649 6509 
1170430226 9465 24817 5.243951 48 2052 1556 55.221976 0.192423 0.121029 6570 
1170516626 9492 24945 5.256005 48 2045 1565 55.479772 0.191769 0.122202 6618 
1170603026 9511 25053 5.268216 48 2040 1568 55.683945 0.192032 0.122814 6657 
1170689426 9535 25175 5.280545 48 2042 1566 55.942737 0.190291 0.122980 6694 
1170775826 9561 25284 5.288987 48 2051 1561 56.131158 0.189742 0.123554 6734 
1170862226 9597 25411 5.295613 49 2057 1576 56.335938 0.189326 0.123968 6776 
1170948626 9620 25549 5.311642 49 2045 1592 56.636175 0.189403 0.124416 6833 
1171035026 9648 25688 5.325041 49 2036 1609 56.925373 0.189533 0.125188 6892 
1171121426 9679 25801 5.331336 49 2044 1607 57.121190 0.189630 0.125199 6933 
1171207826 9704 25902 5.338417 49 2042 1610 57.269992 0.189504 0.125618 6968 
1171294226 9725 26036 5.354447 49 2035 1612 57.577172 0.190116 0.126292 7020 
1171380626 9752 26188 5.370796 49 2020 1630 57.904635 0.189775 0.126667 7073 
1171467026 9793 26329 5.377106 49 2033 1626 58.070867 0.189876 0.127018 7117 
1171553426 9827 26507 5.394729 49 2022 1646 58.470947 0.189666 0.128208 7197 
1171639826 9854 26606 5.400041 49 2035 1641 58.620459 0.188863 0.127657 7224 
1171726226 9869 26684 5.407640 49 2037 1633 58.782653 0.188608 0.127345 7250 
1171812626 9881 26745 5.413420 49 2040 1633 58.902945 0.188304 0.127159 7269 
1171899026 9892 26805 5.419531 49 2038 1637 59.037202 0.188185 0.127437 7288 
1171985426 9908 26886 5.427130 49 2036 1637 59.198829 0.188894 0.128031 7332 
1172071826 9923 26971 5.436058 50 2030 1646 59.427996 0.187262 0.128909 7375 
1172158226 9952 27105 5.447146 51 2024 1663 59.698754 0.187452 0.129378 7430 
1172244626 9973 27246 5.463953 51 2023 1662 60.058558 0.187084 0.129652 7500 
1172331026 9994 27359 5.475085 51 2026 1656 60.253152 0.187205 0.129471 7537 
1172417426 10016 27464 5.484026 51 2026 1659 60.457668 0.186746 0.129430 7574 
1172503826 10039 27591 5.496763 51 2021 1668 60.722980 0.186685 0.130353 7623 
1172590226 10075 27782 5.515037 52 2015 1677 61.119007 0.186446 0.131474 7702 
1172676626 10105 27941 5.530134 52 2012 1678 61.472538 0.185732 0.131151 7749 
1172763026 10128 28103 5.549566 52 2003 1675 61.873618 0.185956 0.131245 7805 
1172849426 10160 28264 5.563780 52 2004 1667 62.195079 0.185345 0.130966 7872 
1172935826 10174 28341 5.571260 52 2006 1667 62.378612 0.185095 0.130937 7901 
1173022226 10197 28436 5.577327 52 2014 1664 62.548593 0.184610 0.131192 7939 
1173108626 10222 28555 5.586969 52 2013 1669 62.790648 0.184231 0.131917 7988 
1173195026 10254 28742 5.606007 52 2002 1671 63.194071 0.185057 0.131934 8058 
1173281426 10283 28925 5.625790 52 1998 1672 63.616843 0.184388 0.131873 8126 
1173367826 10310 29091 5.643259 52 1996 1671 64.028904 0.182304 0.132172 8197 
1173454226 10335 29232 5.656894 52 1987 1675 64.297242 0.182535 0.132757 8258 
1173540626 10358 29342 5.665573 52 1983 1680 64.463024 0.182284 0.132881 8300 
1173627026 10369 29408 5.672292 52 1977 1688 64.608738 0.182209 0.133455 8333 
1173713426 10384 29511 5.683937 52 1969 1699 64.864792 0.181485 0.134404 8377 
1173799826 10419 29666 5.694596 52 1982 1690 65.124292 0.181363 0.133889 8429 
1173886226 10451 29824 5.707396 52 1982 1694 65.439097 0.180383 0.133409 8485 
1173972626 10473 29987 5.726535 52 1978 1683 65.903180 0.179018 0.133293 8555 
1174059026 10502 30108 5.733765 52 1985 1676 66.117692 0.178764 0.133522 8607 
1174145426 10521 30227 5.746032 53 1976 1684 66.353198 0.178886 0.133865 8650 
1174231826 10539 30330 5.755764 53 1972 1691 66.593984 0.178648 0.134314 8694 
1174318226 10557 30455 5.769632 53 1964 1694 66.908970 0.177818 0.135180 8751 
1174404626 10590 30603 5.779603 53 1965 1695 67.163739 0.177560 0.135098 8806 
1174491026 10621 30752 5.790792 53 1968 1694 67.482535 0.177313 0.135434 8864 
1174577426 10646 30903 5.805561 53 1963 1699 67.803682 0.177540 0.135539 8925 
1174663826 10668 31042 5.819648 53 1955 1695 68.094863 0.177514 0.135885 8978 
1174750226 10689 31142 5.826925 54 1956 1698 68.271307 0.177127 0.136257 9021 
1174836626 10701 31218 5.834595 54 1959 1689 68.466125 0.177250 0.136794 9054 
1174923026 10734 31336 5.838644 54 1973 1688 68.648221 0.176576 0.136828 9099 
1175009426 10766 31474 5.846926 54 1981 1689 68.884080 0.176625 0.136705 9150 
1175095826 10790 31615 5.860056 54 1976 1685 69.170714 0.177193 0.136945 9213 
1175182226 10819 31758 5.870783 54 1981 1682 69.471300 0.178047 0.136968 9275 
1175268626 10847 31866 5.875542 54 1994 1675 69.629022 0.177919 0.136768 9319 
1175355026 10867 31972 5.884237 54 1989 1683 69.819269 0.177832 0.136887 9356 
1175441426 10875 32040 5.892414 54 1985 1689 70.013057 0.177920 0.136976 9385 
1175527826 10893 32151 5.903057 54 1979 1689 70.266593 0.178480 0.137048 9444 
1175614226 10911 32279 5.916781 54 1967 1699 70.588764 0.177556 0.137519 9492 
1175700626 10933 32409 5.928656 54 1962 1708 70.872222 0.178228 0.137787 9552 
1175787026 10952 32529 5.940285 55 1963 1710 71.199233 0.177585 0.138198 9602 
1175873426 10982 32628 5.942087 55 1977 1707 71.291568 0.177731 0.137763 9632 
1175959826 11001 32724 5.949277 55 1980 1701 71.465867 0.177364 0.137506 9663 
1176046226 11025 32821 5.953923 55 1982 1701 71.608345 0.176818 0.137566 9691 
1176132626 11041 32925 5.964134 55 1981 1695 71.817589 0.177094 0.138204 9731 
1176219026 11077 33099 5.976167 55 1990 1696 72.130902 0.177522 0.138655 9817 
1176305426 11109 33303 5.995679 55 1987 1697 72.598794 0.176579 0.138571 9891 
1176391826 11129 33419 6.005751 55 1985 1699 72.857220 0.176040 0.138330 9929 
1176478226 11153 33541 6.014705 55 1984 1707 73.104456 0.176181 0.138957 9985 
1176564626 11167 33640 6.024895 55 1980 1709 73.396973 0.175792 0.139009 10029 
1176651026 11185 33729 6.031113 55 1982 1704 73.571927 0.175016 0.139214 10058 
1176737426 11201 33845 6.043210 55 1973 1708 73.849478 0.174680 0.139398 10100 
1176823826 11227 34024 6.061103 55 1974 1703 74.324753 0.173894 0.139348 10179 
1176910226 11260 34209 6.076199 55 1972 1710 74.724689 0.173520 0.139240 10243 
1176996626 11285 34355 6.088613 56 1967 1718 75.061232 0.172783 0.138958 10314 
1177083026 11321 34518 6.098048 56 1969 1728 75.334511 0.173149 0.138563 10365 
1177169426 11346 34614 6.101534 56 1976 1728 75.495681 0.172830 0.138676 10401 
1177255826 11361 34695 6.107737 57 1984 1724 75.693689 0.172879 0.138176 10434 
1177342226 11378 34816 6.119880 57 1986 1720 75.975215 0.172279 0.138128 10477 
1177428626 11401 34973 6.135076 57 1980 1719 76.347338 0.172025 0.138745 10530 
1177515026 11428 35123 6.146832 57 1981 1720 76.657508 0.171577 0.138390 10582 
1177601426 11457 35284 6.159379 57 1981 1720 76.954875 0.171211 0.138550 10649 
1177687826 11495 35431 6.164593 57 1995 1719 77.128839 0.171830 0.138757 10708 
1177774226 11517 35537 6.171225 57 1992 1731 77.322393 0.170844 0.138523 10740 
1177860626 11532 35629 6.179154 57 1986 1736 77.506243 0.170297 0.138676 10773 
1177947026 11559 35770 6.189117 57 1995 1724 77.751017 0.170954 0.138750 10828 
1178033426 11596 35936 6.197999 57 2004 1724 78.061228 0.170783 0.138991 10893 
1178119826 11623 36074 6.207348 57 2003 1734 78.330207 0.170841 0.138922 10933 
1178206226 11642 36228 6.223673 57 1994 1740 78.719979 0.171142 0.139597 11000 
1178292626 11665 36357 6.233519 57 1990 1747 78.977111 0.170845 0.140193 11047 
1178379026 11685 36494 6.246299 57 1988 1743 79.282499 0.170736 0.140573 11098 
1178465426 11709 36590 6.249893 57 2002 1743 79.422837 0.170442 0.140163 11130 
1178551826 11728 36727 6.263131 57 1992 1747 79.740109 0.169584 0.140587 11194 
1178638226 11750 36913 6.283064 57 1983 1750 80.208000 0.169899 0.141034 11274 
1178724626 11782 37043 6.288067 57 1989 1757 80.388050 0.169974 0.141211 11323 
1178811026 11805 37185 6.299873 58 1992 1752 80.668700 0.170414 0.140706 11373 
1178897426 11835 37331 6.308576 58 1993 1764 80.931981 0.170368 0.140682 11429 
1178983826 11854 37413 6.312300 58 1998 1767 81.077105 0.170054 0.140337 11451 
1179070226 11875 37518 6.318821 58 2003 1765 81.233011 0.170041 0.140067 11492 
1179156626 11901 37666 6.329888 58 2008 1768 81.611629 0.170606 0.140034 11566 
1179243026 11930 37831 6.342163 58 2013 1764 81.900587 0.170159 0.140043 11624 
1179329426 11959 37968 6.349695 58 2015 1765 82.141818 0.170624 0.139854 11679 
1179415826 11986 38104 6.358084 58 2024 1765 82.405306 0.170609 0.140097 11725 
1179502226 12016 38262 6.368509 58 2032 1764 82.694241 0.170525 0.140222 11795 
1179588626 12030 38382 6.381047 58 2025 1757 82.966584 0.170524 0.140875 11849 
1179675026 12044 38464 6.387247 58 2025 1757 83.106277 0.170640 0.141295 11878 
1179761426 12062 38591 6.398773 58 2027 1750 83.401094 0.170004 0.141175 11932 
1179847826 12083 38723 6.409501 58 2031 1745 83.680543 0.169501 0.141149 11991 
1179934226 12104 38863 6.421514 58 2028 1738 83.994878 0.168967 0.140996 12045 
1180020626 12147 39071 6.433029 58 2044 1734 84.375072 0.169269 0.141277 12139 
1180107026 12173 39229 6.445248 59 2049 1730 84.657521 0.169372 0.140506 12184 
1180193426 12191 39339 6.453777 59 2051 1734 84.915101 0.169010 0.140666 12233 
1180279826 12207 39432 6.460555 59 2052 1731 85.105431 0.168897 0.140588 12274 
1180366226 12238 39562 6.465436 59 2065 1728 85.311489 0.169060 0.140449 12327 
1180452626 12259 39709 6.478342 59 2065 1720 85.681540 0.168064 0.140548 12395 
1180539026 12288 39889 6.492350 59 2058 1731 86.048665 0.167888 0.141273 12468 
1180625426 12309 40065 6.509871 59 2050 1727 86.472500 0.168361 0.141373 12539 
1180711826 12337 40213 6.519089 59 2054 1737 86.750426 0.168069 0.141295 12592 
1180798226 12353 40334 6.530236 59 2049 1740 87.024690 0.168241 0.141355 12638 
1180884626 12372 40421 6.534271 60 2055 1740 87.196896 0.167735 0.141314 12663 
1180971026 12392 40526 6.540671 60 2060 1733 87.342640 0.167567 0.141313 12701 
1181057426 12433 40669 6.542106 60 2083 1728 87.541221 0.167042 0.141350 12748 
1181143826 12462 40797 6.547424 60 2099 1710 87.718665 0.167232 0.140937 12791 
1181230226 12497 40938 6.551652 60 2109 1719 87.925102 0.166381 0.140376 12839 
1181316626 12524 41082 6.560524 61 2114 1718 88.194347 0.165912 0.140165 12890 
1181403026 12550 41174 6.561594 61 2129 1712 88.304223 0.165747 0.139890 12919 
1181489426 12576 41283 6.565363 62 2132 1726 88.464377 0.165764 0.139921 12961 
1181575826 12596 41414 6.575738 62 2126 1735 88.763099 0.165423 0.140204 13015 
1181662226 12633 41593 6.584818 62 2135 1738 89.040133 0.165983 0.140188 13087 
1181748626 12668 41751 6.591569 62 2143 1742 89.245500 0.165967 0.140222 13150 
1181835026 12706 41925 6.599244 63 2152 1751 89.511727 0.165987 0.140467 13205 
1181921426 12732 42090 6.611687 64 2144 1755 89.888156 0.164938 0.141022 13271 
1182007826 12749 42213 6.622166 64 2145 1754 90.180249 0.164419 0.140780 13311 
1182094226 12777 42342 6.627847 64 2146 1755 90.362996 0.164507 0.140474 13343 
1182180626 12799 42489 6.639425 65 2140 1763 90.686616 0.164266 0.140629 13403 
1182267026 12824 42639 6.649875 65 2138 1768 90.942608 0.164052 0.140434 13457 
1182353426 12851 42791 6.659560 65 2145 1766 91.223718 0.163994 0.140055 13514 
1182439826 12877 42927 6.667236 65 2157 1761 91.477363 0.163579 0.140050 13570 
1182526226 12919 43108 6.673582 66 2168 1771 91.787135 0.163213 0.139847 13640 
1182612626 12937 43253 6.686713 66 2168 1757 92.112082 0.162725 0.139725 13681 
1182699026 12961 43364 6.691459 66 2172 1765 92.327907 0.162777 0.139309 13726 
1182785426 12999 43514 6.694977 66 2188 1766 92.505423 0.162857 0.138727 13778 
1182871826 13040 43689 6.700767 66 2209 1764 92.807822 0.162597 0.138543 13842 
1182958226 13069 43833 6.707935 66 2218 1765 93.056699 0.162402 0.138302 13894 
1183044626 13106 43981 6.711582 66 2233 1765 93.234091 0.162683 0.138085 13953 
1183131026 13133 44113 6.717886 66 2240 1758 93.445671 0.163030 0.137951 14001 
1183217426 13159 44248 6.725131 66 2240 1771 93.645110 0.163128 0.138018 14053 
1183303826 13173 44345 6.732711 66 2240 1773 93.828133 0.163023 0.138008 14092 
1183390226 13209 44494 6.736922 66 2252 1779 94.035885 0.163039 0.137832 14153 
1183476626 13240 44688 6.750453 67 2249 1782 94.419184 0.163125 0.137715 14224 
1183563026 13278 44832 6.752824 67 2257 1792 94.548727 0.163207 0.137636 14270 
1183649426 13306 44953 6.756801 67 2263 1793 94.695776 0.163021 0.137596 14310 
1183735826 13335 45142 6.770454 68 2251 1814 95.090214 0.162503 0.137696 14378 
1183822226 13352 45270 6.781007 68 2246 1816 95.396645 0.162613 0.138099 14435 
1183908626 13379 45409 6.788101 68 2250 1820 95.626728 0.162194 0.137850 14478 
1183995026 13414 45560 6.792903 68 2262 1824 95.835843 0.162163 0.138098 14534 
1184081426 13456 45733 6.797414 68 2270 1826 96.016498 0.162022 0.137360 14590 
1184167826 13484 45898 6.807772 68 2273 1823 96.326906 0.162506 0.137226 14662 
1184254226 13512 46059 6.817496 68 2283 1819 96.626850 0.162334 0.136926 14724 
1184340626 13536 46224 6.829787 68 2288 1803 96.970745 0.162247 0.136759 14786 
1184427026 13560 46374 6.839823 68 2287 1807 97.234366 0.162080 0.136948 14839 
1184513426 13575 46477 6.847440 68 2283 1813 97.436169 0.161925 0.136981 14883 
1184599826 13603 46673 6.862163 68 2281 1816 97.912960 0.161958 0.137126 14957 
1184686226 13644 46866 6.869833 68 2284 1823 98.131633 0.162032 0.137189 15027 
1184772626 13682 47029 6.874580 68 2304 1821 98.347318 0.161404 0.137091 15080 
1184859026 13721 47216 6.882297 68 2308 1825 98.589024 0.160984 0.137104 15135 
1184945426 13755 47394 6.891167 68 2315 1825 98.883461 0.161386 0.137243 15203 
1185031826 13789 47537 6.894916 68 2328 1818 99.068388 0.161049 0.137075 15255 
1185118226 13818 47654 6.897380 68 2337 1814 99.159357 0.161224 0.136922 15296 
1185204626 13845 47778 6.901842 68 2346 1818 99.327844 0.161404 0.136877 15349 
1185291026 13874 47922 6.908174 69 2353 1823 99.536543 0.161634 0.137067 15408 
1185377426 13907 48081 6.914647 69 2365 1824 99.810599 0.161751 0.137427 15468 
1185463826 13939 48245 6.922304 69 2369 1826 100.099720 0.161626 0.137771 15529 
1185550226 13973 48390 6.926215 69 2383 1829 100.278251 0.161480 0.137592 15580 
1185636626 13998 48535 6.934562 69 2389 1829 100.536505 0.161144 0.137306 15636 
1185723026 14022 48637 6.937241 69 2403 1827 100.635430 0.161499 0.137184 15677 
1185809426 14057 48797 6.942733 69 2412 1834 100.855375 0.161625 0.136765 15724 
1185895826 14091 48975 6.951245 69 2421 1837 101.167838 0.161667 0.136551 15792 
1185982226 14119 49142 6.961116 69 2422 1844 101.477725 0.161934 0.136184 15851 
1186068626 14156 49324 6.968635 69 2432 1847 101.796835 0.161922 0.135861 15907 
1186155026 14198 49500 6.972813 69 2442 1857 102.010987 0.161678 0.135378 15971 
1186241426 14223 49623 6.977853 69 2452 1853 102.177318 0.161575 0.134993 16015 
1186327826 14241 49755 6.987571 69 2447 1858 102.445334 0.161575 0.135153 16078 
1186414226 14281 49933 6.992928 69 2455 1861 102.706533 0.161377 0.135031 16143 
1186500626 14318 50145 7.004470 69 2457 1874 103.070960 0.161776 0.134771 16227 
1186587026 14351 50361 7.018466 69 2455 1879 103.500105 0.161438 0.134733 16311 
1186673426 14387 50583 7.031765 69 2455 1874 103.908529 0.161402 0.134626 16390 
1186759826 14417 50743 7.039329 69 2457 1883 104.169800 0.161686 0.134699 16453 
1186846226 14447 50869 7.042154 69 2469 1885 104.341386 0.161266 0.134534 16506 
1186932626 14467 50986 7.048593 70 2476 1882 104.545794 0.161822 0.134379 16551 
1187019026 14485 51118 7.058060 70 2478 1882 104.852192 0.161389 0.134611 16611 
1187105426 14518 51274 7.063507 71 2478 1897 105.066400 0.161473 0.134670 16672 
1187191826 14547 51447 7.073211 71 2479 1900 105.393002 0.161583 0.134939 16752 
1187278226 14584 51609 7.077482 71 2487 1898 105.583379 0.161723 0.134804 16801 
1187364626 14611 51770 7.086442 72 2500 1896 105.937718 0.161314 0.134650 16884 
1187451026 14630 51916 7.097198 72 2488 1903 106.204785 0.161432 0.134898 16955 
1187537426 14654 52067 7.106183 72 2490 1904 106.482735 0.161371 0.134732 17021 
1187623826 14678 52217 7.115002 72 2486 1913 106.721079 0.161481 0.134977 17085 
1187710226 14708 52399 7.125238 72 2489 1911 107.079141 0.160932 0.134544 17155 
1187796626 14747 52547 7.126466 72 2514 1900 107.247033 0.160852 0.134169 17201 
1187883026 14779 52704 7.132282 72 2519 1905 107.455308 0.160852 0.133885 17266 
1187969426 14823 52875 7.134183 72 2541 1904 107.615058 0.160945 0.133625 17329 
1188055826 14845 53013 7.142203 72 2544 1894 107.881846 0.160830 0.133693 17396 
1188142226 14864 53140 7.150161 72 2551 1890 108.155005 0.160420 0.133722 17452 
1188228626 14892 53329 7.162100 72 2549 1899 108.552377 0.159838 0.134072 17526 
1188315026 14928 53507 7.168676 72 2557 1901 108.801849 0.160071 0.134077 17595 
1188401426 14959 53692 7.178555 72 2550 1913 109.133498 0.159556 0.134435 17685 
1188487826 14984 53863 7.189402 72 2551 1907 109.480913 0.159244 0.134164 17749 
1188574226 15012 54025 7.197575 72 2557 1912 109.792966 0.159065 0.133916 17816 
1188660626 15036 54149 7.202580 72 2557 1920 109.954908 0.159217 0.134047 17861 
1188747026 15055 54253 7.207307 72 2563 1925 110.113318 0.159112 0.134030 17910 
1188833426 15086 54392 7.210924 72 2570 1926 110.279067 0.159740 0.133712 17966 
1188919826 15110 54528 7.217472 73 2572 1937 110.536069 0.159617 0.133791 18019 
1189006226 15141 54711 7.226867 73 2574 1939 110.818836 0.159628 0.133843 18095 
1189092626 15179 54930 7.237631 73 2572 1945 111.145266 0.159830 0.133458 18179 
1189179026 15211 55085 7.242785 74 2577 1950 111.355598 0.159883 0.133220 18236 
1189265426 15243 55213 7.244374 74 2589 1955 111.489339 0.159873 0.133011 18271 
1189351826 15264 55345 7.251703 74 2580 1971 111.707809 0.160127 0.133360 18321 
1189438226 15319 55541 7.251257 76 2613 1968 111.926366 0.160102 0.133007 18391 
1189524626 15345 55704 7.260215 76 2617 1962 112.235125 0.160269 0.132944 18451 
1189611026 15384 55873 7.263781 76 2635 1966 112.477509 0.159734 0.132969 18521 
1189697426 15423 56027 7.265383 76 2650 1969 112.591584 0.159427 0.133150 18586 
1189783826 15449 56169 7.271539 76 2648 1985 112.808596 0.159516 0.133075 18637 
1189870226 15479 56316 7.276439 76 2653 1993 113.026035 0.159640 0.133016 18692 
1189956626 15507 56451 7.280712 76 2659 1999 113.243825 0.159357 0.133085 18747 
1190043026 15544 56616 7.284611 77 2672 2002 113.481729 0.158884 0.132895 18803 
1190129426 15586 56808 7.289619 77 2669 2019 113.684460 0.159025 0.133440 18876 
1190215826 15623 57001 7.297062 77 2687 2010 114.042373 0.158449 0.132924 18939 
1190302226 15679 57222 7.299190 77 2705 2015 114.244276 0.158241 0.132889 19020 
1190388626 15725 57433 7.304674 77 2721 2018 114.499841 0.158454 0.132966 19098 
1190475026 15752 57578 7.310564 77 2724 2016 114.694261 0.158459 0.132934 19150 
1190561426 15788 57698 7.309096 77 2741 2015 114.802255 0.158266 0.132689 19189 
1190647826 15832 57852 7.308236 77 2759 2023 114.925846 0.158259 0.132759 19241 
1190734226 15880 58033 7.308942 77 2777 2030 115.124559 0.157966 0.132725 19304 
1190820626 15928 58212 7.309392 77 2786 2047 115.237318 0.158137 0.133010 19364 
1190907026 15971 58423 7.316135 77 2787 2058 115.514119 0.158541 0.132796 19441 
1190993426 16017 58621 7.319848 77 2797 2065 115.728538 0.158373 0.132568 19516 
1191079826 16053 58741 7.318383 77 2811 2076 115.781349 0.158674 0.132811 19582 
1191166226 16090 58864 7.316843 78 2825 2081 115.833934 0.158603 0.132620 19620 
1191252626 16145 59035 7.313100 78 2850 2095 115.906473 0.158354 0.132397 19670 
1191339026 16195 59260 7.318308 78 2871 2094 116.200062 0.158026 0.132428 19768 
1191425426 16234 59430 7.321671 78 2885 2092 116.419120 0.157838 0.132362 19841 
1191511826 16287 59631 7.322527 78 2899 2097 116.528028 0.157971 0.132026 19914 
1191598226 16329 59813 7.325984 78 2921 2076 116.750934 0.157342 0.131703 19984 
1191684626 16371 59960 7.325148 78 2944 2077 116.826584 0.157596 0.131304 20034 
1191771026 16400 60063 7.324756 78 2960 2075 116.877561 0.157607 0.130944 20069 
1191857426 16433 60248 7.332563 78 2952 2079 117.112639 0.157985 0.130716 20130 
1191943826 16484 60429 7.331837 78 2973 2087 117.195948 0.157948 0.130438 20188 
1192030226 16522 60590 7.334463 78 2985 2099 117.390268 0.157699 0.130397 20242 
1192116626 16568 60773 7.336190 78 3007 2100 117.558184 0.157672 0.130353 20314 
1192203026 16610 60946 7.338471 78 3020 2110 117.752077 0.157218 0.130078 20369 
1192289426 16646 61061 7.336417 78 3037 2117 117.813769 0.157273 0.129872 20416 
1192375826 16671 61172 7.338732 78 3047 2109 117.942295 0.156925 0.129667 20460 
1192462226 16700 61316 7.343234 78 3049 2110 118.108743 0.156925 0.129485 20511 
1192548626 16741 61527 7.350457 80 3057 2118 118.473209 0.156437 0.129051 20585 
1192635026 16783 61719 7.354943 80 3063 2122 118.665435 0.156669 0.128587 20649 
1192721426 16826 61905 7.358255 80 3083 2115 118.855818 0.156856 0.128332 20721 
1192807826 16880 62088 7.356398 81 3107 2122 118.966825 0.156397 0.128017 20776 
1192894226 16903 62201 7.359759 81 3099 2139 119.112939 0.156316 0.128051 20812 
1192980626 16922 62280 7.360832 81 3102 2149 119.188512 0.156435 0.128236 20844 
1193067026 16947 62408 7.365079 81 3105 2158 119.375583 0.156396 0.127939 20893 
1193153426 16978 62596 7.373778 82 3102 2166 119.695724 0.156207 0.127893 20962 
1193239826 17025 62797 7.377034 82 3110 2177 119.916711 0.156638 0.127777 21040 
1193326226 17062 62967 7.380964 82 3109 2194 120.102684 0.156459 0.127825 21093 
1193412626 17108 63144 7.381810 82 3122 2199 120.193126 0.156894 0.127648 21152 
1193499026 17125 63250 7.386861 84 3116 2207 120.352701 0.156623 0.127699 21188 
1193585426 17147 63330 7.386715 84 3122 2214 120.396571 0.156549 0.127729 21212 
1193671826 17173 63429 7.387061 84 3131 2224 120.491236 0.156662 0.127659 21241 
1193758226 17209 63607 7.392295 84 3133 2236 120.709512 0.156893 0.127880 21304 
1193844626 17245 63770 7.395767 84 3140 2237 120.891969 0.156743 0.127875 21366 
1193931026 17278 63896 7.396226 84 3157 2233 120.967126 0.156700 0.127734 21407 
1194017426 17313 64077 7.402183 84 3159 2230 121.177266 0.156858 0.127907 21482 
1194103826 17342 64196 7.403529 84 3170 2227 121.286818 0.156541 0.127958 21524 
1194190226 17364 64313 7.407625 84 3163 2242 121.417070 0.156643 0.128480 21562 
1194276626 17394 64451 7.410716 84 3167 2254 121.605151 0.156576 0.128694 21607 
1194363026 17439 64623 7.411319 84 3185 2262 121.793910 0.156465 0.128405 21668 
1194449426 17477 64791 7.414430 84 3189 2276 122.017051 0.156143 0.128447 21729 
1194535826 17510 64986 7.422730 84 3189 2286 122.352370 0.156209 0.128494 21809 
1194622226 17546 65153 7.426536 84 3198 2287 122.559330 0.156468 0.128596 21871 
1194708626 17580 65296 7.428441 84 3213 2281 122.680205 0.156299 0.128636 21922 
1194795026 17604 65402 7.430357 84 3220 2283 122.798000 0.156417 0.128481 21967 
1194881426 17639 65544 7.431714 84 3230 2294 122.899484 0.156392 0.128570 22018 
1194967826 17682 65749 7.436828 84 3237 2294 123.135279 0.156417 0.128473 22087 
1195054226 17728 65935 7.438515 84 3242 2301 123.250000 0.156735 0.127701 22145 
1195140626 17764 66095 7.441455 84 3258 2295 123.424567 0.156757 0.127481 22198 
1195227026 17800 66261 7.445056 84 3264 2307 123.593708 0.157300 0.127555 22258 
1195313426 17832 66377 7.444706 84 3276 2308 123.666442 0.157302 0.127557 22298 
1195399826 17851 66493 7.449779 84 3275 2315 123.832502 0.157667 0.127278 22348 
1195486226 17882 66631 7.452298 85 3280 2321 123.984118 0.157251 0.127353 22399 
1195572626 17918 66823 7.458757 85 3287 2319 124.222904 0.157265 0.127260 22465 
1195659026 17951 66969 7.461311 86 3297 2327 124.386274 0.157231 0.127029 22510 
1195745426 17968 67072 7.465717 86 3291 2339 124.565338 0.157075 0.127110 22551 
1195831826 17992 67176 7.467319 86 3297 2351 124.670187 0.156834 0.127283 22583 
1195918226 18013 67261 7.468051 86 3298 2355 124.708710 0.156992 0.127026 22612 
1196004626 18031 67373 7.473019 86 3292 2367 124.889246 0.156978 0.127105 22652 
1196091026 18058 67523 7.478458 86 3291 2376 125.093920 0.156658 0.126855 22708 
1196177426 18096 67710 7.483422 86 3298 2380 125.353780 0.156403 0.126413 22764 
1196263826 18137 67883 7.485582 87 3308 2377 125.506313 0.156196 0.126438 22819 
1196350226 18169 68041 7.489790 87 3307 2381 125.667566 0.156049 0.126604 22878 
1196436626 18200 68199 7.494396 87 3319 2381 125.865934 0.155928 0.126547 22935 
1196523026 18226 68308 7.495666 87 3327 2388 125.948864 0.155704 0.126614 22978 
1196609426 18245 68415 7.499589 87 3325 2390 126.101507 0.155425 0.126546 23021 
1196695826 18277 68541 7.500246 87 3333 2393 126.222028 0.155523 0.126319 23060 
1196782226 18298 68716 7.510766 87 3325 2399 126.539840 0.155642 0.126236 23125 
1196868626 18324 68885 7.518555 87 3320 2402 126.807902 0.155774 0.126391 23191 
1196955026 18354 69020 7.520976 87 3326 2401 126.938542 0.155768 0.126534 23238 
1197041426 18390 69188 7.524524 87 3337 2392 127.091572 0.155997 0.125768 23289 
1197127826 18416 69322 7.528454 87 3340 2396 127.243593 0.156025 0.125938 23341 
1197214226 18439 69436 7.531428 87 3346 2394 127.395303 0.155762 0.125829 23382 
1197300626 18466 69548 7.532546 87 3361 2390 127.522690 0.155408 0.126009 23429 
1197387026 18505 69702 7.533315 87 3371 2401 127.612753 0.155596 0.125740 23472 
1197473426 18536 69863 7.538088 87 3371 2413 127.783988 0.155466 0.125620 23522 
1197559826 18569 70011 7.540632 87 3369 2427 127.902095 0.155485 0.125991 23583 
1197646226 18605 70138 7.539694 87 3384 2434 127.975920 0.155450 0.125621 23631 
1197732626 18628 70249 7.542302 87 3392 2431 128.119175 0.155317 0.125492 23681 
1197819026 18645 70335 7.544650 87 3391 2440 128.234916 0.155158 0.125514 23717 
1197905426 18676 70463 7.545834 87 3402 2439 128.324052 0.155284 0.125125 23764 
1197991826 18697 70563 7.548056 88 3411 2434 128.442531 0.155209 0.125041 23804 
1198078226 18741 70710 7.546022 88 3429 2444 128.531028 0.155489 0.125050 23865 
1198164626 18786 70844 7.542212 88 3446 2455 128.484084 0.155847 0.125049 23905 
1198251026 18812 70967 7.544865 89 3459 2448 128.627684 0.155872 0.124897 23949 
1198337426 18844 71088 7.544895 89 3472 2453 128.685205 0.156106 0.125058 23990 
1198423826 18855 71173 7.549509 89 3467 2451 128.837974 0.156042 0.125164 24024 
1198510226 18878 71257 7.549211 89 3472 2464 128.908465 0.156048 0.125468 24058 
1198596626 18892 71354 7.553885 89 3470 2464 129.079822 0.155703 0.125396 24099 
1198683026 18900 71418 7.557460 89 3468 2464 129.192063 0.155711 0.125441 24125 
1198769426 18922 71510 7.558398 89 3475 2463 129.263080 0.155705 0.125472 24161 
1198855826 18942 71631 7.563193 89 3468 2473 129.387921 0.155953 0.125650 24208 
1198942226 18961 71762 7.569432 89 3463 2481 129.608354 0.155786 0.125806 24266 
1199028626 18988 71864 7.569412 89 3470 2489 129.643459 0.156060 0.125867 24304 
1199115026 19015 71997 7.572653 89 3472 2499 129.796371 0.156069 0.126143 24349 
1199201426 19034 72094 7.575286 89 3477 2496 129.931386 0.155899 0.126050 24381 
1199287826 19060 72221 7.578279 89 3485 2493 130.077230 0.155867 0.125839 24423 
1199374226 19094 72337 7.576935 89 3504 2488 130.112496 0.155916 0.125588 24458 
1199460626 19120 72455 7.578975 89 3509 2490 130.222280 0.155924 0.125372 24497 
1199547026 19142 72544 7.579563 89 3512 2497 130.285446 0.155995 0.125430 24531 
1199633426 19170 72648 7.579343 89 3521 2507 130.329056 0.156321 0.125327 24562 
1199719826 19197 72741 7.578372 89 3536 2505 130.339115 0.156486 0.125237 24592 
1199806226 19221 72852 7.580459 89 3545 2509 130.454919 0.156611 0.125119 24636 
1199892626 19238 72954 7.584364 89 3546 2513 130.589146 0.156742 0.124970 24670 
1199979026 19265 73077 7.586504 89 3543 2533 130.719024 0.156641 0.125421 24713 
1200065426 19298 73195 7.585760 89 3558 2535 130.789719 0.156631 0.125429 24755 
1200151826 19329 73309 7.585390 89 3572 2532 130.860986 0.156632 0.125095 24789 
1200238226 19350 73405 7.587080 89 3577 2537 130.947183 0.156694 0.125406 24825 
1200324626 19381 73511 7.585883 89 3585 2547 130.977659 0.156719 0.125410 24867 
1200411026 19405 73650 7.590827 89 3590 2550 131.191549 0.156641 0.125288 24920 
1200497426 19449 73791 7.588154 89 3611 2552 131.247468 0.156426 0.125165 24971 
1200583826 19480 73929 7.590246 89 3620 2558 131.383778 0.156594 0.125029 25013 
1200670226 19511 74070 7.592640 89 3620 2566 131.498232 0.156548 0.124830 25057 
1200756626 19535 74164 7.592936 89 3628 2568 131.564167 0.156505 0.124757 25095 
1200843026 19551 74259 7.596440 89 3632 2564 131.687586 0.156570 0.124825 25140 
1200929426 19573 74379 7.600163 89 3631 2568 131.803403 0.156554 0.124861 25179 
1201015826 19602 74494 7.600653 89 3629 2582 131.889297 0.156748 0.124899 25211 
1201102226 19649 74650 7.598351 89 3651 2594 131.956639 0.156790 0.124615 25262 
1201188626 19682 74791 7.599939 89 3659 2602 132.101006 0.156824 0.124522 25321 
1201275026 19722 74944 7.600041 89 3671 2609 132.186695 0.156936 0.124674 25375 
1201361426 19769 75131 7.600890 89 3695 2610 132.340027 0.156878 0.124336 25459 
1201447826 19806 75306 7.604362 90 3704 2613 132.525497 0.156446 0.124197 25530 
1201534226 19837 75459 7.607904 90 3711 2619 132.684579 0.156426 0.124338 25590 
1201620626 19875 75660 7.613585 90 3715 2630 132.953962 0.156382 0.124381 25667 
1201707026 19919 75819 7.612732 90 3739 2634 133.033486 0.156518 0.124258 25724 
1201793426 19959 75959 7.611504 90 3755 2642 133.096949 0.156539 0.124051 25769 
1201879826 19995 76102 7.612103 90 3763 2648 133.202101 0.156645 0.123825 25820 
1201966226 20017 76201 7.613628 90 3772 2648 133.297897 0.156638 0.123832 25852 
1202052626 20029 76273 7.616256 90 3770 2655 133.393080 0.156685 0.123792 25885 
1202139026 20055 76351 7.614161 90 3782 2660 133.391274 0.156800 0.123710 25911 
1202225426 20077 76454 7.616078 90 3783 2665 133.482592 0.156994 0.123839 25950 
1202311826 20096 76531 7.616541 90 3788 2670 133.531449 0.156908 0.123674 25977 
1202398226 20137 76681 7.615931 90 3809 2669 133.613845 0.157205 0.123449 26030 
1202484626 20181 76833 7.614390 90 3821 2685 133.678410 0.157287 0.123273 26078 
1202571026 20213 77026 7.621432 90 3810 2694 133.921239 0.157517 0.123288 26158 
1202657426 20238 77125 7.621801 90 3814 2703 134.003360 0.157530 0.123167 26192 
1202743826 20272 77277 7.624013 90 3820 2715 134.138516 0.157638 0.123579 26262 
1202830226 20303 77457 7.630104 91 3824 2714 134.381224 0.157270 0.123524 26325 
1202916626 20344 77659 7.634585 91 3837 2709 134.602045 0.157490 0.123459 26399 
1203003026 20383 77833 7.637050 91 3838 2728 134.773782 0.157723 0.123242 26461 
1203089426 20417 77998 7.640496 91 3839 2734 134.942940 0.157702 0.123448 26527 
1203175826 20449 78107 7.639200 91 3853 2742 135.010221 0.157656 0.123640 26577 
1203262226 20470 78214 7.641817 91 3853 2743 135.144309 0.157673 0.123628 26616 
1203348626 20498 78366 7.646209 91 3849 2747 135.306762 0.157261 0.124258 26682 
1203435026 20534 78546 7.650336 91 3855 2751 135.506964 0.157083 0.124021 26747 
1203521426 20569 78721 7.654334 91 3857 2760 135.701590 0.157321 0.123952 26807 
1203607826 20599 78866 7.657265 91 3853 2772 135.821156 0.157387 0.123918 26853 
1203694226 20629 79000 7.659121 91 3866 2780 135.971109 0.157497 0.123957 26910 
1203780626 20660 79129 7.660116 92 3865 2801 136.069216 0.157407 0.123916 26953 
1203867026 20676 79216 7.662604 92 3866 2799 136.169375 0.157505 0.123796 26982 
1203953426 20717 79352 7.660569 92 3887 2803 136.226674 0.157509 0.123543 27034 
1204039826 20756 79522 7.662555 92 3885 2819 136.337348 0.157539 0.124075 27102 
1204126226 20798 79712 7.665352 93 3895 2818 136.525627 0.157525 0.124037 27179 
1204212626 20840 79883 7.666315 93 3906 2828 136.644242 0.157441 0.123911 27237 
1204299026 20891 80046 7.663204 93 3934 2822 136.648700 0.157786 0.123539 27281 
1204385426 20918 80170 7.665169 93 3936 2826 136.773783 0.157774 0.123694 27329 
1204471826 20945 80323 7.669897 93 3933 2833 136.960898 0.157637 0.123635 27386 
1204558226 20969 80442 7.672469 93 3933 2842 137.121751 0.157741 0.123437 27433 
1204644626 21024 80674 7.674467 93 3949 2857 137.325628 0.157511 0.122993 27520 
1204731026 21071 80867 7.675668 93 3969 2857 137.477955 0.157653 0.122542 27573 
1204817426 21112 81061 7.679140 93 3977 2871 137.689750 0.157524 0.122694 27652 
1204903826 21156 81212 7.677444 93 3990 2880 137.741255 0.157508 0.122741 27701 
1204990226 21191 81364 7.679109 93 4001 2879 137.856826 0.157604 0.122502 27753 
1205076626 21231 81491 7.676605 93 4022 2878 137.868023 0.157746 0.122336 27799 
1205163026 21267 81639 7.677529 93 4034 2887 137.971787 0.157597 0.122229 27859 
1205249426 21318 81818 7.675955 93 4058 2888 138.071395 0.157572 0.122415 27929 
1205335826 21363 82001 7.676918 93 4061 2909 138.176192 0.157430 0.122264 27994 
1205422226 21398 82148 7.678101 93 4073 2914 138.296009 0.157226 0.122272 28049 
1205508626 21428 82293 7.680885 93 4086 2911 138.445772 0.157289 0.122137 28105 
1205595026 21455 82398 7.681007 94 4090 2917 138.500303 0.157382 0.122457 28149 
1205681426 21472 82475 7.682098 95 4093 2918 138.587835 0.157109 0.122520 28183 
1205767826 21505 82610 7.682864 95 4103 2920 138.687282 0.157105 0.122638 28236 
1205854226 21559 82809 7.682082 95 4130 2927 138.772949 0.157243 0.122397 28304 
1205940626 21603 82985 7.682729 95 4145 2934 138.874786 0.157561 0.122283 28371 
1206027026 21628 83118 7.686148 95 4138 2946 139.050860 0.157580 0.122558 28425 
1206113426 21665 83262 7.686314 95 4158 2948 139.168244 0.157688 0.122581 28483 
1206199826 21687 83393 7.690598 95 4156 2951 139.337299 0.157687 0.122636 28532 
1206286226 21715 83515 7.691918 95 4158 2960 139.398480 0.157969 0.122560 28573 
1206372626 21736 83624 7.694516 95 4163 2958 139.511962 0.157945 0.122346 28607 
1206459026 21781 83799 7.694688 95 4185 2958 139.635003 0.157741 0.122215 28673 
1206545426 21818 83971 7.697406 95 4194 2965 139.779998 0.157959 0.122352 28745 
1206631826 21859 84146 7.698980 95 4208 2964 139.939796 0.158006 0.122079 28810 
1206718226 21894 84376 7.707682 95 4194 2979 140.238878 0.158008 0.122321 28907 
1206804626 21934 84529 7.707577 95 4198 2993 140.313030 0.158058 0.122526 28966 
1206891026 21972 84675 7.707537 95 4208 2998 140.383215 0.158113 0.122460 29017 
1206977426 22012 84880 7.712157 95 4215 2995 140.624932 0.157946 0.122664 29100 
1207063826 22051 85073 7.716022 95 4214 3006 140.814203 0.158051 0.122972 29170 
1207150226 22113 85302 7.715100 95 4241 3005 140.917741 0.158048 0.122647 29241 
1207236626 22161 85531 7.719056 95 4243 3025 141.124408 0.158114 0.122598 29328 
1207323026 22205 85727 7.721414 95 4268 3023 141.322405 0.158033 0.122517 29407 
1207409426 22251 85916 7.722439 95 4271 3046 141.440115 0.158089 0.122367 29468 
1207495826 22294 86041 7.718758 95 4300 3048 141.446847 0.157948 0.122094 29505 
1207582226 22330 86238 7.723959 95 4301 3048 141.676310 0.158056 0.122142 29575 
1207668626 22368 86439 7.728809 96 4305 3056 141.923373 0.157834 0.121895 29642 
1207755026 22405 86620 7.732203 96 4315 3057 142.092212 0.157887 0.122086 29706 
1207841426 22450 86823 7.734788 96 4325 3063 142.321782 0.157842 0.122050 29789 
1207927826 22507 87031 7.733683 96 4340 3073 142.419603 0.157866 0.122112 29862 
1208014226 22543 87183 7.734818 96 4343 3075 142.503837 0.157850 0.122032 29912 
1208100626 22560 87278 7.737411 96 4336 3089 142.604699 0.157878 0.122068 29948 
1208187026 22598 87431 7.737941 96 4346 3095 142.699354 0.157851 0.122229 30004 
1208273426 22650 87639 7.738543 96 4365 3101 142.862340 0.157548 0.122346 30082 
1208359826 22682 87846 7.745878 96 4363 3112 143.145931 0.157581 0.122569 30166 
1208446226 22725 88075 7.751375 96 4354 3130 143.382178 0.157659 0.122780 30246 
1208532626 22768 88285 7.755183 96 4361 3141 143.568342 0.157668 0.122916 30333 
1208619026 22813 88463 7.755490 96 4376 3152 143.694998 0.157289 0.122848 30393 
1208705426 22829 88550 7.757677 96 4379 3155 143.804810 0.157169 0.122997 30428 
1208791826 22862 88722 7.761526 96 4380 3163 143.955384 0.157255 0.123092 30481 
1208878226 22905 88924 7.764593 96 4395 3159 144.165553 0.156895 0.123383 30561 
1208964626 22950 89127 7.767059 97 4410 3151 144.338126 0.156509 0.123179 30618 
1209051026 23000 89331 7.767913 97 4423 3155 144.456870 0.156583 0.123040 30693 
1209137426 23040 89509 7.769878 97 4433 3160 144.639236 0.156238 0.123202 30766 
1209223826 23066 89608 7.769704 97 4442 3161 144.692448 0.156216 0.123183 30803 
1209310226 23101 89739 7.769274 97 4457 3161 144.761872 0.155925 0.122763 30842 
1209396626 23144 89891 7.767974 97 4475 3165 144.809627 0.156098 0.122931 30895 
1209483026 23197 90104 7.768591 98 4487 3177 144.935552 0.156267 0.123149 30979 
1209569426 23252 90298 7.766902 98 4519 3174 145.012472 0.156220 0.123212 31058 
1209655826 23301 90511 7.768851 98 4529 3178 145.160723 0.156361 0.123296 31132 
1209742226 23344 90736 7.773818 98 4537 3174 145.414239 0.156218 0.123113 31200 
1209828626 23369 90882 7.777996 98 4530 3187 145.580128 0.156040 0.123396 31249 
1209915026 23393 91029 7.782585 98 4523 3196 145.766939 0.155702 0.123523 31309 
1210001426 23435 91219 7.784852 98 4538 3204 145.943418 0.155782 0.123328 31371 
1210087826 23481 91429 7.787488 99 4547 3209 146.141646 0.155426 0.123223 31450 
1210174226 23533 91625 7.786937 99 4570 3207 146.200824 0.155314 0.123085 31516 
1210260626 23574 91822 7.790108 99 4575 3221 146.394502 0.155261 0.123187 31587 
1210347026 23616 91991 7.790566 99 4593 3224 146.541159 0.155181 0.123145 31647 
1210433426 23652 92133 7.790715 99 4596 3238 146.604515 0.155219 0.123168 31698 
1210519826 23677 92280 7.794906 99 4596 3233 146.774253 0.155288 0.123190 31754 
1210606226 23721 92441 7.794022 99 4617 3234 146.824501 0.155297 0.122840 31800 
1210692626 23761 92616 7.795631 99 4633 3226 146.943142 0.155273 0.122721 31864 
1210779026 23819 92838 7.795289 101 4643 3240 147.051933 0.155395 0.122979 31934 
1210865426 23859 93038 7.798986 101 4645 3248 147.221761 0.155459 0.122816 32007 
1210951826 23899 93226 7.801665 101 4648 3256 147.348843 0.155816 0.123073 32094 
1211038226 23937 93361 7.800560 101 4652 3267 147.387392 0.155838 0.123463 32139 
1211124626 23976 93484 7.798131 102 4669 3272 147.438605 0.155746 0.123382 32170 
1211211026 24006 93658 7.802883 102 4668 3280 147.668666 0.155827 0.123623 32252 
1211297426 24062 93852 7.800848 102 4678 3297 147.715069 0.155829 0.124070 32317 
1211383826 24110 94064 7.802903 102 4680 3318 147.898548 0.155609 0.124211 32401 
1211470226 24152 94249 7.804654 102 4687 3325 148.084713 0.155283 0.124218 32473 
1211556626 24200 94447 7.805537 102 4702 3340 148.228099 0.154977 0.124179 32539 
1211643026 24234 94600 7.807213 102 4709 3344 148.372369 0.154710 0.124175 32586 
1211729426 24257 94726 7.810199 102 4712 3346 148.490827 0.154822 0.124093 32628 
1211815826 24285 94845 7.810994 102 4722 3353 148.595841 0.154653 0.124035 32674 
1211902226 24328 95006 7.810424 102 4737 3361 148.659158 0.154603 0.123907 32732 
1211988626 24375 95202 7.811446 102 4742 3371 148.743303 0.154655 0.123930 32799 
1212075026 24416 95400 7.814548 102 4756 3367 148.903260 0.154467 0.124083 32882 
1212161426 24457 95613 7.818866 103 4758 3363 149.081245 0.154662 0.124062 32952 
1212247826 24510 95782 7.815749 103 4784 3370 149.086006 0.154799 0.123899 33021 
1212334226 24537 95899 7.816685 103 4792 3369 149.193381 0.154839 0.123857 33080 
1212420626 24578 96044 7.815445 103 4809 3371 149.240378 0.154813 0.123648 33120 
1212507026 24625 96243 7.816690 103 4807 3383 149.366335 0.154862 0.123774 33191 
1212593426 24673 96454 7.818587 103 4810 3390 149.513233 0.154843 0.123759 33262 
1212679826 24731 96652 7.816263 103 4832 3407 149.578424 0.155025 0.123622 33327 
1212766226 24788 96851 7.814346 103 4856 3412 149.650960 0.154798 0.123586 33395 
1212852626 24836 97026 7.813335 103 4874 3422 149.732244 0.154712 0.123480 33453 
1212939026 24874 97179 7.813701 103 4890 3419 149.829219 0.154692 0.123395 33503 
1213025426 24931 97338 7.808592 103 4921 3422 149.805383 0.154750 0.123118 33549 
1213111826 24975 97509 7.808529 103 4934 3424 149.885005 0.154769 0.123080 33607 
1213198226 25026 97717 7.809238 103 4940 3440 149.986494 0.154994 0.123220 33695 
1213284626 25079 97924 7.809243 103 4958 3443 150.068185 0.155263 0.123157 33785 
1213371026 25127 98109 7.809050 103 4977 3439 150.172404 0.155221 0.123241 33859 
1213457426 25155 98241 7.810853 103 4974 3450 150.266269 0.155302 0.123385 33903 
1213543826 25185 98368 7.811634 103 4979 3459 150.344729 0.155187 0.123637 33946 
1213630226 25249 98573 7.808072 103 5008 3460 150.357004 0.155195 0.123275 34007 
1213716626 25296 98777 7.809693 103 5011 3480 150.503004 0.155412 0.123662 34086 
1213803026 25336 98993 7.814414 103 5005 3484 150.691506 0.155429 0.124129 34161 
1213889426 25376 99185 7.817229 105 5003 3495 150.880044 0.155272 0.124005 34229 
1213975826 25437 99386 7.814286 105 5030 3500 150.935488 0.155175 0.124023 34294 
1214062226 25482 99542 7.812731 105 5045 3511 150.959579 0.155263 0.123984 34342 
1214148626 25512 99689 7.815067 105 5055 3504 151.082236 0.155388 0.123830 34399 
1214235026 25568 99888 7.813517 105 5082 3511 151.146198 0.155516 0.123758 34472 
1214321426 25635 100138 7.812600 105 5104 3510 151.183538 0.155816 0.124057 34558 
1214407826 25689 100344 7.812215 105 5124 3511 151.257114 0.155784 0.123920 34625 
1214494226 25742 100561 7.812990 105 5137 3524 151.393986 0.155876 0.123954 34707 
1214580626 25822 100802 7.807451 105 5169 3540 151.406707 0.155710 0.123752 34789 
1214667026 25881 100974 7.802944 105 5203 3544 151.394150 0.155961 0.123564 34846 
1214753426 25927 101163 7.803680 105 5207 3559 151.478073 0.156005 0.123482 34904 
1214839826 25978 101367 7.804065 105 5216 3567 151.580029 0.156199 0.123356 34975 
1214926226 26044 101605 7.802565 105 5236 3580 151.727461 0.156182 0.123219 35073 
1215012626 26097 101836 7.804422 105 5251 3581 151.875465 0.156210 0.123168 35160 
1215099026 26153 102090 7.807135 105 5258 3601 152.051313 0.156221 0.123349 35252 
1215185426 26203 102259 7.805137 106 5271 3614 152.084799 0.156367 0.123481 35313 
1215271826 26232 102380 7.805733 106 5278 3621 152.151418 0.156404 0.123649 35358 
1215358226 26266 102520 7.806289 106 5287 3630 152.233838 0.156365 0.123731 35411 
1215444626 26321 102734 7.806238 106 5307 3640 152.366247 0.156300 0.123737 35486 
1215531026 26381 102948 7.804708 106 5317 3661 152.419923 0.156378 0.123750 35556 
1215617426 26464 103211 7.800106 106 5352 3675 152.468183 0.156314 0.123879 35651 
1215703826 26538 103456 7.796820 106 5388 3678 152.470721 0.156529 0.123562 35723 
1215790226 26599 103690 7.796534 107 5407 3690 152.604985 0.156382 0.123553 35801 
1215876626 26633 103857 7.799121 108 5401 3705 152.762362 0.156133 0.123581 35863 
1215963026 26672 104026 7.800390 108 5421 3699 152.915042 0.155945 0.123382 35922 
1216049426 26712 104197 7.801512 108 5429 3715 153.025606 0.155902 0.123286 35981 
1216135826 26787 104494 7.801844 108 5444 3734 153.161758 0.155992 0.123486 36086 
1216222226 26848 104747 7.802965 108 5457 3761 153.294696 0.155888 0.123376 36176 
1216308626 26908 104976 7.802587 108 5482 3766 153.398097 0.156044 0.123389 36253 
1216395026 26980 105213 7.799333 108 5518 3772 153.455671 0.155838 0.123281 36332 
1216481426 27014 105382 7.802029 108 5518 3787 153.583475 0.155900 0.123418 36392 
1216567826 27055 105560 7.803364 108 5525 3795 153.690335 0.155882 0.123114 36448 
1216654226 27123 105775 7.799653 108 5553 3804 153.710209 0.156124 0.123056 36523 
1216740626 27210 106070 7.796398 108 5583 3826 153.770820 0.155995 0.123315 36635 
1216827026 27300 106351 7.791282 108 5634 3823 153.770037 0.155757 0.122959 36720 
1216913426 27391 106625 7.785404 108 5672 3841 153.718010 0.156002 0.122868 36805 
1216999826 27463 106863 7.782325 108 5701 3850 153.741252 0.156317 0.122690 36886 
1217086226 27534 107092 7.778892 109 5726 3869 153.767415 0.156304 0.122748 36956 
1217172626 27590 107290 7.777456 109 5742 3875 153.810656 0.156309 0.122536 37017 
1217259026 27651 107505 7.775849 109 5759 3891 153.870818 0.156426 0.122944 37092 
1217345426 27736 107798 7.773147 109 5792 3899 153.995746 0.156239 0.122780 37195 
1217431826 27814 108098 7.772920 109 5821 3915 154.101604 0.156522 0.122886 37300 
1217518226 27896 108396 7.771437 109 5847 3932 154.209779 0.156482 0.122532 37390 
1217604626 27963 108668 7.772271 109 5859 3940 154.364696 0.156499 0.122651 37484 
1217691026 28041 108921 7.768696 109 5893 3945 154.361827 0.156919 0.122305 37568 
1217777426 28096 109130 7.768366 109 5907 3956 154.450028 0.156982 0.122314 37644 
1217863826 28171 109399 7.766781 109 5916 3984 154.509957 0.157096 0.122395 37730 
1217950226 28271 109715 7.761664 109 5955 4006 154.535319 0.157227 0.122422 37842 
1218036626 28366 110061 7.760065 109 5974 4029 154.628851 0.157654 0.122571 37953 
1218123026 28479 110400 7.753081 109 6021 4050 154.605850 0.158018 0.122331 38060 
1218209426 28555 110693 7.752968 109 6029 4074 154.754054 0.158151 0.122581 38159 
1218295826 28599 110917 7.756705 109 6026 4088 154.910871 0.158228 0.122634 38245 
1218382226 28663 111097 7.751945 109 6046 4106 154.859715 0.158278 0.122617 38294 
1218468626 28735 111344 7.749713 109 6085 4104 154.886932 0.158437 0.122244 38371 
1218555026 28827 111638 7.745378 110 6123 4105 154.847816 0.158719 0.121834 38455 
1218641426 28914 111951 7.743723 110 6150 4117 154.949505 0.159315 0.121639 38553 
1218727826 29002 112257 7.741328 110 6187 4112 155.055307 0.159491 0.121624 38664 
1218814226 29073 112547 7.742373 110 6208 4122 155.201527 0.159375 0.121517 38760 
1218900626 29152 112794 7.738337 110 6246 4135 155.237377 0.159456 0.121393 38837 
1218987026 29233 113051 7.734478 111 6288 4133 155.271577 0.159376 0.121215 38915 
1219073426 29306 113378 7.737528 111 6297 4139 155.471849 0.159323 0.121337 39038 
1219159826 29419 113747 7.732894 111 6339 4162 155.516095 0.159777 0.121171 39178 
1219246226 29502 114073 7.733238 111 6357 4178 155.657108 0.159893 0.121274 39292 
1219332626 29600 114418 7.730946 111 6394 4195 155.743986 0.159893 0.120805 39402 
1219419026 29694 114738 7.728026 111 6416 4219 155.765879 0.160076 0.120923 39501 
1219505426 29775 115031 7.726683 111 6446 4221 155.876675 0.159641 0.120693 39601 
1219591826 29843 115265 7.724760 111 6480 4221 155.932044 0.159720 0.120723 39684 
1219678226 29945 115607 7.721289 111 6517 4240 155.978627 0.160034 0.120247 39784 
1219764626 30056 115981 7.717660 112 6562 4249 156.087370 0.160245 0.120113 39910 
1219851026 30143 116323 7.718077 112 6584 4267 156.229307 0.160170 0.119894 40039 
1219937426 30246 116711 7.717450 112 6626 4268 156.369503 0.160165 0.119433 40167 
1220023826 30317 116993 7.717980 112 6650 4271 156.504403 0.160284 0.118965 40257 
1220110226 30395 117233 7.713966 112 6687 4286 156.532588 0.160585 0.118952 40325 
1220196626 30437 117435 7.716595 112 6686 4304 156.669908 0.160716 0.119232 40397 
1220283026 30484 117677 7.720575 112 6688 4316 156.878494 0.160577 0.119105 40475 
1220369426 30526 117874 7.722859 112 6699 4316 157.023849 0.160562 0.119281 40548 
1220455826 30571 118069 7.724248 112 6706 4326 157.121324 0.160804 0.119352 40619 
1220542226 30605 118281 7.729521 112 6686 4342 157.311289 0.160794 0.119476 40690 
1220628626 30650 118500 7.732463 113 6690 4337 157.472104 0.160734 0.119548 40761 
1220715026 30711 118756 7.733776 113 6698 4352 157.583472 0.160902 0.119630 40854 
1220801426 30769 119014 7.735968 113 6711 4362 157.764113 0.160575 0.119749 40959 
1220887826 30850 119307 7.734652 113 6732 4368 157.821912 0.160687 0.119698 41056 
1220974226 30928 119703 7.740753 113 6730 4372 158.084066 0.160872 0.119615 41194 
1221060626 31032 120015 7.734919 113 6766 4396 158.038025 0.161100 0.119355 41298 
1221147026 31110 120312 7.734619 113 6778 4414 158.122019 0.161287 0.119382 41390 
1221233426 31227 120682 7.729337 113 6820 4432 158.145899 0.161627 0.119331 41514 
1221319826 31312 120955 7.725792 113 6861 4427 158.134453 0.161851 0.119046 41595 
1221406226 31373 121239 7.728875 113 6870 4428 158.334683 0.161710 0.119118 41700 
1221492626 31449 121540 7.729340 113 6893 4442 158.537187 0.161305 0.119122 41813 
1221579026 31546 121903 7.728587 113 6927 4450 158.689279 0.161005 0.119113 41942 
1221665426 31681 122396 7.726776 114 6965 4475 158.885894 0.160658 0.119048 42123 
1221751826 31788 122792 7.725683 115 6997 4490 159.060211 0.160368 0.119206 42265 
1221838226 31885 123152 7.724761 115 7010 4530 159.159479 0.160407 0.119381 42378 
1221924626 31977 123458 7.721675 115 7017 4565 159.148638 0.160591 0.119385 42475 
1222011026 32059 123752 7.720266 116 7050 4572 159.253501 0.160467 0.119378 42569 
1222097426 32140 124091 7.721904 116 7048 4605 159.487617 0.160534 0.119537 42693 
1222183826 32240 124462 7.720968 116 7078 4609 159.602667 0.160801 0.119535 42827 
1222270226 32344 124817 7.718093 116 7119 4618 159.639253 0.161137 0.119261 42933 
1222356626 32448 125203 7.717147 116 7141 4651 159.778661 0.161273 0.119308 43057 
1222443026 32541 125535 7.715497 116 7168 4673 159.848314 0.161637 0.119383 43172 
1222529426 32613 125793 7.714286 116 7178 4696 159.898568 0.161666 0.119552 43252 
1222615826 32689 126025 7.710545 117 7211 4711 159.894276 0.161732 0.119299 43323 
1222702226 32786 126364 7.708412 117 7245 4731 159.984994 0.161804 0.119172 43438 
1222788626 32863 126799 7.716824 117 7228 4756 160.375194 0.161510 0.119213 43582 
1222875026 32981 127193 7.713108 117 7275 4773 160.460811 0.161581 0.118998 43724 
1222961426 33064 127618 7.719453 117 7252 4806 160.731672 0.161753 0.119451 43870 
1223047826 33162 128029 7.721428 117 7273 4831 160.974187 0.161926 0.119595 44013 
1223134226 33243 128365 7.722829 117 7277 4861 161.163252 0.162120 0.119578 44120 
1223220626 33303 128645 7.725730 117 7281 4869 161.329069 0.162188 0.119976 44244 
1223307026 33390 128968 7.724948 117 7315 4868 161.402096 0.162260 0.119872 44345 
1223393426 33489 129377 7.726537 118 7326 4896 161.550778 0.162485 0.119885 44471 
1223479826 33619 129844 7.724442 118 7368 4915 161.683572 0.162188 0.120074 44643 
1223566226 33734 130201 7.719274 119 7404 4951 161.698227 0.162092 0.119984 44747 
1223652626 33845 130653 7.720668 120 7416 4989 161.893633 0.162089 0.119789 44878 
1223739026 33927 130969 7.720635 120 7422 5029 161.987797 0.162181 0.120048 44989 
1223825426 33997 131227 7.719916 120 7440 5034 162.054181 0.162433 0.119938 45082 
1223911826 34083 131635 7.724379 120 7448 5051 162.273509 0.162557 0.119885 45212 
1223998226 34201 132156 7.728195 120 7482 5054 162.532148 0.162826 0.119500 45386 
1224084626 34315 132568 7.726534 120 7515 5072 162.626781 0.162977 0.119421 45518 
1224171026 34414 133004 7.729645 120 7529 5083 162.911315 0.162672 0.119590 45682 
1224257426 34542 133511 7.730357 120 7558 5102 163.112211 0.162684 0.119477 45829 
1224343826 34628 133814 7.728659 120 7576 5130 163.173674 0.162631 0.119464 45923 
1224430226 34695 134043 7.726935 120 7588 5149 163.170140 0.162849 0.119320 45986 
1224516626 34790 134446 7.729003 120 7604 5162 163.373786 0.162809 0.119442 46135 
1224603026 34922 134960 7.729225 121 7630 5180 163.570643 0.162597 0.119256 46282 
1224689426 35047 135435 7.728764 121 7668 5177 163.706337 0.162851 0.119230 46449 
1224775826 35173 135936 7.729565 121 7708 5201 163.958946 0.162823 0.118966 46621 
1224862226 35288 136408 7.731127 121 7722 5235 164.178361 0.163083 0.119278 46812 
1224948626 35369 136747 7.732591 121 7746 5242 164.353078 0.163132 0.119440 46940 
1225035026 35431 136996 7.733115 121 7767 5246 164.465412 0.163166 0.119269 47027 
1225121426 35526 137326 7.731014 121 7800 5257 164.556888 0.163228 0.119343 47144 
1225207826 35642 137781 7.731384 121 7815 5284 164.721116 0.163589 0.119679 47300 
1225294226 35757 138206 7.730291 121 7858 5277 164.831557 0.163633 0.119480 47427 
1225380626 35864 138648 7.731876 122 7869 5310 165.023255 0.163777 0.119666 47587 
1225467026 35985 139069 7.729276 122 7898 5328 165.071669 0.163969 0.119636 47727 
1225553426 36050 139357 7.731318 122 7903 5342 165.214313 0.164026 0.119719 47820 
1225639826 36122 139631 7.731078 122 7917 5356 165.291125 0.164330 0.119683 47922 
1225726226 36204 139990 7.733400 122 7923 5367 165.491603 0.164437 0.119816 48053 
1225812626 36328 140483 7.734144 122 7935 5405 165.683495 0.164622 0.119897 48231 
1225899026 36446 140882 7.730999 122 7981 5425 165.756187 0.164598 0.119867 48354 
1225985426 36561 141356 7.732611 122 8012 5444 165.980362 0.164584 0.119869 48523 
1226071826 36700 141833 7.729319 122 8063 5459 166.015967 0.164920 0.119925 48669 
1226158226 36793 142252 7.732558 122 8069 5490 166.218139 0.165149 0.120087 48825 
1226244626 36865 142575 7.734979 123 8085 5493 166.391537 0.165190 0.119934 48940 
1226331026 36978 143133 7.741522 124 8086 5517 166.757748 0.165037 0.120048 49145 
1226417426 37120 143731 7.744127 125 8112 5554 167.049677 0.165236 0.120067 49353 
1226503826 37265 144286 7.743781 125 8144 5569 167.230592 0.165146 0.119947 49515 
1226590226 37431 144862 7.740215 125 8192 5613 167.331944 0.165308 0.119770 49686 
1226676626 37601 145461 7.737081 126 8251 5640 167.489056 0.165263 0.119874 49886 
1226763026 37707 145933 7.740367 126 8263 5650 167.734267 0.165124 0.119738 50043 
1226849426 37792 146339 7.744443 127 8256 5680 167.945809 0.165251 0.119881 50189 
1226935826 37912 146808 7.744672 127 8284 5699 168.069055 0.165586 0.119716 50364 
1227022226 38063 147392 7.744634 127 8328 5709 168.285159 0.165454 0.119641 50573 
1227108626 38192 147926 7.746439 127 8363 5717 168.566401 0.165360 0.119762 50799 
1227195026 38332 148473 7.746687 127 8391 5757 168.776844 0.165153 0.119615 50982 
1227281426 38481 149030 7.745641 127 8433 5759 168.905174 0.165390 0.119469 51158 
1227367826 38596 149436 7.743600 127 8482 5760 169.007047 0.165371 0.119164 51287 
1227454226 38683 149804 7.745211 127 8504 5769 169.183621 0.165130 0.119400 51419 
1227540626 38809 150288 7.745008 127 8537 5789 169.356283 0.165270 0.119570 51585 
1227627026 38960 150833 7.742967 128 8594 5816 169.496253 0.165326 0.119254 51774 
1227713426 39069 151351 7.747882 128 8577 5862 169.795388 0.165319 0.119380 51960 
1227799826 39180 151780 7.747831 128 8595 5885 169.901889 0.165659 0.119513 52106 
1227886226 39285 152168 7.746875 128 8627 5897 170.004938 0.165573 0.119519 52226 
1227972626 39380 152549 7.747537 128 8650 5906 170.122194 0.165607 0.119385 52352 
1228059026 39497 152969 7.745854 128 8684 5933 170.234955 0.165563 0.119360 52509 
1228145426 39605 153443 7.748668 128 8682 5966 170.432067 0.165748 0.119620 52674 
1228231826 39742 154005 7.750239 128 8728 5971 170.667304 0.165704 0.119364 52873 
1228318226 39882 154594 7.752570 128 8734 6010 170.906976 0.165639 0.119372 53059 
1228404626 40023 155238 7.757439 128 8747 6039 171.243935 0.165905 0.119758 53295 
1228491026 40193 155885 7.756823 128 8781 6085 171.439206 0.166147 0.119696 53508 
1228577426 40294 156382 7.762049 128 8782 6103 171.701444 0.166085 0.119696 53678 
1228663826 40387 156818 7.765766 128 8810 6104 171.984401 0.165715 0.120035 53840 
1228750226 40517 157355 7.767357 128 8834 6125 172.198583 0.165756 0.120117 54023 
1228836626 40676 158042 7.770774 128 8848 6166 172.506539 0.165872 0.120104 54246 
1228923026 40811 158583 7.771581 128 8873 6191 172.709074 0.165885 0.120189 54446 
1229009426 40947 159151 7.773512 130 8907 6203 172.994700 0.165486 0.120017 54634 
1229095826 41096 159777 7.775793 130 8939 6228 173.281974 0.165119 0.120074 54859 
1229182226 41215 160212 7.774451 131 8968 6260 173.396870 0.164914 0.120379 55000 
1229268626 41323 160617 7.773734 131 8992 6280 173.506812 0.164971 0.120687 55134 
1229355026 41447 161131 7.775279 131 8998 6317 173.689435 0.164967 0.120737 55299 
1229441426 41614 161783 7.775412 131 9036 6353 173.905224 0.164729 0.120690 55537 
1229527826 41773 162459 7.778182 132 9057 6388 174.171259 0.165020 0.120886 55785 
1229614226 41929 163074 7.778578 132 9098 6411 174.366811 0.164879 0.120942 56008 
1229700626 42083 163661 7.778010 132 9126 6450 174.527481 0.164978 0.120925 56193 
1229787026 42198 164195 7.782122 132 9141 6457 174.781411 0.164891 0.120999 56386 
1229873426 42297 164669 7.786321 133 9130 6486 175.007305 0.164851 0.121312 56551 
1229959826 42434 165331 7.792383 133 9164 6476 175.424612 0.164678 0.121241 56792 
1230046226 42571 165986 7.798079 133 9165 6518 175.788635 0.164410 0.121270 57034 
1230132626 42698 166555 7.801536 133 9194 6522 176.071104 0.164209 0.121424 57253 
1230219026 42801 167020 7.804491 133 9208 6540 176.289900 0.164237 0.121621 57447 
1230305426 42903 167401 7.803697 133 9241 6544 176.365849 0.164201 0.121458 57580 
1230391826 43027 167861 7.802589 133 9272 6563 176.449439 0.164206 0.121239 57727 
1230478226 43133 168335 7.805393 133 9286 6585 176.708924 0.164001 0.121135 57892 
1230564626 43285 168936 7.805753 133 9326 6597 176.861453 0.164108 0.120937 58105 
1230651026 43476 169634 7.803570 133 9393 6631 177.063575 0.164222 0.121127 58358 
1230737426 43664 170318 7.801301 133 9459 6652 177.222426 0.164299 0.120679 58592 
1230823826 43814 170851 7.798923 133 9510 6656 177.306934 0.164659 0.120560 58778 
1230910226 43962 171459 7.800328 133 9541 6681 177.517447 0.164584 0.120673 58979 
1230996626 44108 172017 7.799810 135 9573 6697 177.660470 0.164643 0.120866 59177 
1231083026 44201 172561 7.808013 136 9557 6716 178.069727 0.164467 0.121105 59392 
1231169426 44338 173171 7.811403 136 9569 6738 178.312508 0.164568 0.121180 59601 
1231255826 44466 173926 7.822876 137 9535 6776 178.833536 0.164508 0.121276 59874 
1231342226 44578 174686 7.837319 137 9491 6816 179.408632 0.164586 0.122168 60173 
1231428626 44680 175398 7.851298 137 9440 6846 179.933393 0.164579 0.122618 60454 
1231515026 44781 176084 7.864228 137 9403 6871 180.524687 0.164321 0.122829 60720 
1231601426 44857 176673 7.877165 137 9361 6887 181.053303 0.164068 0.123263 60955 
1231687826 44937 177177 7.885573 137 9342 6906 181.433162 0.164032 0.123586 61160 
1231774226 45025 177774 7.896680 137 9310 6936 181.915203 0.164037 0.123685 61385 
1231860626 45130 178466 7.908974 138 9300 6928 182.447507 0.163806 0.124115 61672 
1231947026 45227 179157 7.922568 138 9238 6983 183.022663 0.163766 0.124618 61943 
1232033426 45335 179798 7.931973 138 9230 6996 183.519576 0.163502 0.124489 62192 
1232119826 45416 180433 7.945790 138 9215 6997 184.142593 0.163351 0.124827 62454 
1232206226 45501 181010 7.956309 138 9193 7018 184.576119 0.163340 0.124725 62672 
1232292626 45573 181549 7.967393 138 9169 7036 185.062032 0.163306 0.124910 62888 
1232379026 45633 182078 7.980102 138 9136 7035 185.599018 0.163061 0.125006 63129 
1232465426 45711 182714 7.994312 138 9086 7070 186.165299 0.163118 0.125301 63370 
1232551826 45792 183272 8.004542 138 9046 7102 186.593903 0.163112 0.125733 63593 
1232638226 45812 183401 8.006679 138 9041 7111 186.712433 0.163077 0.125897 63650 
