1165073426 0 0 0.000000 0 0 0 0.000000 0.000000 0.000000 0 
1165159826 7999 18411 4.603325 46 2049 1331 42.175022 0.207490 0.091029 4165 
1165246226 8025 18512 4.613583 46 2061 1330 42.409969 0.206987 0.091262 4205 
1165332626 8056 18639 4.627358 46 2072 1319 42.697368 0.206411 0.091843 4256 
1165419026 8089 18782 4.643837 46 2076 1311 43.011003 0.206218 0.092619 4304 
1165505426 8111 18892 4.658365 47 2066 1318 43.262236 0.205603 0.094344 4343 
1165591826 8142 18998 4.666667 47 2078 1311 43.440924 0.205370 0.094263 4372 
1165678226 8160 19096 4.680392 48 2082 1306 43.694363 0.204814 0.095123 4423 
1165764626 8180 19167 4.686308 48 2089 1307 43.837653 0.203861 0.095289 4441 
1165851026 8209 19263 4.693142 48 2089 1318 43.994640 0.203597 0.095835 4468 
1165937426 8236 19381 4.706411 48 2088 1329 44.266634 0.204116 0.097394 4518 
1166023826 8277 19493 4.710161 49 2105 1331 44.423100 0.203211 0.096646 4549 
1166110226 8304 19624 4.726397 49 2093 1345 44.723988 0.202859 0.097951 4598 
1166196626 8330 19736 4.738535 50 2092 1348 44.940696 0.202362 0.099182 4634 
1166283026 8346 19826 4.751018 50 2089 1351 45.176612 0.201666 0.099967 4668 
1166369426 8358 19915 4.765494 50 2072 1364 45.441732 0.200592 0.101071 4696 
1166455826 8382 20012 4.774994 50 2077 1369 45.662849 0.198846 0.100750 4726 
1166542226 8405 20121 4.787864 51 2076 1365 45.943843 0.197434 0.102170 4770 
1166628626 8427 20223 4.799573 53 2080 1368 46.190341 0.196820 0.102065 4802 
1166715026 8455 20365 4.817268 53 2080 1375 46.571260 0.196828 0.102549 4855 
1166801426 8481 20480 4.829619 54 2088 1371 46.839288 0.196670 0.102440 4892 
1166887826 8504 20568 4.837253 54 2094 1369 47.007056 0.196019 0.102479 4919 
1166974226 8516 20633 4.845702 54 2095 1366 47.167919 0.195010 0.102310 4937 
1167060626 8534 20737 4.859855 54 2082 1385 47.449496 0.193257 0.103325 4970 
1167147026 8552 20848 4.875585 54 2080 1384 47.795603 0.193177 0.104186 5019 
1167233426 8566 20912 4.882559 54 2085 1384 47.951669 0.193524 0.104461 5053 
1167319826 8594 21025 4.892949 54 2086 1393 48.170817 0.193282 0.104894 5085 
1167406226 8618 21122 4.901833 54 2083 1405 48.336969 0.193195 0.104852 5116 
1167492626 8635 21217 4.914186 54 2086 1403 48.612160 0.192522 0.105612 5151 
1167579026 8650 21288 4.922081 54 2091 1396 48.805549 0.192227 0.105965 5185 
1167665426 8671 21376 4.930458 54 2099 1396 48.999885 0.193055 0.106187 5215 
1167751826 8689 21484 4.945103 54 2088 1410 49.275636 0.193067 0.107201 5258 
1167838226 8726 21580 4.946138 54 2100 1427 49.389640 0.192645 0.107744 5288 
1167924626 8743 21658 4.954363 54 2099 1439 49.594876 0.193782 0.108100 5325 
1168011026 8769 21769 4.964990 55 2098 1447 49.813662 0.193032 0.109099 5369 
1168097426 8791 21842 4.969173 55 2104 1446 49.902400 0.192762 0.109306 5394 
1168183826 8813 21934 4.977647 56 2096 1459 50.066039 0.192083 0.109905 5420 
1168270226 8844 22043 4.984848 56 2103 1464 50.258706 0.192696 0.109999 5458 
1168356626 8864 22147 4.997067 56 2099 1464 50.500000 0.192525 0.110627 5499 
1168443026 8892 22265 5.007872 56 2101 1478 50.782051 0.192074 0.111261 5548 
1168529426 8920 22366 5.014798 56 2116 1465 50.976009 0.191796 0.110739 5572 
1168615826 8941 22469 5.026060 56 2116 1465 51.179734 0.191353 0.111012 5600 
1168702226 8960 22544 5.032143 56 2118 1465 51.333929 0.191135 0.111827 5636 
1168788626 8980 22625 5.038976 56 2123 1463 51.492873 0.190921 0.112134 5664 
1168875026 9004 22707 5.043758 56 2136 1452 51.593292 0.190740 0.112304 5684 
1168961426 9031 22830 5.055919 56 2142 1464 51.916067 0.191123 0.112746 5734 
1169047826 9068 22940 5.059550 56 2151 1472 52.032422 0.191909 0.112656 5763 
1169134226 9088 23064 5.075704 56 2142 1474 52.334727 0.191953 0.114005 5825 
1169220626 9114 23175 5.085583 56 2150 1479 52.585473 0.191343 0.113782 5869 
1169307026 9139 23270 5.092461 56 2155 1485 52.747128 0.191101 0.113463 5895 
1169393426 9154 23364 5.104654 57 2153 1482 52.979899 0.190150 0.113944 5931 
1169479826 9178 23465 5.113314 57 2159 1484 53.168882 0.190737 0.114321 5965 
1169566226 9208 23573 5.120113 57 2172 1480 53.365334 0.190571 0.114589 5996 
1169652626 9234 23696 5.132337 57 2170 1482 53.656270 0.190364 0.114859 6029 
1169739026 9263 23832 5.145633 57 2174 1482 53.904567 0.190749 0.114325 6079 
1169825426 9290 23938 5.153498 57 2171 1496 54.068676 0.190993 0.113776 6100 
1169911826 9312 24024 5.159794 57 2174 1498 54.227663 0.191032 0.113719 6122 
1169998226 9331 24121 5.170078 57 2180 1495 54.523845 0.190317 0.113602 6166 
1170084626 9356 24241 5.181915 60 2179 1500 54.832835 0.187977 0.113850 6202 
1170171026 9380 24374 5.197015 60 2173 1507 55.157143 0.187382 0.114439 6248 
1170257426 9416 24523 5.208794 60 2177 1512 55.437553 0.186696 0.114968 6291 
1170343826 9437 24670 5.228356 60 2171 1510 55.856310 0.186582 0.114930 6343 
1170430226 9465 24817 5.243951 60 2180 1506 56.232858 0.186203 0.114956 6393 
1170516626 9492 24945 5.256005 60 2167 1516 56.457227 0.186667 0.114788 6422 
1170603026 9511 25053 5.268216 62 2162 1524 56.737252 0.185606 0.114552 6449 
1170689426 9535 25175 5.280545 62 2167 1519 57.046460 0.184372 0.115172 6495 
1170775826 9561 25284 5.288987 62 2164 1527 57.246732 0.183765 0.114866 6521 
1170862226 9597 25411 5.295613 62 2184 1513 57.467334 0.183248 0.114662 6563 
1170948626 9620 25549 5.311642 62 2179 1523 57.850728 0.184207 0.115902 6626 
1171035026 9648 25688 5.325041 62 2173 1527 58.100746 0.184779 0.116481 6668 
1171121426 9679 25801 5.331336 62 2186 1520 58.282054 0.185100 0.116106 6698 
1171207826 9704 25902 5.338417 62 2194 1524 58.498557 0.184692 0.116431 6742 
1171294226 9725 26036 5.354447 63 2195 1516 58.838046 0.184716 0.117326 6796 
1171380626 9752 26188 5.370796 64 2195 1519 59.272559 0.184003 0.117398 6855 
1171467026 9793 26329 5.377106 64 2217 1513 59.511079 0.184019 0.117029 6898 
1171553426 9827 26507 5.394729 64 2222 1515 59.978223 0.182871 0.117495 6961 
1171639826 9854 26606 5.400041 64 2235 1514 60.185914 0.182581 0.116879 6987 
1171726226 9869 26684 5.407640 64 2236 1511 60.345121 0.182472 0.117261 7018 
1171812626 9881 26745 5.413420 64 2237 1512 60.466147 0.182464 0.117371 7047 
1171899026 9892 26805 5.419531 64 2237 1512 60.621917 0.181885 0.117364 7063 
1171985426 9908 26886 5.427130 64 2242 1507 60.813686 0.181672 0.117732 7092 
1172071826 9923 26971 5.436058 64 2242 1503 61.031140 0.181500 0.117615 7124 
1172158226 9952 27105 5.447146 64 2241 1513 61.340434 0.180450 0.118034 7182 
1172244626 9973 27246 5.463953 65 2233 1516 61.724055 0.179445 0.118674 7231 
1172331026 9994 27359 5.475085 65 2231 1521 61.997599 0.178390 0.118762 7263 
1172417426 10016 27464 5.484026 65 2232 1523 62.232827 0.178138 0.119604 7306 
1172503826 10039 27591 5.496763 65 2226 1523 62.517980 0.177436 0.119747 7348 
1172590226 10075 27782 5.515037 66 2228 1526 62.989578 0.175748 0.120068 7411 
1172676626 10105 27941 5.530134 66 2243 1517 63.379119 0.175836 0.120357 7490 
1172763026 10128 28103 5.549566 66 2229 1531 63.805095 0.175204 0.121708 7555 
1172849426 10160 28264 5.563780 66 2231 1529 64.126575 0.174298 0.122401 7622 
1172935826 10174 28341 5.571260 66 2229 1528 64.270297 0.174509 0.122866 7651 
1173022226 10197 28436 5.577327 66 2235 1530 64.461901 0.174163 0.123477 7697 
1173108626 10222 28555 5.586969 66 2237 1533 64.685384 0.173232 0.123288 7732 
1173195026 10254 28742 5.606007 66 2228 1546 65.162863 0.172757 0.124101 7802 
1173281426 10283 28925 5.625790 66 2227 1548 65.635320 0.173040 0.124136 7876 
1173367826 10310 29091 5.643259 66 2218 1555 66.034336 0.172379 0.124373 7927 
1173454226 10335 29232 5.656894 66 2223 1551 66.391679 0.172671 0.124356 7983 
1173540626 10358 29342 5.665573 66 2229 1549 66.631782 0.171969 0.124438 8026 
1173627026 10369 29408 5.672292 66 2230 1552 66.781175 0.171998 0.124184 8050 
1173713426 10384 29511 5.683937 66 2230 1548 67.099191 0.171332 0.124134 8090 
1173799826 10419 29666 5.694596 66 2242 1546 67.434495 0.170764 0.124001 8140 
1173886226 10451 29824 5.707396 67 2245 1551 67.792173 0.170300 0.123880 8198 
1173972626 10473 29987 5.726535 67 2235 1566 68.273465 0.170293 0.124812 8272 
1174059026 10502 30108 5.733765 67 2252 1558 68.529804 0.170165 0.124355 8322 
1174145426 10521 30227 5.746032 67 2251 1561 68.829389 0.169923 0.124298 8374 
1174231826 10539 30330 5.755764 67 2250 1569 69.111491 0.169703 0.124411 8411 
1174318226 10557 30455 5.769632 67 2245 1574 69.434309 0.169631 0.124733 8463 
1174404626 10590 30603 5.779603 67 2252 1574 69.687063 0.169533 0.125299 8515 
1174491026 10621 30752 5.790792 67 2254 1578 69.988325 0.169629 0.125179 8574 
1174577426 10646 30903 5.805561 67 2255 1579 70.366147 0.168648 0.125480 8637 
1174663826 10668 31042 5.819648 67 2246 1589 70.672291 0.168437 0.125543 8687 
1174750226 10689 31142 5.826925 67 2248 1588 70.886519 0.168674 0.125558 8729 
1174836626 10701 31218 5.834595 67 2250 1589 71.106252 0.168360 0.125318 8759 
1174923026 10734 31336 5.838644 68 2264 1594 71.324762 0.168057 0.124851 8803 
1175009426 10766 31474 5.846926 68 2272 1602 71.608397 0.167323 0.125124 8863 
1175095826 10790 31615 5.860056 68 2267 1608 71.955885 0.167053 0.125176 8918 
1175182226 10819 31758 5.870783 68 2266 1621 72.219614 0.167287 0.125356 8971 
1175268626 10847 31866 5.875542 68 2278 1623 72.452844 0.166876 0.125403 9019 
1175355026 10867 31972 5.884237 68 2283 1620 72.693660 0.167546 0.125201 9061 
1175441426 10875 32040 5.892414 68 2278 1622 72.883678 0.167426 0.125695 9089 
1175527826 10893 32151 5.903057 68 2275 1623 73.129900 0.166934 0.125824 9122 
1175614226 10911 32279 5.916781 70 2268 1625 73.524883 0.165747 0.126619 9184 
1175700626 10933 32409 5.928656 70 2271 1614 73.863532 0.164835 0.126889 9239 
1175787026 10952 32529 5.940285 70 2270 1618 74.180789 0.164445 0.127220 9285 
1175873426 10982 32628 5.942087 70 2283 1623 74.269896 0.164615 0.126731 9310 
1175959826 11001 32724 5.949277 70 2286 1623 74.487047 0.164735 0.126875 9354 
1176046226 11025 32821 5.953923 70 2290 1625 74.618594 0.164977 0.127215 9397 
1176132626 11041 32925 5.964134 70 2285 1633 74.844126 0.165116 0.127398 9442 
1176219026 11077 33099 5.976167 70 2289 1638 75.176853 0.164934 0.127004 9501 
1176305426 11109 33303 5.995679 70 2285 1643 75.687281 0.164496 0.127178 9567 
1176391826 11129 33419 6.005751 70 2288 1646 76.006110 0.164239 0.127134 9612 
1176478226 11153 33541 6.014705 70 2287 1653 76.272214 0.164067 0.127326 9655 
1176564626 11167 33640 6.024895 70 2287 1647 76.514194 0.164208 0.127019 9689 
1176651026 11185 33729 6.031113 70 2288 1647 76.698257 0.164290 0.127288 9720 
1176737426 11201 33845 6.043210 70 2286 1644 76.998839 0.164271 0.127497 9763 
1176823826 11227 34024 6.061103 71 2284 1650 77.547163 0.163753 0.128394 9839 
1176910226 11260 34209 6.076199 71 2285 1654 77.969805 0.163065 0.128903 9912 
1176996626 11285 34355 6.088613 71 2294 1648 78.299867 0.163131 0.128632 9967 
1177083026 11321 34518 6.098048 71 2309 1649 78.639166 0.162787 0.128402 10025 
1177169426 11346 34614 6.101534 71 2321 1646 78.786709 0.163093 0.128123 10059 
1177255826 11361 34695 6.107737 72 2322 1643 78.986709 0.162598 0.128653 10090 
1177342226 11378 34816 6.119880 72 2328 1625 79.315521 0.162763 0.128138 10133 
1177428626 11401 34973 6.135076 72 2325 1636 79.783879 0.162580 0.128255 10200 
1177515026 11428 35123 6.146832 72 2328 1641 80.084879 0.162824 0.128206 10258 
1177601426 11457 35284 6.159379 72 2329 1645 80.387012 0.163082 0.127925 10306 
1177687826 11495 35431 6.164593 72 2337 1647 80.566333 0.163549 0.127162 10346 
1177774226 11517 35537 6.171225 72 2333 1655 80.769471 0.163367 0.127557 10389 
1177860626 11532 35629 6.179154 72 2330 1659 80.964100 0.163356 0.127891 10434 
1177947026 11559 35770 6.189117 72 2337 1666 81.241457 0.162687 0.127884 10484 
1178033426 11596 35936 6.197999 72 2349 1664 81.571231 0.162334 0.127812 10546 
1178119826 11623 36074 6.207348 73 2345 1672 81.830681 0.162311 0.128115 10595 
1178206226 11642 36228 6.223673 73 2342 1669 82.273493 0.161744 0.128083 10647 
1178292626 11665 36357 6.233519 73 2346 1662 82.534076 0.161560 0.127960 10692 
1178379026 11685 36494 6.246299 73 2347 1654 82.930081 0.160518 0.127843 10752 
1178465426 11709 36590 6.249893 73 2346 1658 83.057990 0.160159 0.128315 10783 
1178551826 11728 36727 6.263131 74 2341 1653 83.400921 0.159360 0.128377 10830 
1178638226 11750 36913 6.283064 74 2336 1655 83.933787 0.158736 0.128578 10906 
1178724626 11782 37043 6.288067 74 2341 1655 84.104736 0.158202 0.128884 10947 
1178811026 11805 37185 6.299873 74 2336 1661 84.429479 0.157481 0.129162 11004 
1178897426 11835 37331 6.308576 74 2344 1667 84.731559 0.157015 0.129180 11054 
1178983826 11854 37413 6.312300 74 2348 1675 84.906023 0.157130 0.129024 11094 
1179070226 11875 37518 6.318821 74 2351 1678 85.150821 0.156528 0.129023 11131 
1179156626 11901 37666 6.329888 74 2353 1681 85.463238 0.156457 0.129221 11191 
1179243026 11930 37831 6.342163 75 2349 1698 85.909137 0.155961 0.129676 11261 
1179329426 11959 37968 6.349695 75 2363 1694 86.187139 0.155577 0.129463 11309 
1179415826 11986 38104 6.358084 75 2370 1702 86.473052 0.154905 0.129624 11367 
1179502226 12016 38262 6.368509 75 2373 1705 86.799767 0.154567 0.129695 11432 
1179588626 12030 38382 6.381047 76 2370 1703 87.123026 0.154526 0.129984 11490 
1179675026 12044 38464 6.387247 76 2370 1703 87.313683 0.154280 0.129971 11512 
1179761426 12062 38591 6.398773 76 2364 1712 87.608854 0.154151 0.130558 11570 
1179847826 12083 38723 6.409501 76 2360 1714 87.901349 0.153830 0.130333 11613 
1179934226 12104 38863 6.421514 76 2362 1706 88.270159 0.153925 0.129842 11661 
1180020626 12147 39071 6.433029 76 2370 1716 88.690706 0.152980 0.129504 11724 
1180107026 12173 39229 6.445248 76 2378 1709 89.032613 0.152949 0.129433 11791 
1180193426 12191 39339 6.453777 76 2374 1715 89.293413 0.153181 0.129799 11834 
1180279826 12207 39432 6.460555 77 2367 1728 89.524699 0.152160 0.129607 11863 
1180366226 12238 39562 6.465436 77 2379 1727 89.711064 0.152222 0.129332 11901 
1180452626 12259 39709 6.478342 78 2378 1731 90.059711 0.151487 0.129085 11954 
1180539026 12288 39889 6.492350 78 2374 1741 90.476237 0.151344 0.128911 12015 
1180625426 12309 40065 6.509871 79 2373 1738 90.984483 0.151242 0.129174 12099 
1180711826 12337 40213 6.519089 79 2374 1744 91.274378 0.151138 0.129300 12158 
1180798226 12353 40334 6.530236 79 2363 1762 91.624868 0.150777 0.130317 12218 
1180884626 12372 40421 6.534271 79 2368 1766 91.759942 0.150853 0.130165 12251 
1180971026 12392 40526 6.540671 79 2372 1767 91.950775 0.150960 0.129969 12284 
1181057426 12433 40669 6.542106 80 2385 1772 92.123864 0.150411 0.130207 12346 
1181143826 12462 40797 6.547424 80 2394 1771 92.368159 0.150735 0.130452 12401 
1181230226 12497 40938 6.551652 80 2402 1779 92.548772 0.150532 0.130499 12453 
1181316626 12524 41082 6.560524 80 2410 1773 92.824497 0.150337 0.130188 12501 
1181403026 12550 41174 6.561594 81 2426 1770 92.936574 0.150049 0.129712 12529 
1181489426 12576 41283 6.565363 81 2424 1786 93.102894 0.149904 0.129616 12560 
1181575826 12596 41414 6.575738 81 2415 1800 93.395205 0.149805 0.129460 12603 
1181662226 12633 41593 6.584818 81 2423 1803 93.684635 0.149600 0.129533 12671 
1181748626 12668 41751 6.591569 81 2431 1807 93.963688 0.149046 0.129907 12738 
1181835026 12706 41925 6.599244 81 2446 1804 94.237053 0.149115 0.130107 12798 
1181921426 12732 42090 6.611687 81 2453 1807 94.647031 0.148754 0.129988 12861 
1182007826 12749 42213 6.622166 81 2446 1814 94.947682 0.148377 0.130192 12909 
1182094226 12777 42342 6.627847 81 2452 1814 95.136887 0.148805 0.129823 12960 
1182180626 12799 42489 6.639425 81 2450 1821 95.485429 0.148578 0.129639 13013 
1182267026 12824 42639 6.649875 81 2450 1819 95.830942 0.148116 0.129585 13068 
1182353426 12851 42791 6.659560 81 2440 1831 96.119524 0.147716 0.129553 13131 
1182439826 12877 42927 6.667236 81 2442 1833 96.371670 0.147767 0.129774 13183 
1182526226 12919 43108 6.673582 81 2456 1840 96.657946 0.147788 0.129692 13260 
1182612626 12937 43253 6.686713 81 2448 1845 97.078148 0.147056 0.130134 13314 
1182699026 12961 43364 6.691459 81 2448 1852 97.265643 0.147355 0.129895 13354 
1182785426 12999 43514 6.694977 81 2467 1845 97.462728 0.147150 0.129701 13413 
1182871826 13040 43689 6.700767 81 2478 1845 97.713650 0.147058 0.130058 13477 
1182958226 13069 43833 6.707935 81 2481 1848 97.949499 0.147298 0.130170 13534 
1183044626 13106 43981 6.711582 81 2492 1849 98.125286 0.147049 0.130238 13593 
1183131026 13133 44113 6.717886 81 2488 1857 98.314475 0.147370 0.130387 13646 
1183217426 13159 44248 6.725131 81 2494 1856 98.578615 0.146965 0.130386 13699 
1183303826 13173 44345 6.732711 81 2494 1863 98.806194 0.146666 0.130320 13741 
1183390226 13209 44494 6.736922 81 2497 1876 99.036263 0.145801 0.130237 13786 
1183476626 13240 44688 6.750453 81 2504 1866 99.461027 0.145304 0.130287 13859 
1183563026 13278 44832 6.752824 81 2521 1860 99.611689 0.145511 0.130430 13910 
1183649426 13306 44953 6.756801 81 2528 1861 99.784759 0.145456 0.130633 13951 
1183735826 13335 45142 6.770454 81 2528 1865 100.222572 0.145552 0.130999 14037 
1183822226 13352 45270 6.781007 81 2523 1866 100.551678 0.145631 0.130856 14097 
1183908626 13379 45409 6.788101 81 2530 1867 100.770162 0.145631 0.130323 14145 
1183995026 13414 45560 6.792903 81 2540 1873 100.973311 0.145830 0.130001 14192 
1184081426 13456 45733 6.797414 81 2547 1882 101.172265 0.146387 0.130025 14250 
1184167826 13484 45898 6.807772 81 2543 1897 101.507416 0.146848 0.130644 14315 
1184254226 13512 46059 6.817496 82 2543 1903 101.895944 0.146109 0.130763 14374 
1184340626 13536 46224 6.829787 82 2549 1903 102.351359 0.146433 0.131094 14453 
1184427026 13560 46374 6.839823 83 2547 1909 102.679351 0.146472 0.131048 14520 
1184513426 13575 46477 6.847440 83 2541 1910 102.866446 0.146608 0.131141 14559 
1184599826 13603 46673 6.862163 83 2530 1922 103.341322 0.146429 0.131862 14649 
1184686226 13644 46866 6.869833 83 2537 1933 103.678393 0.146246 0.131567 14726 
1184772626 13682 47029 6.874580 83 2551 1938 103.881596 0.147142 0.131382 14793 
1184859026 13721 47216 6.882297 83 2567 1942 104.265433 0.146320 0.130954 14876 
1184945426 13755 47394 6.891167 83 2567 1949 104.583788 0.145842 0.131182 14956 
1185031826 13789 47537 6.894916 83 2582 1949 104.792661 0.146135 0.131006 15008 
1185118226 13818 47654 6.897380 83 2587 1945 104.895064 0.146472 0.130546 15045 
1185204626 13845 47778 6.901842 83 2588 1956 105.096714 0.146459 0.131077 15093 
1185291026 13874 47922 6.908174 83 2598 1946 105.327375 0.146657 0.130867 15139 
1185377426 13907 48081 6.914647 83 2605 1953 105.626950 0.146177 0.131043 15196 
1185463826 13939 48245 6.922304 83 2610 1962 105.928402 0.146152 0.130963 15256 
1185550226 13973 48390 6.926215 83 2626 1956 106.128390 0.146172 0.131130 15326 
1185636626 13998 48535 6.934562 83 2627 1953 106.372768 0.146147 0.130948 15380 
1185723026 14022 48637 6.937241 83 2635 1954 106.520753 0.146007 0.130985 15414 
1185809426 14057 48797 6.942733 83 2642 1955 106.767162 0.145803 0.130886 15475 
1185895826 14091 48975 6.951245 83 2642 1961 107.123270 0.145594 0.130976 15530 
1185982226 14119 49142 6.961116 83 2643 1973 107.499540 0.144908 0.131041 15604 
1186068626 14156 49324 6.968635 83 2654 1970 107.816050 0.145040 0.130713 15677 
1186155026 14198 49500 6.972813 83 2670 1971 108.040851 0.145335 0.130328 15747 
1186241426 14223 49623 6.977853 83 2676 1968 108.238065 0.145379 0.130457 15797 
1186327826 14241 49755 6.987571 83 2672 1974 108.565831 0.145070 0.130455 15849 
1186414226 14281 49933 6.992928 83 2684 1978 108.837056 0.145278 0.130345 15928 
1186500626 14318 50145 7.004470 84 2684 1995 109.245006 0.145071 0.130553 16007 
1186587026 14351 50361 7.018466 84 2678 2004 109.634451 0.145506 0.131398 16097 
1186673426 14387 50583 7.031765 85 2680 2013 110.140544 0.144996 0.131308 16184 
1186759826 14417 50743 7.039329 85 2676 2028 110.392731 0.144873 0.131693 16245 
1186846226 14447 50869 7.042154 85 2680 2034 110.520246 0.144952 0.131850 16299 
1186932626 14467 50986 7.048593 85 2685 2030 110.738647 0.145200 0.131962 16350 
1187019026 14485 51118 7.058060 86 2688 2026 111.064826 0.144890 0.132025 16400 
1187105426 14518 51274 7.063507 87 2689 2040 111.312991 0.144639 0.132317 16468 
1187191826 14547 51447 7.073211 87 2691 2036 111.623977 0.144520 0.132252 16536 
1187278226 14584 51609 7.077482 87 2703 2033 111.837767 0.144670 0.131984 16593 
1187364626 14611 51770 7.086442 87 2697 2048 112.173294 0.144014 0.132217 16647 
1187451026 14630 51916 7.097198 87 2697 2039 112.519344 0.144676 0.131942 16714 
1187537426 14654 52067 7.106183 87 2701 2045 112.818889 0.144737 0.131984 16773 
1187623826 14678 52217 7.115002 87 2704 2041 113.110369 0.144497 0.132263 16841 
1187710226 14708 52399 7.125238 87 2704 2049 113.497008 0.144576 0.132866 16935 
1187796626 14747 52547 7.126466 87 2720 2045 113.660270 0.144514 0.132590 17002 
1187883026 14779 52704 7.132282 87 2727 2046 113.897016 0.144342 0.132582 17062 
1187969426 14823 52875 7.134183 87 2738 2061 114.094718 0.143799 0.132691 17121 
1188055826 14845 53013 7.142203 87 2731 2065 114.335332 0.143949 0.132732 17171 
1188142226 14864 53140 7.150161 87 2724 2073 114.616389 0.143384 0.132742 17218 
1188228626 14892 53329 7.162100 87 2720 2071 115.032635 0.143069 0.132702 17295 
1188315026 14928 53507 7.168676 87 2733 2074 115.295686 0.143360 0.132971 17370 
1188401426 14959 53692 7.178555 89 2742 2072 115.712147 0.143098 0.132916 17457 
1188487826 14984 53863 7.189402 89 2739 2077 116.114389 0.142964 0.132642 17527 
1188574226 15012 54025 7.197575 90 2740 2080 116.459766 0.142903 0.132890 17599 
1188660626 15036 54149 7.202580 90 2742 2077 116.648710 0.142815 0.132866 17650 
1188747026 15055 54253 7.207307 90 2749 2077 116.829359 0.142792 0.132841 17691 
1188833426 15086 54392 7.210924 90 2747 2092 116.991515 0.142703 0.132923 17735 
1188919826 15110 54528 7.217472 90 2751 2088 117.225017 0.143054 0.132620 17790 
1189006226 15141 54711 7.226867 90 2747 2107 117.549303 0.143169 0.133351 17868 
1189092626 15179 54930 7.237631 90 2752 2112 117.975492 0.143302 0.133539 17958 
1189179026 15211 55085 7.242785 90 2761 2105 118.192755 0.143524 0.133742 18022 
1189265426 15243 55213 7.244374 91 2777 2097 118.370531 0.143382 0.133171 18061 
1189351826 15264 55345 7.251703 91 2769 2111 118.610980 0.143641 0.133295 18124 
1189438226 15319 55541 7.251257 91 2797 2105 118.777727 0.143861 0.132560 18211 
1189524626 15345 55704 7.260215 91 2795 2108 119.110329 0.143628 0.132635 18279 
1189611026 15384 55873 7.263781 91 2805 2109 119.330083 0.143446 0.132946 18341 
1189697426 15423 56027 7.265383 91 2819 2111 119.461713 0.143636 0.133154 18400 
1189783826 15449 56169 7.271539 91 2825 2112 119.671306 0.143797 0.132963 18446 
1189870226 15479 56316 7.276439 91 2827 2120 119.874152 0.144071 0.132796 18495 
1189956626 15507 56451 7.280712 91 2834 2129 120.109757 0.144435 0.132702 18547 
1190043026 15544 56616 7.284611 91 2846 2129 120.304169 0.144844 0.132156 18607 
1190129426 15586 56808 7.289619 91 2858 2132 120.550622 0.144612 0.132135 18687 
1190215826 15623 57001 7.297062 92 2854 2147 120.864495 0.144360 0.132588 18770 
1190302226 15679 57222 7.299190 92 2873 2162 121.058103 0.144499 0.133083 18860 
1190388626 15725 57433 7.304674 92 2891 2154 121.351987 0.144469 0.132883 18940 
1190475026 15752 57578 7.310564 92 2889 2163 121.566277 0.144778 0.133077 18999 
1190561426 15788 57698 7.309096 92 2911 2158 121.613504 0.145024 0.132830 19053 
1190647826 15832 57852 7.308236 92 2935 2154 121.719429 0.145260 0.132319 19104 
1190734226 15880 58033 7.308942 92 2957 2156 121.871788 0.145737 0.131682 19169 
1190820626 15928 58212 7.309392 93 2972 2162 122.049473 0.144971 0.131267 19213 
1190907026 15971 58423 7.316135 93 2979 2170 122.368543 0.145214 0.131888 19299 
1190993426 16017 58621 7.319848 93 2996 2170 122.620216 0.145109 0.131773 19372 
1191079826 16053 58741 7.318383 94 3016 2166 122.712764 0.144612 0.131371 19406 
1191166226 16090 58864 7.316843 94 3029 2178 122.752641 0.144958 0.131344 19444 
1191252626 16145 59035 7.313100 94 3050 2197 122.806070 0.145019 0.131702 19503 
1191339026 16195 59260 7.318308 94 3067 2202 123.041433 0.145402 0.131123 19588 
1191425426 16234 59430 7.321671 94 3071 2217 123.215843 0.145187 0.130927 19647 
1191511826 16287 59631 7.322527 94 3096 2220 123.451833 0.145344 0.130872 19713 
1191598226 16329 59813 7.325984 94 3115 2220 123.705187 0.145146 0.130649 19789 
1191684626 16371 59960 7.325148 94 3135 2224 123.789995 0.145145 0.130189 19833 
1191771026 16400 60063 7.324756 94 3141 2239 123.846220 0.145080 0.130211 19870 
1191857426 16433 60248 7.332563 94 3142 2235 124.106980 0.145235 0.130031 19937 
1191943826 16484 60429 7.331837 94 3163 2238 124.240597 0.145441 0.129696 20009 
1192030226 16522 60590 7.334463 94 3180 2240 124.386031 0.145719 0.129623 20073 
1192116626 16568 60773 7.336190 94 3207 2238 124.594157 0.145504 0.129436 20137 
1192203026 16610 60946 7.338471 95 3221 2248 124.809994 0.145191 0.129161 20192 
1192289426 16646 61061 7.336417 95 3232 2261 124.884176 0.145471 0.129071 20236 
1192375826 16671 61172 7.338732 95 3239 2265 125.043009 0.145093 0.129004 20271 
1192462226 16700 61316 7.343234 96 3243 2270 125.251018 0.145518 0.128799 20324 
1192548626 16741 61527 7.350457 97 3245 2287 125.582940 0.145398 0.128920 20411 
1192635026 16783 61719 7.354943 98 3256 2294 125.874754 0.144670 0.128969 20486 
1192721426 16826 61905 7.358255 98 3271 2297 126.083323 0.144535 0.128720 20557 
1192807826 16880 62088 7.356398 98 3294 2307 126.205806 0.144722 0.128357 20627 
1192894226 16903 62201 7.359759 99 3302 2312 126.385257 0.144708 0.128673 20686 
1192980626 16922 62280 7.360832 99 3312 2313 126.508332 0.144979 0.128562 20718 
1193067026 16947 62408 7.365079 100 3309 2327 126.726028 0.144858 0.128674 20768 
1193153426 16978 62596 7.373778 100 3305 2340 127.077512 0.145304 0.128881 20848 
1193239826 17025 62797 7.377034 102 3324 2348 127.326285 0.144923 0.128960 20944 
1193326226 17062 62967 7.380964 102 3334 2353 127.601219 0.144837 0.128877 21016 
1193412626 17108 63144 7.381810 102 3351 2362 127.749708 0.144858 0.129009 21083 
1193499026 17125 63250 7.386861 102 3351 2365 127.973956 0.144800 0.129376 21136 
1193585426 17147 63330 7.386715 102 3361 2367 128.031959 0.144811 0.129245 21163 
1193671826 17173 63429 7.387061 102 3372 2366 128.111920 0.144894 0.128995 21198 
1193758226 17209 63607 7.392295 102 3378 2374 128.390610 0.144866 0.129184 21270 
1193844626 17245 63770 7.395767 103 3388 2368 128.564222 0.144904 0.128953 21328 
1193931026 17278 63896 7.396226 103 3408 2364 128.698692 0.145432 0.128549 21379 
1194017426 17313 64077 7.402183 103 3413 2368 128.952810 0.145449 0.128660 21460 
1194103826 17342 64196 7.403529 103 3423 2372 129.081190 0.145180 0.128805 21512 
1194190226 17364 64313 7.407625 103 3420 2388 129.250979 0.145046 0.129161 21560 
1194276626 17394 64451 7.410716 103 3430 2389 129.404622 0.145212 0.129542 21621 
1194363026 17439 64623 7.411319 104 3456 2393 129.620965 0.145018 0.129402 21686 
1194449426 17477 64791 7.414430 105 3465 2399 129.854552 0.145183 0.129558 21763 
1194535826 17510 64986 7.422730 105 3470 2385 130.171331 0.145108 0.129737 21849 
1194622226 17546 65153 7.426536 105 3483 2390 130.420609 0.145193 0.129832 21926 
1194708626 17580 65296 7.428441 105 3502 2391 130.609215 0.145178 0.129799 21988 
1194795026 17604 65402 7.430357 105 3500 2402 130.695410 0.145377 0.129777 22024 
1194881426 17639 65544 7.431714 106 3517 2398 130.824537 0.145108 0.129901 22089 
1194967826 17682 65749 7.436828 106 3535 2390 131.118539 0.144689 0.129927 22164 
1195054226 17728 65935 7.438515 106 3555 2389 131.304829 0.144408 0.129548 22232 
1195140626 17764 66095 7.441455 106 3575 2386 131.526008 0.144589 0.129589 22300 
1195227026 17800 66261 7.445056 106 3588 2399 131.732584 0.144477 0.129502 22366 
1195313426 17832 66377 7.444706 106 3604 2398 131.820211 0.144427 0.129517 22412 
1195399826 17851 66493 7.449779 106 3606 2404 132.037645 0.144213 0.129270 22461 
1195486226 17882 66631 7.452298 106 3617 2407 132.226932 0.144115 0.129304 22512 
1195572626 17918 66823 7.458757 106 3621 2419 132.513004 0.144394 0.129475 22600 
1195659026 17951 66969 7.461311 107 3627 2429 132.688207 0.144212 0.129680 22665 
1195745426 17968 67072 7.465717 107 3631 2432 132.860641 0.144327 0.129586 22706 
1195831826 17992 67176 7.467319 107 3638 2436 132.985660 0.144320 0.129657 22750 
1195918226 18013 67261 7.468051 107 3649 2429 133.084328 0.144104 0.129464 22778 
1196004626 18031 67373 7.473019 108 3643 2438 133.305418 0.143972 0.129676 22823 
1196091026 18058 67523 7.478458 108 3650 2433 133.558423 0.143973 0.130020 22885 
1196177426 18096 67710 7.483422 109 3662 2422 133.830460 0.143807 0.130111 22958 
1196263826 18137 67883 7.485582 109 3677 2431 134.016982 0.143998 0.130146 23017 
1196350226 18169 68041 7.489790 109 3684 2429 134.231383 0.143983 0.130044 23069 
1196436626 18200 68199 7.494396 109 3689 2439 134.508791 0.143694 0.130146 23136 
1196523026 18226 68308 7.495666 109 3696 2435 134.608032 0.143735 0.129849 23171 
1196609426 18245 68415 7.499589 109 3698 2436 134.739161 0.143804 0.129911 23210 
1196695826 18277 68541 7.500246 109 3718 2431 134.846419 0.143552 0.129832 23263 
1196782226 18298 68716 7.510766 109 3714 2435 135.231938 0.143025 0.129797 23333 
1196868626 18324 68885 7.518555 109 3728 2418 135.569090 0.142895 0.129609 23399 
1196955026 18354 69020 7.520976 109 3727 2433 135.707857 0.142836 0.129547 23432 
1197041426 18390 69188 7.524524 109 3739 2437 135.916911 0.142962 0.129242 23503 
1197127826 18416 69322 7.528454 109 3740 2440 136.116421 0.143111 0.129459 23571 
1197214226 18439 69436 7.531428 109 3740 2453 136.255220 0.143135 0.129253 23612 
1197300626 18466 69548 7.532546 109 3756 2457 136.364779 0.142935 0.129265 23657 
1197387026 18505 69702 7.533315 110 3764 2467 136.488192 0.142648 0.129582 23713 
1197473426 18536 69863 7.538088 110 3769 2472 136.730039 0.142894 0.129418 23782 
1197559826 18569 70011 7.540632 110 3774 2481 136.924659 0.142848 0.129736 23851 
1197646226 18605 70138 7.539694 110 3795 2481 137.038001 0.142902 0.129439 23902 
1197732626 18628 70249 7.542302 110 3806 2482 137.181447 0.142978 0.129206 23940 
1197819026 18645 70335 7.544650 111 3806 2488 137.352641 0.142594 0.129394 23988 
1197905426 18676 70463 7.545834 111 3817 2499 137.494217 0.142437 0.129774 24046 
1197991826 18697 70563 7.548056 113 3818 2510 137.654276 0.142168 0.130079 24093 
1198078226 18741 70710 7.546022 113 3839 2514 137.704285 0.142262 0.129942 24144 
1198164626 18786 70844 7.542212 113 3866 2516 137.756201 0.142307 0.129944 24189 
1198251026 18812 70967 7.544865 113 3865 2527 137.910483 0.142064 0.130234 24236 
1198337426 18844 71088 7.544895 113 3880 2533 138.002229 0.142009 0.130201 24294 
1198423826 18855 71173 7.549509 113 3875 2540 138.191673 0.141706 0.130500 24336 
1198510226 18878 71257 7.549211 113 3885 2543 138.263481 0.141896 0.130527 24373 
1198596626 18892 71354 7.553885 113 3890 2535 138.428647 0.141935 0.130293 24415 
1198683026 18900 71418 7.557460 113 3888 2541 138.600106 0.141828 0.130260 24443 
1198769426 18922 71510 7.558398 113 3892 2553 138.691365 0.141882 0.130343 24478 
1198855826 18942 71631 7.563193 113 3894 2551 138.880583 0.141883 0.130283 24527 
1198942226 18961 71762 7.569432 113 3889 2561 139.134961 0.141772 0.130182 24571 
1199028626 18988 71864 7.569412 113 3894 2570 139.234885 0.141786 0.130369 24612 
1199115026 19015 71997 7.572653 113 3897 2575 139.389009 0.141641 0.130624 24655 
1199201426 19034 72094 7.575286 113 3898 2576 139.536829 0.141656 0.130566 24696 
1199287826 19060 72221 7.578279 113 3893 2596 139.693075 0.141808 0.130665 24752 
1199374226 19094 72337 7.576935 113 3914 2597 139.762857 0.142012 0.130672 24800 
1199460626 19120 72455 7.578975 114 3921 2600 139.936297 0.141963 0.130627 24839 
1199547026 19142 72544 7.579563 114 3932 2599 140.013269 0.141897 0.130550 24869 
1199633426 19170 72648 7.579343 114 3947 2602 140.108816 0.141755 0.130377 24915 
1199719826 19197 72741 7.578372 114 3955 2608 140.149711 0.141935 0.130291 24947 
1199806226 19221 72852 7.580459 114 3970 2603 140.273139 0.141735 0.130220 24995 
1199892626 19238 72954 7.584364 114 3974 2604 140.476349 0.141365 0.130238 25039 
1199979026 19265 73077 7.586504 114 3978 2607 140.622372 0.141387 0.130193 25090 
1200065426 19298 73195 7.585760 114 3996 2604 140.712198 0.141234 0.130011 25125 
1200151826 19329 73309 7.585390 115 4004 2610 140.782762 0.141280 0.129911 25167 
1200238226 19350 73405 7.587080 115 4004 2621 140.867390 0.141316 0.130210 25204 
1200324626 19381 73511 7.585883 115 4024 2616 140.905216 0.141537 0.130291 25257 
1200411026 19405 73650 7.590827 116 4022 2635 141.204638 0.141177 0.130669 25323 
1200497426 19449 73791 7.588154 116 4040 2643 141.227929 0.141446 0.130656 25371 
1200583826 19480 73929 7.590246 116 4051 2642 141.395277 0.141495 0.130470 25436 
1200670226 19511 74070 7.592640 116 4060 2651 141.559736 0.141391 0.130397 25492 
1200756626 19535 74164 7.592936 117 4067 2659 141.654773 0.141541 0.130305 25529 
1200843026 19551 74259 7.596440 117 4065 2668 141.806353 0.141720 0.130504 25576 
1200929426 19573 74379 7.600163 117 4070 2671 141.983753 0.141586 0.130505 25626 
1201015826 19602 74494 7.600653 118 4085 2667 142.101214 0.141293 0.130313 25674 
1201102226 19649 74650 7.598351 118 4104 2675 142.186269 0.141393 0.130108 25748 
1201188626 19682 74791 7.599939 118 4110 2684 142.334620 0.141088 0.130747 25813 
1201275026 19722 74944 7.600041 118 4134 2683 142.462326 0.141161 0.130357 25871 
1201361426 19769 75131 7.600890 118 4155 2693 142.653447 0.140997 0.129904 25941 
1201447826 19806 75306 7.604362 118 4162 2700 142.851358 0.141103 0.130010 25999 
1201534226 19837 75459 7.607904 118 4168 2709 142.996018 0.141443 0.129966 26058 
1201620626 19875 75660 7.613585 118 4176 2714 143.312704 0.141300 0.130104 26142 
1201707026 19919 75819 7.612732 119 4195 2716 143.488227 0.141057 0.130291 26211 
1201793426 19959 75959 7.611504 119 4215 2718 143.558595 0.140956 0.130130 26268 
1201879826 19995 76102 7.612103 119 4229 2723 143.743036 0.140905 0.130172 26336 
1201966226 20017 76201 7.613628 119 4232 2729 143.872508 0.140860 0.130079 26372 
1202052626 20029 76273 7.616256 119 4235 2731 144.016276 0.140776 0.129999 26403 
1202139026 20055 76351 7.614161 119 4255 2724 144.034106 0.141039 0.129793 26438 
1202225426 20077 76454 7.616078 119 4261 2723 144.156697 0.140835 0.129921 26478 
1202311826 20096 76531 7.616541 119 4270 2723 144.242038 0.140848 0.129944 26503 
1202398226 20137 76681 7.615931 119 4289 2731 144.359537 0.140795 0.129720 26557 
1202484626 20181 76833 7.614390 119 4305 2739 144.434964 0.140947 0.129636 26617 
1202571026 20213 77026 7.621432 119 4298 2747 144.744471 0.140709 0.130241 26705 
1202657426 20238 77125 7.621801 119 4310 2745 144.860164 0.140445 0.129974 26746 
1202743826 20272 77277 7.624013 119 4323 2748 145.035813 0.140297 0.130176 26814 
1202830226 20303 77457 7.630104 119 4316 2769 145.259223 0.140462 0.130217 26886 
1202916626 20344 77659 7.634585 119 4319 2792 145.541781 0.140523 0.130727 26971 
1203003026 20383 77833 7.637050 119 4328 2808 145.752735 0.140348 0.130855 27032 
1203089426 20417 77998 7.640496 120 4334 2812 145.937601 0.140395 0.131042 27095 
1203175826 20449 78107 7.639200 120 4349 2813 145.990220 0.140217 0.130917 27131 
1203262226 20470 78214 7.641817 120 4357 2804 146.136004 0.140168 0.130651 27175 
1203348626 20498 78366 7.646209 120 4365 2805 146.364914 0.140228 0.130584 27240 
1203435026 20534 78546 7.650336 120 4365 2816 146.573098 0.140412 0.130616 27316 
1203521426 20569 78721 7.654334 120 4365 2826 146.786329 0.140080 0.130682 27381 
1203607826 20599 78866 7.657265 120 4373 2816 146.944900 0.140123 0.130675 27441 
1203694226 20629 79000 7.659121 120 4381 2820 147.076640 0.140219 0.130442 27489 
1203780626 20660 79129 7.660116 121 4389 2824 147.245789 0.140072 0.130439 27542 
1203867026 20676 79216 7.662604 121 4390 2824 147.357613 0.140072 0.130679 27573 
1203953426 20717 79352 7.660569 122 4409 2832 147.433702 0.140086 0.130599 27620 
1204039826 20756 79522 7.662555 122 4428 2836 147.631046 0.139842 0.130381 27681 
1204126226 20798 79712 7.665352 122 4437 2845 147.806616 0.139974 0.130314 27744 
1204212626 20840 79883 7.666315 122 4443 2863 147.980134 0.139805 0.130715 27830 
1204299026 20891 80046 7.663204 122 4464 2880 148.015605 0.139876 0.130785 27904 
1204385426 20918 80170 7.665169 122 4472 2884 148.179941 0.139634 0.130873 27958 
1204471826 20945 80323 7.669897 123 4474 2892 148.410599 0.139489 0.131186 28028 
1204558226 20969 80442 7.672469 124 4484 2894 148.560160 0.139540 0.130959 28073 
1204644626 21024 80674 7.674467 124 4500 2903 148.821157 0.139514 0.130957 28169 
1204731026 21071 80867 7.675668 124 4516 2908 148.987708 0.139519 0.130832 28250 
1204817426 21112 81061 7.679140 124 4518 2929 149.184066 0.139632 0.131267 28326 
1204903826 21156 81212 7.677444 124 4538 2937 149.273114 0.139708 0.131024 28377 
1204990226 21191 81364 7.679109 124 4543 2945 149.432023 0.139527 0.131221 28434 
1205076626 21231 81491 7.676605 124 4563 2953 149.477839 0.139583 0.131101 28474 
1205163026 21267 81639 7.677529 124 4565 2967 149.618470 0.139663 0.131196 28533 
1205249426 21318 81818 7.675955 125 4587 2976 149.728117 0.139573 0.131436 28602 
1205335826 21363 82001 7.676918 125 4600 2979 149.870243 0.139679 0.131581 28675 
1205422226 21398 82148 7.678101 125 4604 2992 150.019721 0.139409 0.131928 28742 
1205508626 21428 82293 7.680885 125 4614 2990 150.220926 0.139281 0.131832 28801 
1205595026 21455 82398 7.681007 125 4623 2994 150.315451 0.139223 0.131984 28851 
1205681426 21472 82475 7.682098 125 4626 3003 150.391300 0.139242 0.131965 28884 
1205767826 21505 82610 7.682864 125 4628 3016 150.502395 0.139425 0.131860 28943 
1205854226 21559 82809 7.682082 125 4647 3025 150.631662 0.139597 0.131555 29017 
1205940626 21603 82985 7.682729 125 4659 3030 150.754155 0.139539 0.131393 29081 
1206027026 21628 83118 7.686148 125 4654 3044 150.918994 0.139515 0.131576 29139 
1206113426 21665 83262 7.686314 125 4673 3042 151.010385 0.139419 0.131163 29181 
1206199826 21687 83393 7.690598 125 4678 3046 151.221008 0.139784 0.131277 29246 
1206286226 21715 83515 7.691918 125 4686 3047 151.334009 0.139771 0.131282 29295 
1206372626 21736 83624 7.694516 125 4686 3051 151.477181 0.139664 0.131187 29343 
1206459026 21781 83799 7.694688 125 4691 3059 151.595886 0.139700 0.131383 29417 
1206545426 21818 83971 7.697406 125 4705 3059 151.763956 0.139777 0.131135 29486 
1206631826 21859 84146 7.698980 125 4719 3063 151.907407 0.139747 0.131253 29561 
1206718226 21894 84376 7.707682 125 4705 3074 152.278067 0.139480 0.131246 29658 
1206804626 21934 84529 7.707577 126 4721 3071 152.361083 0.139554 0.130899 29708 
1206891026 21972 84675 7.707537 126 4739 3072 152.536774 0.139474 0.131112 29769 
1206977426 22012 84880 7.712157 126 4742 3079 152.765219 0.139568 0.131038 29857 
1207063826 22051 85073 7.716022 126 4752 3087 152.981271 0.139590 0.130835 29952 
1207150226 22113 85302 7.715100 127 4774 3100 153.113282 0.139640 0.130593 30035 
1207236626 22161 85531 7.719056 127 4791 3103 153.378909 0.139574 0.130511 30133 
1207323026 22205 85727 7.721414 127 4783 3128 153.542265 0.139527 0.131200 30215 
1207409426 22251 85916 7.722439 127 4797 3139 153.681363 0.139563 0.130857 30279 
1207495826 22294 86041 7.718758 127 4823 3144 153.696869 0.139584 0.130659 30317 
1207582226 22330 86238 7.723959 127 4817 3161 153.981191 0.139350 0.130673 30407 
1207668626 22368 86439 7.728809 127 4819 3174 154.230418 0.139488 0.130850 30485 
1207755026 22405 86620 7.732203 128 4824 3182 154.460611 0.139445 0.130810 30570 
1207841426 22450 86823 7.734788 128 4833 3188 154.659154 0.139320 0.130728 30643 
1207927826 22507 87031 7.733683 128 4862 3180 154.786067 0.139368 0.130455 30707 
1208014226 22543 87183 7.734818 128 4876 3178 154.930488 0.139525 0.130450 30771 
1208100626 22560 87278 7.737411 128 4880 3171 155.065248 0.139509 0.130440 30815 
1208187026 22598 87431 7.737941 128 4886 3188 155.229489 0.139371 0.130494 30884 
1208273426 22650 87639 7.738543 128 4894 3207 155.338720 0.139518 0.130797 30963 
1208359826 22682 87846 7.745878 128 4889 3212 155.670752 0.139628 0.130896 31055 
1208446226 22725 88075 7.751375 128 4888 3222 155.984422 0.139608 0.131139 31155 
1208532626 22768 88285 7.755183 128 4895 3227 156.267393 0.139260 0.131039 31238 
1208619026 22813 88463 7.755490 129 4917 3225 156.422040 0.139248 0.131031 31325 
1208705426 22829 88550 7.757677 129 4916 3231 156.549915 0.139217 0.131019 31361 
1208791826 22862 88722 7.761526 129 4917 3246 156.783309 0.139088 0.131171 31435 
1208878226 22905 88924 7.764593 129 4928 3259 157.000306 0.139187 0.131044 31521 
1208964626 22950 89127 7.767059 130 4938 3261 157.189891 0.139212 0.131244 31602 
1209051026 23000 89331 7.767913 130 4956 3268 157.408435 0.139440 0.131276 31684 
1209137426 23040 89509 7.769878 130 4967 3278 157.575434 0.139512 0.131136 31747 
1209223826 23066 89608 7.769704 130 4977 3282 157.628457 0.139631 0.130950 31779 
1209310226 23101 89739 7.769274 130 4986 3290 157.683304 0.139816 0.131037 31823 
1209396626 23144 89891 7.767974 130 5003 3293 157.709903 0.140008 0.130971 31881 
1209483026 23197 90104 7.768591 130 5023 3291 157.845497 0.140203 0.130845 31972 
1209569426 23252 90298 7.766902 130 5052 3289 157.932651 0.140329 0.130830 32047 
1209655826 23301 90511 7.768851 130 5066 3295 158.112957 0.140678 0.130626 32132 
1209742226 23344 90736 7.773818 131 5064 3313 158.428119 0.140652 0.131044 32223 
1209828626 23369 90882 7.777996 131 5057 3329 158.692884 0.140354 0.131245 32294 
1209915026 23393 91029 7.782585 131 5052 3341 158.922071 0.140098 0.131329 32349 
1210001426 23435 91219 7.784852 131 5058 3351 159.102283 0.140094 0.131571 32423 
1210087826 23481 91429 7.787488 131 5070 3354 159.312976 0.139934 0.131522 32504 
1210174226 23533 91625 7.786937 131 5082 3366 159.401096 0.140029 0.131641 32570 
1210260626 23574 91822 7.790108 131 5087 3372 159.621108 0.139968 0.131402 32645 
1210347026 23616 91991 7.790566 131 5091 3388 159.754658 0.139988 0.131459 32715 
1210433426 23652 92133 7.790715 131 5104 3386 159.843734 0.139918 0.131393 32770 
1210519826 23677 92280 7.794906 131 5107 3388 160.039279 0.140038 0.131322 32829 
1210606226 23721 92441 7.794022 131 5125 3403 160.099321 0.140246 0.131202 32877 
1210692626 23761 92616 7.795631 131 5125 3419 160.243592 0.140169 0.131546 32951 
1210779026 23819 92838 7.795289 131 5144 3428 160.336622 0.140090 0.131380 33019 
1210865426 23859 93038 7.798986 131 5153 3438 160.584266 0.139987 0.131408 33116 
1210951826 23899 93226 7.801665 131 5169 3441 160.804887 0.139595 0.131308 33185 
1211038226 23937 93361 7.800560 132 5196 3441 160.935372 0.139634 0.131100 33236 
1211124626 23976 93484 7.798131 132 5215 3450 160.975225 0.139455 0.131032 33283 
1211211026 24006 93658 7.802883 132 5210 3453 161.171624 0.139426 0.130925 33356 
1211297426 24062 93852 7.800848 132 5228 3472 161.223922 0.139497 0.130815 33425 
1211383826 24110 94064 7.802903 132 5227 3494 161.403650 0.139318 0.130725 33506 
1211470226 24152 94249 7.804654 132 5240 3500 161.553991 0.139632 0.130700 33591 
1211556626 24200 94447 7.805537 132 5254 3511 161.704959 0.139544 0.131125 33685 
1211643026 24234 94600 7.807213 132 5266 3514 161.886853 0.139509 0.131379 33748 
1211729426 24257 94726 7.810199 132 5269 3514 162.045265 0.139434 0.131648 33805 
1211815826 24285 94845 7.810994 132 5274 3517 162.131522 0.139422 0.131401 33844 
1211902226 24328 95006 7.810424 132 5287 3523 162.228214 0.139600 0.131398 33908 
1211988626 24375 95202 7.811446 133 5303 3527 162.402379 0.139890 0.131094 33978 
1212075026 24416 95400 7.814548 133 5308 3544 162.599607 0.139999 0.131213 34061 
1212161426 24457 95613 7.818866 134 5310 3559 162.846056 0.140003 0.131229 34147 
1212247826 24510 95782 7.815749 134 5336 3564 162.850184 0.140121 0.131158 34212 
1212334226 24537 95899 7.816685 134 5334 3578 162.933284 0.139999 0.131245 34253 
1212420626 24578 96044 7.815445 134 5341 3593 162.966067 0.140144 0.131130 34307 
1212507026 24625 96243 7.816690 134 5341 3617 163.099208 0.140632 0.131245 34380 
1212593426 24673 96454 7.818587 134 5345 3643 163.263162 0.140605 0.131343 34468 
1212679826 24731 96652 7.816263 134 5365 3643 163.298209 0.140921 0.131225 34540 
1212766226 24788 96851 7.814346 134 5386 3657 163.396805 0.141115 0.130912 34616 
1212852626 24836 97026 7.813335 134 5400 3661 163.476405 0.141217 0.130884 34673 
1212939026 24874 97179 7.813701 134 5405 3677 163.549570 0.141606 0.131181 34734 
1213025426 24931 97338 7.808592 134 5427 3686 163.523886 0.141388 0.131069 34788 
1213111826 24975 97509 7.808529 134 5436 3697 163.602723 0.141370 0.131254 34850 
1213198226 25026 97717 7.809238 134 5450 3703 163.745864 0.141290 0.131235 34934 
1213284626 25079 97924 7.809243 134 5457 3714 163.824475 0.141556 0.131129 35008 
1213371026 25127 98109 7.809050 134 5465 3730 163.929637 0.141805 0.131457 35094 
1213457426 25155 98241 7.810853 134 5458 3748 164.026078 0.141942 0.131682 35155 
1213543826 25185 98368 7.811634 134 5456 3758 164.085209 0.142131 0.131708 35202 
1213630226 25249 98573 7.808072 134 5481 3772 164.133629 0.142205 0.131512 35266 
1213716626 25296 98777 7.809693 134 5490 3788 164.325111 0.141811 0.131825 35352 
1213803026 25336 98993 7.814414 134 5483 3803 164.526445 0.141813 0.132190 35434 
1213889426 25376 99185 7.817229 134 5491 3806 164.685293 0.141850 0.132173 35508 
1213975826 25437 99386 7.814286 134 5520 3799 164.714314 0.142049 0.131736 35580 
1214062226 25482 99542 7.812731 134 5538 3794 164.719174 0.142272 0.131570 35630 
1214148626 25512 99689 7.815067 134 5537 3806 164.876921 0.142326 0.131712 35693 
1214235026 25568 99888 7.813517 134 5558 3813 164.943914 0.142578 0.131546 35765 
1214321426 25635 100138 7.812600 134 5587 3812 165.098576 0.142657 0.131511 35852 
1214407826 25689 100344 7.812215 134 5602 3825 165.203939 0.142748 0.131340 35928 
1214494226 25742 100561 7.812990 134 5612 3836 165.340999 0.142901 0.131341 36002 
1214580626 25822 100802 7.807451 134 5640 3857 165.309349 0.142951 0.131422 36089 
1214667026 25881 100974 7.802944 134 5668 3853 165.275376 0.143031 0.131436 36148 
1214753426 25927 101163 7.803680 134 5675 3862 165.381726 0.143282 0.131771 36230 
1214839826 25978 101367 7.804065 134 5669 3881 165.477866 0.143495 0.131944 36307 
1214926226 26044 101605 7.802565 134 5693 3886 165.573645 0.143754 0.131864 36401 
1215012626 26097 101836 7.804422 135 5698 3894 165.715446 0.143920 0.131766 36478 
1215099026 26153 102090 7.807135 135 5711 3906 165.980193 0.143888 0.131617 36586 
1215185426 26203 102259 7.805137 136 5727 3920 166.037171 0.143879 0.131674 36653 
1215271826 26232 102380 7.805733 136 5746 3913 166.124428 0.143893 0.131474 36702 
1215358226 26266 102520 7.806289 136 5757 3916 166.221427 0.143900 0.131476 36764 
1215444626 26321 102734 7.806238 136 5768 3930 166.343908 0.144215 0.131443 36849 
1215531026 26381 102948 7.804708 136 5790 3943 166.434631 0.144245 0.131471 36926 
1215617426 26464 103211 7.800106 136 5826 3939 166.442639 0.144733 0.131045 37011 
1215703826 26538 103456 7.796820 136 5849 3950 166.483307 0.144812 0.130965 37107 
1215790226 26599 103690 7.796534 136 5878 3951 166.654010 0.144857 0.130741 37199 
1215876626 26633 103857 7.799121 136 5884 3958 166.839710 0.144631 0.130616 37259 
1215963026 26672 104026 7.800390 136 5887 3971 166.974055 0.144667 0.130694 37323 
1216049426 26712 104197 7.801512 136 5894 3975 167.051737 0.144785 0.130561 37382 
1216135826 26787 104494 7.801844 136 5903 3996 167.208721 0.144730 0.130726 37501 
1216222226 26848 104747 7.802965 136 5900 4023 167.340882 0.144878 0.130574 37608 
1216308626 26908 104976 7.802587 136 5905 4045 167.454883 0.145120 0.130555 37695 
1216395026 26980 105213 7.799333 137 5924 4067 167.487546 0.144996 0.130801 37788 
1216481426 27014 105382 7.802029 137 5921 4081 167.659806 0.144832 0.131023 37862 
1216567826 27055 105560 7.803364 137 5929 4087 167.761523 0.144875 0.130754 37930 
1216654226 27123 105775 7.799653 138 5948 4109 167.756222 0.144957 0.130766 38000 
1216740626 27210 106070 7.796398 138 5968 4129 167.756266 0.145361 0.131087 38105 
1216827026 27300 106351 7.791282 138 6000 4150 167.699707 0.145689 0.130906 38208 
1216913426 27391 106625 7.785404 139 6041 4157 167.665292 0.146024 0.130558 38303 
1216999826 27463 106863 7.782325 139 6067 4168 167.718749 0.146409 0.130481 38396 
1217086226 27534 107092 7.778892 139 6090 4190 167.752524 0.146693 0.130500 38482 
1217172626 27590 107290 7.777456 139 6098 4200 167.777311 0.146604 0.130621 38548 
1217259026 27651 107505 7.775849 139 6127 4200 167.855195 0.146436 0.130423 38621 
1217345426 27736 107798 7.773147 139 6157 4212 167.933372 0.146625 0.130348 38732 
1217431826 27814 108098 7.772920 141 6170 4243 168.065435 0.146490 0.130333 38845 
1217518226 27896 108396 7.771437 141 6194 4261 168.208130 0.146652 0.130209 38963 
1217604626 27963 108668 7.772271 141 6205 4281 168.344813 0.146746 0.130286 39065 
1217691026 28041 108921 7.768696 143 6239 4294 168.399843 0.146744 0.130074 39149 
1217777426 28096 109130 7.768366 143 6254 4298 168.489038 0.146672 0.130029 39227 
1217863826 28171 109399 7.766781 143 6283 4307 168.578467 0.147021 0.129859 39328 
1217950226 28271 109715 7.761664 143 6329 4313 168.595168 0.147072 0.129689 39446 
1218036626 28366 110061 7.760065 143 6365 4331 168.732708 0.146914 0.129477 39572 
1218123026 28479 110400 7.753081 143 6423 4330 168.743846 0.146895 0.129176 39692 
1218209426 28555 110693 7.752968 144 6431 4354 168.884188 0.146761 0.129419 39820 
1218295826 28599 110917 7.756705 144 6439 4347 169.088849 0.146867 0.129513 39910 
1218382226 28663 111097 7.751945 144 6470 4353 169.045529 0.146837 0.129541 39971 
1218468626 28735 111344 7.749713 144 6493 4360 169.095319 0.147014 0.129458 40059 
1218555026 28827 111638 7.745378 144 6519 4382 169.095640 0.147224 0.129139 40157 
1218641426 28914 111951 7.743723 144 6558 4376 169.216158 0.147234 0.128935 40280 
1218727826 29002 112257 7.741328 144 6597 4379 169.312461 0.147087 0.128837 40395 
1218814226 29073 112547 7.742373 144 6599 4400 169.418911 0.147244 0.128966 40507 
1218900626 29152 112794 7.738337 144 6630 4403 169.407382 0.147368 0.128908 40590 
1218987026 29233 113051 7.734478 144 6657 4416 169.401019 0.147490 0.128843 40671 
1219073426 29306 113378 7.737528 145 6669 4431 169.695011 0.147404 0.129132 40796 
1219159826 29419 113747 7.732894 146 6705 4444 169.722424 0.147470 0.128701 40913 
1219246226 29502 114073 7.733238 146 6717 4468 169.870246 0.147280 0.128614 41032 
1219332626 29600 114418 7.730946 146 6751 4469 169.973378 0.147033 0.128502 41161 
1219419026 29694 114738 7.728026 146 6764 4495 170.001684 0.147239 0.128650 41268 
1219505426 29775 115031 7.726683 146 6769 4521 170.024383 0.147560 0.128827 41373 
1219591826 29843 115265 7.724760 146 6779 4535 170.034112 0.147842 0.128711 41446 
1219678226 29945 115607 7.721289 147 6805 4559 170.063450 0.148297 0.128489 41565 
1219764626 30056 115981 7.717660 147 6835 4573 170.110527 0.148393 0.128221 41691 
1219851026 30143 116323 7.718077 147 6859 4576 170.261222 0.148441 0.128458 41820 
1219937426 30246 116711 7.717450 148 6855 4606 170.342657 0.148579 0.128696 41943 
1220023826 30317 116993 7.717980 148 6870 4616 170.484217 0.149020 0.128509 42052 
1220110226 30395 117233 7.713966 148 6901 4621 170.415989 0.149436 0.128470 42130 
1220196626 30437 117435 7.716595 149 6896 4626 170.561093 0.149302 0.128457 42204 
1220283026 30484 117677 7.720575 149 6879 4646 170.702664 0.149514 0.128680 42288 
1220369426 30526 117874 7.722859 149 6879 4651 170.829719 0.149524 0.128489 42357 
1220455826 30571 118069 7.724248 149 6876 4670 170.939125 0.149592 0.128315 42424 
1220542226 30605 118281 7.729521 149 6868 4671 171.190132 0.149492 0.128303 42502 
1220628626 30650 118500 7.732463 149 6867 4678 171.339576 0.149447 0.128068 42581 
1220715026 30711 118756 7.733776 149 6870 4687 171.450816 0.149491 0.128320 42670 
1220801426 30769 119014 7.735968 149 6870 4714 171.612792 0.149664 0.128663 42783 
1220887826 30850 119307 7.734652 149 6892 4727 171.699254 0.149782 0.128420 42869 
1220974226 30928 119703 7.740753 149 6882 4740 172.018171 0.149643 0.128584 43018 
1221060626 31032 120015 7.734919 149 6903 4777 171.970869 0.149892 0.128393 43121 
1221147026 31110 120312 7.734619 150 6925 4782 172.091096 0.149819 0.128251 43228 
1221233426 31227 120682 7.729337 150 6962 4809 172.055465 0.150104 0.128126 43335 
1221319826 31312 120955 7.725792 151 6987 4820 172.040560 0.150407 0.127986 43434 
1221406226 31373 121239 7.728875 151 6973 4851 172.157588 0.150676 0.128005 43531 
1221492626 31449 121540 7.729340 151 6977 4862 172.212089 0.151067 0.127861 43621 
1221579026 31546 121903 7.728587 151 6976 4909 172.276802 0.151541 0.128053 43753 
1221665426 31681 122396 7.726776 151 6991 4950 172.367223 0.151915 0.128248 43937 
1221751826 31788 122792 7.725683 151 7000 4989 172.445011 0.152162 0.128401 44078 
1221838226 31885 123152 7.724761 151 7021 5009 172.489635 0.152456 0.128550 44210 
1221924626 31977 123458 7.721675 151 7045 5026 172.459080 0.152768 0.128669 44303 
1222011026 32059 123752 7.720266 151 7066 5041 172.502386 0.152971 0.128370 44404 
1222097426 32140 124091 7.721904 151 7074 5051 172.639328 0.153331 0.128282 44531 
1222183826 32240 124462 7.720968 151 7094 5066 172.694293 0.153501 0.128248 44660 
1222270226 32344 124817 7.718093 151 7117 5081 172.716609 0.153591 0.128128 44781 
1222356626 32448 125203 7.717147 151 7129 5109 172.795242 0.153823 0.127931 44915 
1222443026 32541 125535 7.715497 151 7147 5131 172.853201 0.154110 0.127736 45031 
1222529426 32613 125793 7.714286 151 7167 5143 172.919695 0.154153 0.128010 45132 
1222615826 32689 126025 7.710545 152 7198 5144 172.868304 0.154332 0.127877 45209 
1222702226 32786 126364 7.708412 152 7222 5169 172.898920 0.154469 0.127780 45314 
1222788626 32863 126799 7.716824 153 7193 5189 173.233910 0.154629 0.128149 45467 
1222875026 32981 127193 7.713108 154 7241 5186 173.268852 0.154869 0.128079 45614 
1222961426 33064 127618 7.719453 154 7219 5218 173.540527 0.154797 0.128121 45759 
1223047826 33162 128029 7.721428 154 7224 5240 173.716362 0.155005 0.127999 45904 
1223134226 33243 128365 7.722829 154 7207 5276 173.814096 0.155212 0.128203 46013 
1223220626 33303 128645 7.725730 154 7201 5296 173.940486 0.155307 0.128611 46120 
1223307026 33390 128968 7.724948 154 7206 5326 174.022582 0.155504 0.128794 46227 
1223393426 33489 129377 7.726537 154 7217 5342 174.181134 0.155476 0.129093 46384 
1223479826 33619 129844 7.724442 155 7254 5349 174.261340 0.155756 0.128616 46542 
1223566226 33734 130201 7.719274 155 7306 5336 174.178159 0.156083 0.128189 46646 
1223652626 33845 130653 7.720668 155 7317 5358 174.324125 0.156121 0.128064 46799 
1223739026 33927 130969 7.720635 155 7324 5381 174.410293 0.156276 0.128151 46907 
1223825426 33997 131227 7.719916 155 7342 5395 174.468041 0.156436 0.127920 47008 
1223911826 34083 131635 7.724379 155 7341 5416 174.716075 0.156528 0.128593 47173 
1223998226 34201 132156 7.728195 155 7340 5442 174.980322 0.156382 0.128336 47346 
1224084626 34315 132568 7.726534 155 7371 5455 175.057555 0.156623 0.128195 47481 
1224171026 34414 133004 7.729645 155 7371 5483 175.296391 0.156462 0.128392 47653 
1224257426 34542 133511 7.730357 155 7384 5513 175.405941 0.156822 0.128436 47844 
1224343826 34628 133814 7.728659 156 7397 5527 175.449116 0.156924 0.128340 47947 
1224430226 34695 134043 7.726935 156 7418 5527 175.458942 0.157036 0.128159 48017 
1224516626 34790 134446 7.729003 156 7422 5554 175.637080 0.157218 0.128344 48152 
1224603026 34922 134960 7.729225 157 7441 5578 175.785121 0.157320 0.128563 48345 
1224689426 35047 135435 7.728764 157 7472 5576 175.923132 0.157557 0.128347 48509 
1224775826 35173 135936 7.729565 157 7489 5584 176.064140 0.157751 0.128139 48673 
1224862226 35288 136408 7.731127 157 7501 5595 176.233054 0.157743 0.128061 48835 
1224948626 35369 136747 7.732591 157 7498 5633 176.349119 0.157991 0.128274 48969 
1225035026 35431 136996 7.733115 157 7510 5638 176.438543 0.158016 0.128326 49064 
1225121426 35526 137326 7.731014 157 7540 5660 176.519619 0.158404 0.128345 49198 
1225207826 35642 137781 7.731384 157 7548 5682 176.622917 0.158648 0.128474 49355 
1225294226 35757 138206 7.730291 157 7566 5706 176.691389 0.158868 0.128807 49502 
1225380626 35864 138648 7.731876 157 7586 5720 176.907261 0.158868 0.129114 49679 
1225467026 35985 139069 7.729276 157 7629 5720 176.953731 0.159114 0.128684 49826 
1225553426 36050 139357 7.731318 159 7642 5715 177.119223 0.159235 0.128540 49938 
1225639826 36122 139631 7.731078 159 7652 5729 177.163723 0.159437 0.128469 50026 
1225726226 36204 139990 7.733400 159 7642 5772 177.353884 0.159567 0.128544 50152 
1225812626 36328 140483 7.734144 159 7651 5787 177.453920 0.159810 0.128357 50314 
1225899026 36446 140882 7.730999 159 7696 5795 177.440817 0.160120 0.128121 50437 
1225985426 36561 141356 7.732611 159 7694 5818 177.546128 0.160421 0.128248 50603 
1226071826 36700 141833 7.729319 160 7741 5821 177.606213 0.160420 0.127613 50762 
1226158226 36793 142252 7.732558 160 7755 5803 177.816922 0.160372 0.127695 50916 
1226244626 36865 142575 7.734979 161 7747 5820 177.931968 0.160402 0.127696 51021 
1226331026 36978 143133 7.741522 161 7730 5846 178.237276 0.160349 0.127816 51214 
1226417426 37120 143731 7.744127 162 7725 5873 178.330711 0.160675 0.127601 51418 
1226503826 37265 144286 7.743781 162 7762 5882 178.412881 0.160964 0.127221 51602 
1226590226 37431 144862 7.740215 162 7803 5889 178.447490 0.160916 0.127155 51790 
1226676626 37601 145461 7.737081 162 7834 5931 178.465360 0.161311 0.127220 51984 
1226763026 37707 145933 7.740367 162 7837 5948 178.644443 0.161438 0.127443 52146 
1226849426 37792 146339 7.744443 162 7830 5951 178.864416 0.161359 0.127375 52279 
1226935826 37912 146808 7.744672 162 7858 5958 178.943712 0.161608 0.127006 52433 
1227022226 38063 147392 7.744634 162 7880 5992 179.069438 0.161890 0.127056 52648 
1227108626 38192 147926 7.746439 162 7902 6008 179.254137 0.161944 0.127049 52817 
1227195026 38332 148473 7.746687 162 7929 6044 179.412919 0.162058 0.126929 53019 
1227281426 38481 149030 7.745641 163 7943 6087 179.488631 0.162198 0.126831 53198 
1227367826 38596 149436 7.743600 163 7976 6101 179.538864 0.162223 0.126625 53325 
1227454226 38683 149804 7.745211 163 7979 6127 179.651888 0.162423 0.126711 53449 
1227540626 38809 150288 7.745008 163 8004 6137 179.730784 0.162638 0.126667 53608 
1227627026 38960 150833 7.742967 163 8049 6134 179.742864 0.162958 0.126476 53769 
1227713426 39069 151351 7.747882 164 8037 6163 179.951931 0.163301 0.126411 53943 
1227799826 39180 151780 7.747831 164 8070 6169 180.037009 0.163491 0.126436 54097 
1227886226 39285 152168 7.746875 164 8077 6193 180.064707 0.163839 0.126070 54214 
1227972626 39380 152549 7.747537 164 8082 6213 180.137633 0.163833 0.126037 54334 
1228059026 39497 152969 7.745854 164 8098 6222 180.148113 0.164162 0.125900 54452 
1228145426 39605 153443 7.748668 164 8087 6262 180.320869 0.164276 0.125859 54616 
1228231826 39742 154005 7.750239 164 8095 6291 180.459967 0.164546 0.126128 54793 
1228318226 39882 154594 7.752570 164 8116 6293 180.612457 0.164938 0.126440 54973 
1228404626 40023 155238 7.757439 164 8114 6305 180.910776 0.164821 0.126649 55195 
1228491026 40193 155885 7.756823 164 8157 6318 180.973304 0.165155 0.126410 55399 
1228577426 40294 156382 7.762049 165 8170 6323 181.256961 0.164953 0.126711 55568 
1228663826 40387 156818 7.765766 165 8157 6347 181.448189 0.165026 0.126832 55725 
1228750226 40517 157355 7.767357 166 8155 6398 181.563689 0.165146 0.127039 55897 
1228836626 40676 158042 7.770774 166 8137 6447 181.728341 0.165571 0.127267 56125 
1228923026 40811 158583 7.771581 166 8132 6490 181.863713 0.165749 0.127358 56290 
1229009426 40947 159151 7.773512 166 8149 6507 182.022810 0.165899 0.127399 56493 
1229095826 41096 159777 7.775793 166 8168 6521 182.227029 0.165858 0.127690 56701 
1229182226 41215 160212 7.774451 167 8195 6536 182.257819 0.165900 0.127778 56849 
1229268626 41323 160617 7.773734 167 8212 6561 182.337294 0.166126 0.127566 56978 
1229355026 41447 161131 7.775279 167 8235 6573 182.467682 0.166190 0.127696 57162 
1229441426 41614 161783 7.775412 167 8270 6597 182.583073 0.166421 0.127350 57364 
1229527826 41773 162459 7.778182 167 8287 6612 182.772317 0.166554 0.127325 57584 
1229614226 41929 163074 7.778578 167 8314 6627 182.915262 0.166648 0.127676 57817 
1229700626 42083 163661 7.778010 167 8344 6640 182.995271 0.166786 0.127684 58003 
1229787026 42198 164195 7.782122 167 8347 6657 183.198256 0.166823 0.127668 58177 
1229873426 42297 164669 7.786321 167 8350 6676 183.433577 0.166772 0.127733 58336 
1229959826 42434 165331 7.792383 167 8360 6694 183.766037 0.166774 0.127848 58558 
1230046226 42571 165986 7.798079 167 8363 6707 184.038947 0.166626 0.127557 58765 
1230132626 42698 166555 7.801536 168 8377 6721 184.254017 0.166831 0.127249 58957 
1230219026 42801 167020 7.804491 168 8397 6734 184.471251 0.166679 0.127371 59123 
1230305426 42903 167401 7.803697 168 8425 6743 184.500711 0.167016 0.127208 59246 
1230391826 43027 167861 7.802589 169 8454 6756 184.527250 0.167088 0.127168 59401 
1230478226 43133 168335 7.805393 169 8473 6762 184.694410 0.167276 0.126956 59554 
1230564626 43285 168936 7.805753 169 8495 6785 184.793208 0.167437 0.126904 59763 
1230651026 43476 169634 7.803570 170 8537 6812 184.850354 0.167601 0.126766 59975 
1230737426 43664 170318 7.801301 170 8566 6871 184.932942 0.167849 0.127023 60189 
1230823826 43814 170851 7.798923 170 8599 6913 184.948555 0.168003 0.126539 60335 
1230910226 43962 171459 7.800328 170 8620 6913 185.045858 0.168239 0.126240 60535 
1230996626 44108 172017 7.799810 171 8632 6938 185.142468 0.168342 0.125945 60702 
1231083026 44201 172561 7.808013 171 8619 6924 185.487613 0.168320 0.125837 60905 
1231169426 44338 173171 7.811403 171 8627 6941 185.685146 0.168546 0.125813 61127 
1231255826 44466 173926 7.822876 171 8593 6949 186.127693 0.168761 0.125723 61388 
1231342226 44578 174686 7.837319 172 8534 6975 186.623088 0.168881 0.125854 61666 
1231428626 44680 175398 7.851298 172 8503 6960 187.122560 0.168981 0.125828 61913 
1231515026 44781 176084 7.864228 172 8453 6996 187.609388 0.169055 0.126151 62165 
1231601426 44857 176673 7.877165 172 8412 6988 188.063223 0.169112 0.126316 62390 
1231687826 44937 177177 7.885573 172 8393 7000 188.393618 0.168836 0.126343 62572 
1231774226 45025 177774 7.896680 172 8362 7018 188.778279 0.169240 0.126395 62807 
1231860626 45130 178466 7.908974 172 8337 7030 189.284733 0.169030 0.126527 63051 
1231947026 45227 179157 7.922568 172 8290 7051 189.782962 0.169096 0.126492 63289 
1232033426 45335 179798 7.931973 173 8271 7063 190.143024 0.169144 0.126245 63527 
1232119826 45416 180433 7.945790 174 8203 7112 190.633037 0.169124 0.126314 63763 
1232206226 45501 181010 7.956309 174 8158 7139 191.056548 0.169012 0.126301 63972 
1232292626 45573 181549 7.967393 174 8127 7133 191.405394 0.169302 0.126359 64154 
1232379026 45633 182078 7.980102 174 8079 7123 191.847084 0.169319 0.126821 64353 
1232465426 45711 182714 7.994312 174 8027 7131 192.305703 0.169580 0.126847 64569 
1232551826 45792 183272 8.004542 174 7999 7116 192.710867 0.169366 0.127103 64762 
1232638226 45812 183401 8.006679 174 7997 7104 192.784336 0.169454 0.127072 64807 
