1165073426 0 0 0.000000 0 0 0 0.000000 0.000000 0.000000 0 
1165159826 7999 18411 4.603325 46 2058 1325 42.219027 0.207944 0.091109 4160 
1165246226 8025 18512 4.613583 47 2065 1331 42.470530 0.206237 0.091670 4193 
1165332626 8056 18639 4.627358 48 2070 1331 42.810079 0.204725 0.092090 4239 
1165419026 8089 18782 4.643837 48 2079 1329 43.175918 0.206772 0.092712 4308 
1165505426 8111 18892 4.658365 48 2080 1339 43.531500 0.206799 0.093063 4354 
1165591826 8142 18998 4.666667 48 2093 1340 43.774994 0.206000 0.093178 4388 
1165678226 8160 19096 4.680392 48 2095 1343 44.067892 0.204715 0.093434 4433 
1165764626 8180 19167 4.686308 48 2098 1353 44.242054 0.204201 0.093078 4457 
1165851026 8209 19263 4.693142 48 2116 1342 44.415398 0.204767 0.092948 4497 
1165937426 8236 19381 4.706411 48 2124 1342 44.682856 0.205150 0.092450 4529 
1166023826 8277 19493 4.710161 49 2141 1353 44.832910 0.204224 0.092473 4560 
1166110226 8304 19624 4.726397 50 2146 1349 45.203998 0.203206 0.092993 4603 
1166196626 8330 19736 4.738535 50 2158 1345 45.476831 0.204022 0.092304 4636 
1166283026 8346 19826 4.751018 50 2164 1343 45.735442 0.203871 0.092373 4669 
1166369426 8358 19915 4.765494 50 2164 1339 46.081838 0.202627 0.092998 4712 
1166455826 8382 20012 4.774994 52 2169 1341 46.300644 0.200624 0.093138 4744 
1166542226 8405 20121 4.787864 52 2172 1344 46.576562 0.200384 0.093334 4778 
1166628626 8427 20223 4.799573 53 2176 1346 46.882164 0.201485 0.093610 4821 
1166715026 8455 20365 4.817268 53 2178 1354 47.270491 0.201225 0.093797 4877 
1166801426 8481 20480 4.829619 53 2179 1362 47.537319 0.201011 0.094593 4915 
1166887826 8504 20568 4.837253 53 2183 1367 47.709784 0.200760 0.094578 4938 
1166974226 8516 20633 4.845702 53 2180 1365 47.848755 0.200831 0.094685 4957 
1167060626 8534 20737 4.859855 53 2185 1363 48.163581 0.200245 0.094899 5003 
1167147026 8552 20848 4.875585 55 2189 1359 48.562208 0.199283 0.095013 5052 
1167233426 8566 20912 4.882559 55 2190 1360 48.723091 0.199650 0.095021 5070 
1167319826 8594 21025 4.892949 55 2199 1356 49.006051 0.198351 0.095361 5105 
1167406226 8618 21122 4.901833 55 2204 1363 49.218148 0.198870 0.095808 5141 
1167492626 8635 21217 4.914186 55 2207 1367 49.536074 0.198413 0.096231 5175 
1167579026 8650 21288 4.922081 55 2211 1363 49.713757 0.199173 0.096359 5205 
1167665426 8671 21376 4.930458 55 2221 1357 49.923423 0.198626 0.096476 5237 
1167751826 8689 21484 4.945103 55 2218 1364 50.252503 0.199422 0.097208 5285 
1167838226 8726 21580 4.946138 55 2237 1364 50.363511 0.199524 0.097275 5314 
1167924626 8743 21658 4.954363 55 2243 1363 50.559076 0.199676 0.097499 5340 
1168011026 8769 21769 4.964990 55 2253 1355 50.831794 0.200332 0.097577 5386 
1168097426 8791 21842 4.969173 55 2268 1347 50.955295 0.200074 0.097819 5407 
1168183826 8813 21934 4.977647 55 2269 1350 51.166913 0.201036 0.097729 5444 
1168270226 8844 22043 4.984848 55 2282 1354 51.355269 0.200497 0.097632 5483 
1168356626 8864 22147 4.997067 55 2288 1355 51.659973 0.200472 0.097508 5512 
1168443026 8892 22265 5.007872 55 2299 1354 51.965812 0.200137 0.097603 5551 
1168529426 8920 22366 5.014798 55 2313 1350 52.161435 0.200446 0.097628 5594 
1168615826 8941 22469 5.026060 55 2319 1351 52.425456 0.199373 0.097874 5634 
1168702226 8960 22544 5.032143 55 2326 1352 52.616741 0.198555 0.098452 5669 
1168788626 8980 22625 5.038976 56 2330 1359 52.825390 0.199239 0.098661 5704 
1168875026 9004 22707 5.043758 56 2346 1355 53.016881 0.199297 0.098411 5738 
1168961426 9031 22830 5.055919 56 2357 1357 53.350460 0.200064 0.098382 5780 
1169047826 9068 22940 5.059550 57 2370 1369 53.527569 0.200810 0.098261 5811 
1169134226 9088 23064 5.075704 57 2374 1372 53.946523 0.202045 0.098514 5862 
1169220626 9114 23175 5.085583 57 2386 1375 54.238754 0.201438 0.098650 5906 
1169307026 9139 23270 5.092461 57 2396 1373 54.466353 0.201706 0.098149 5940 
1169393426 9154 23364 5.104654 57 2398 1376 54.778676 0.201527 0.098733 5981 
1169479826 9178 23465 5.113314 57 2405 1382 55.055350 0.201600 0.098827 6017 
1169566226 9208 23573 5.120113 57 2422 1383 55.329496 0.201139 0.099018 6063 
1169652626 9234 23696 5.132337 57 2428 1389 55.648473 0.200612 0.098910 6096 
1169739026 9263 23832 5.145633 57 2430 1398 55.940840 0.200803 0.098911 6151 
1169825426 9290 23938 5.153498 57 2438 1404 56.185145 0.200387 0.098678 6183 
1169911826 9312 24024 5.159794 57 2447 1397 56.341924 0.200571 0.098969 6211 
1169998226 9331 24121 5.170078 57 2445 1412 56.609367 0.199867 0.099352 6254 
1170084626 9356 24241 5.181915 57 2453 1412 56.967080 0.198748 0.099255 6299 
1170171026 9380 24374 5.197015 57 2457 1410 57.352026 0.198482 0.099329 6336 
1170257426 9416 24523 5.208794 57 2470 1420 57.686279 0.197780 0.099395 6390 
1170343826 9437 24670 5.228356 57 2465 1419 58.111052 0.197275 0.099605 6451 
1170430226 9465 24817 5.243951 57 2472 1426 58.569255 0.196949 0.099594 6499 
1170516626 9492 24945 5.256005 57 2480 1426 58.906237 0.196228 0.099547 6544 
1170603026 9511 25053 5.268216 58 2475 1433 59.233309 0.195296 0.100338 6587 
1170689426 9535 25175 5.280545 59 2479 1441 59.591400 0.195017 0.100099 6627 
1170775826 9561 25284 5.288987 59 2488 1444 59.854618 0.194600 0.100024 6666 
1170862226 9597 25411 5.295613 59 2498 1455 60.111285 0.194138 0.099830 6702 
1170948626 9620 25549 5.311642 60 2500 1463 60.590437 0.194054 0.100054 6762 
1171035026 9648 25688 5.325041 60 2503 1464 60.958126 0.193810 0.099955 6811 
1171121426 9679 25801 5.331336 60 2518 1466 61.190412 0.193848 0.099526 6841 
1171207826 9704 25902 5.338417 61 2526 1470 61.447857 0.194093 0.099636 6878 
1171294226 9725 26036 5.354447 61 2536 1472 61.967918 0.194053 0.099791 6937 
1171380626 9752 26188 5.370796 62 2536 1480 62.413454 0.193958 0.100549 6992 
1171467026 9793 26329 5.377106 63 2556 1483 62.658838 0.193053 0.100052 7032 
1171553426 9827 26507 5.394729 63 2558 1481 63.214409 0.192408 0.100434 7105 
1171639826 9854 26606 5.400041 63 2574 1483 63.436371 0.192470 0.100644 7147 
1171726226 9869 26684 5.407640 64 2579 1481 63.707772 0.191803 0.100893 7181 
1171812626 9881 26745 5.413420 64 2579 1483 63.870054 0.191385 0.101274 7205 
1171899026 9892 26805 5.419531 64 2583 1484 64.083300 0.190664 0.101341 7230 
1171985426 9908 26886 5.427130 64 2586 1486 64.312273 0.190327 0.101322 7260 
1172071826 9923 26971 5.436058 64 2592 1484 64.560516 0.189880 0.101293 7293 
1172158226 9952 27105 5.447146 65 2603 1482 64.906953 0.188346 0.101237 7334 
1172244626 9973 27246 5.463953 65 2604 1488 65.350045 0.188472 0.101523 7394 
1172331026 9994 27359 5.475085 65 2607 1495 65.654993 0.188455 0.101475 7436 
1172417426 10016 27464 5.484026 65 2610 1505 65.985024 0.188214 0.101626 7485 
1172503826 10039 27591 5.496763 65 2610 1508 66.336488 0.187902 0.101587 7527 
1172590226 10075 27782 5.515037 65 2608 1509 66.877816 0.187666 0.102760 7611 
1172676626 10105 27941 5.530134 65 2612 1513 67.379713 0.187355 0.103157 7678 
1172763026 10128 28103 5.549566 65 2606 1514 67.909360 0.186292 0.103244 7739 
1172849426 10160 28264 5.563780 65 2602 1527 68.323031 0.186945 0.102819 7800 
1172935826 10174 28341 5.571260 65 2598 1535 68.536072 0.186544 0.103115 7827 
1173022226 10197 28436 5.577327 65 2607 1542 68.780818 0.186181 0.103172 7859 
1173108626 10222 28555 5.586969 65 2613 1547 69.127177 0.186044 0.103035 7905 
1173195026 10254 28742 5.606007 66 2609 1562 69.667252 0.185855 0.103114 7965 
1173281426 10283 28925 5.625790 68 2614 1567 70.267237 0.185458 0.103525 8030 
1173367826 10310 29091 5.643259 68 2615 1568 70.774976 0.185414 0.104129 8095 
1173454226 10335 29232 5.656894 68 2619 1568 71.167296 0.185129 0.104098 8150 
1173540626 10358 29342 5.665573 68 2626 1566 71.438502 0.184837 0.103701 8184 
1173627026 10369 29408 5.672292 68 2624 1574 71.627544 0.185047 0.103845 8211 
1173713426 10384 29511 5.683937 68 2617 1578 71.942219 0.185470 0.104294 8249 
1173799826 10419 29666 5.694596 68 2625 1584 72.389289 0.185154 0.104199 8306 
1173886226 10451 29824 5.707396 68 2633 1588 72.838963 0.183912 0.104429 8368 
1173972626 10473 29987 5.726535 68 2633 1589 73.371909 0.184192 0.104558 8439 
1174059026 10502 30108 5.733765 68 2644 1594 73.634546 0.184695 0.105010 8478 
1174145426 10521 30227 5.746032 70 2641 1593 73.986123 0.185652 0.105085 8525 
1174231826 10539 30330 5.755764 70 2639 1597 74.210077 0.185902 0.105186 8559 
1174318226 10557 30455 5.769632 70 2632 1607 74.627072 0.186584 0.105452 8607 
1174404626 10590 30603 5.779603 70 2646 1611 74.966572 0.187055 0.105457 8661 
1174491026 10621 30752 5.790792 70 2658 1609 75.381414 0.186398 0.105403 8715 
1174577426 10646 30903 5.805561 70 2658 1613 75.857411 0.185487 0.105786 8779 
1174663826 10668 31042 5.819648 70 2660 1613 76.310461 0.185396 0.105693 8836 
1174750226 10689 31142 5.826925 70 2662 1619 76.590139 0.185959 0.105652 8875 
1174836626 10701 31218 5.834595 70 2661 1628 76.857303 0.186065 0.105694 8908 
1174923026 10734 31336 5.838644 70 2673 1631 77.100801 0.186322 0.105406 8944 
1175009426 10766 31474 5.846926 70 2678 1640 77.341631 0.185762 0.105602 8988 
1175095826 10790 31615 5.860056 70 2678 1653 77.761446 0.185660 0.106105 9044 
1175182226 10819 31758 5.870783 70 2683 1659 78.130511 0.185372 0.105848 9083 
1175268626 10847 31866 5.875542 70 2696 1660 78.336314 0.185640 0.105692 9116 
1175355026 10867 31972 5.884237 70 2692 1674 78.617834 0.185685 0.105721 9156 
1175441426 10875 32040 5.892414 71 2688 1681 78.851310 0.185172 0.105727 9182 
1175527826 10893 32151 5.903057 72 2688 1682 79.148260 0.185356 0.105959 9229 
1175614226 10911 32279 5.916781 73 2693 1674 79.626982 0.185342 0.105759 9281 
1175700626 10933 32409 5.928656 73 2700 1663 80.000732 0.185615 0.105355 9338 
1175787026 10952 32529 5.940285 73 2706 1664 80.379109 0.184643 0.105370 9386 
1175873426 10982 32628 5.942087 73 2712 1676 80.516117 0.184549 0.105309 9414 
1175959826 11001 32724 5.949277 73 2715 1675 80.772293 0.183934 0.105089 9443 
1176046226 11025 32821 5.953923 73 2721 1682 80.952381 0.184628 0.105136 9484 
1176132626 11041 32925 5.964134 73 2727 1682 81.310207 0.184069 0.105150 9513 
1176219026 11077 33099 5.976167 74 2741 1672 81.713641 0.183573 0.104954 9573 
1176305426 11109 33303 5.995679 74 2734 1691 82.342605 0.183143 0.105438 9652 
1176391826 11129 33419 6.005751 74 2735 1697 82.658280 0.183082 0.105619 9702 
1176478226 11153 33541 6.014705 74 2734 1705 82.962970 0.182641 0.105921 9752 
1176564626 11167 33640 6.024895 75 2733 1709 83.311364 0.181467 0.105854 9787 
1176651026 11185 33729 6.031113 75 2741 1708 83.550291 0.181544 0.105480 9820 
1176737426 11201 33845 6.043210 75 2746 1707 83.932149 0.181103 0.105418 9875 
1176823826 11227 34024 6.061103 75 2744 1719 84.516612 0.181721 0.105335 9953 
1176910226 11260 34209 6.076199 76 2747 1729 85.037123 0.181889 0.106546 10041 
1176996626 11285 34355 6.088613 76 2747 1735 85.454320 0.182455 0.106893 10102 
1177083026 11321 34518 6.098048 76 2766 1727 85.870683 0.182511 0.106680 10172 
1177169426 11346 34614 6.101534 77 2766 1733 86.035960 0.182637 0.107071 10201 
1177255826 11361 34695 6.107737 78 2767 1738 86.248218 0.182736 0.107383 10236 
1177342226 11378 34816 6.119880 78 2761 1746 86.656354 0.182844 0.107751 10291 
1177428626 11401 34973 6.135076 78 2759 1755 87.094816 0.182936 0.107938 10360 
1177515026 11428 35123 6.146832 79 2758 1761 87.516626 0.182539 0.108276 10423 
1177601426 11457 35284 6.159379 79 2771 1757 88.017282 0.181906 0.108177 10497 
1177687826 11495 35431 6.164593 80 2788 1763 88.366942 0.181679 0.108105 10563 
1177774226 11517 35537 6.171225 80 2795 1766 88.609186 0.182026 0.108137 10605 
1177860626 11532 35629 6.179154 80 2800 1761 88.934443 0.181250 0.108039 10644 
1177947026 11559 35770 6.189117 80 2812 1759 89.276062 0.181252 0.108169 10692 
1178033426 11596 35936 6.197999 80 2827 1763 89.769231 0.180974 0.108257 10780 
1178119826 11623 36074 6.207348 80 2824 1773 90.094812 0.180767 0.108566 10842 
1178206226 11642 36228 6.223673 81 2824 1767 90.644735 0.180444 0.108791 10901 
1178292626 11665 36357 6.233519 81 2832 1767 91.022032 0.181173 0.108821 10954 
1178379026 11685 36494 6.246299 81 2839 1762 91.445101 0.181517 0.109020 11027 
1178465426 11709 36590 6.249893 81 2848 1769 91.647280 0.181522 0.108629 11056 
1178551826 11728 36727 6.263131 81 2837 1785 92.033936 0.181435 0.109182 11114 
1178638226 11750 36913 6.283064 81 2830 1786 92.680851 0.180796 0.109881 11187 
1178724626 11782 37043 6.288067 81 2843 1790 92.912918 0.181172 0.109467 11228 
1178811026 11805 37185 6.299873 81 2844 1793 93.311139 0.181361 0.109375 11284 
1178897426 11835 37331 6.308576 81 2846 1801 93.658471 0.181555 0.109495 11342 
1178983826 11854 37413 6.312300 81 2850 1809 93.831112 0.181504 0.109648 11366 
1179070226 11875 37518 6.318821 81 2857 1809 94.161684 0.181332 0.109964 11414 
1179156626 11901 37666 6.329888 84 2868 1801 94.631544 0.181432 0.110250 11497 
1179243026 11930 37831 6.342163 84 2870 1810 95.092372 0.181476 0.110149 11574 
1179329426 11959 37968 6.349695 84 2881 1817 95.432227 0.181999 0.110193 11629 
1179415826 11986 38104 6.358084 84 2891 1815 95.775405 0.182123 0.109979 11682 
1179502226 12016 38262 6.368509 85 2893 1821 96.216877 0.181783 0.109598 11736 
1179588626 12030 38382 6.381047 85 2896 1818 96.706567 0.181767 0.109615 11795 
1179675026 12044 38464 6.387247 85 2897 1820 96.918134 0.181418 0.109859 11827 
1179761426 12062 38591 6.398773 85 2892 1830 97.345382 0.181572 0.110507 11883 
1179847826 12083 38723 6.409501 85 2897 1834 97.774063 0.181625 0.110618 11943 
1179934226 12104 38863 6.421514 85 2903 1826 98.215135 0.180846 0.110956 12013 
1180020626 12147 39071 6.433029 86 2917 1829 98.731045 0.180375 0.110639 12098 
1180107026 12173 39229 6.445248 86 2919 1835 99.161259 0.179954 0.110860 12165 
1180193426 12191 39339 6.453777 86 2924 1833 99.501928 0.179757 0.110872 12218 
1180279826 12207 39432 6.460555 86 2923 1838 99.716392 0.179740 0.111063 12263 
1180366226 12238 39562 6.465436 86 2925 1849 99.930381 0.179537 0.111423 12310 
1180452626 12259 39709 6.478342 86 2924 1854 100.406232 0.179602 0.111347 12367 
1180539026 12288 39889 6.492350 86 2919 1876 100.888021 0.180133 0.112244 12448 
1180625426 12309 40065 6.509871 86 2919 1871 101.441384 0.180121 0.112569 12526 
1180711826 12337 40213 6.519089 86 2924 1878 101.863338 0.179119 0.112046 12568 
1180798226 12353 40334 6.530236 86 2918 1892 102.319598 0.178247 0.112181 12609 
1180884626 12372 40421 6.534271 86 2924 1893 102.514387 0.177998 0.112037 12649 
1180971026 12392 40526 6.540671 86 2930 1891 102.822305 0.178034 0.111910 12706 
1181057426 12433 40669 6.542106 87 2942 1906 103.028231 0.177389 0.111771 12763 
1181143826 12462 40797 6.547424 87 2959 1906 103.347296 0.177293 0.111517 12819 
1181230226 12497 40938 6.551652 87 2974 1909 103.630151 0.176905 0.111380 12868 
1181316626 12524 41082 6.560524 87 2984 1898 103.976525 0.176811 0.111154 12925 
1181403026 12550 41174 6.561594 87 2993 1898 104.124462 0.176938 0.111467 12964 
1181489426 12576 41283 6.565363 87 3005 1903 104.352735 0.176705 0.111204 13005 
1181575826 12596 41414 6.575738 87 3001 1911 104.725945 0.176509 0.111179 13054 
1181662226 12633 41593 6.584818 87 3011 1914 105.123882 0.176769 0.110793 13125 
1181748626 12668 41751 6.591569 88 3022 1919 105.501421 0.176023 0.111082 13183 
1181835026 12706 41925 6.599244 88 3030 1930 105.893121 0.175618 0.111062 13262 
1181921426 12732 42090 6.611687 88 3026 1935 106.372290 0.175648 0.111161 13327 
1182007826 12749 42213 6.622166 88 3025 1934 106.790336 0.175678 0.110908 13386 
1182094226 12777 42342 6.627847 88 3028 1941 107.016984 0.175512 0.110667 13426 
1182180626 12799 42489 6.639425 88 3030 1940 107.499648 0.174828 0.110936 13489 
1182267026 12824 42639 6.649875 88 3039 1939 107.934186 0.174716 0.110775 13553 
1182353426 12851 42791 6.659560 88 3049 1930 108.336783 0.174546 0.110807 13625 
1182439826 12877 42927 6.667236 88 3052 1945 108.682612 0.174620 0.110887 13672 
1182526226 12919 43108 6.673582 89 3067 1948 109.064324 0.174253 0.110825 13741 
1182612626 12937 43253 6.686713 89 3055 1962 109.580892 0.174058 0.111179 13793 
1182699026 12961 43364 6.691459 89 3063 1964 109.874084 0.174313 0.111571 13841 
1182785426 12999 43514 6.694977 90 3083 1967 110.191399 0.173821 0.111010 13898 
1182871826 13040 43689 6.700767 90 3094 1973 110.546166 0.173313 0.111037 13962 
1182958226 13069 43833 6.707935 90 3108 1967 110.890657 0.173608 0.110619 14029 
1183044626 13106 43981 6.711582 90 3133 1964 111.170456 0.173556 0.110412 14080 
1183131026 13133 44113 6.717886 90 3143 1961 111.474149 0.173509 0.110489 14139 
1183217426 13159 44248 6.725131 90 3144 1972 111.827646 0.173332 0.110363 14191 
1183303826 13173 44345 6.732711 90 3147 1968 112.111136 0.173232 0.110221 14224 
1183390226 13209 44494 6.736922 90 3153 1975 112.351730 0.173284 0.110150 14284 
1183476626 13240 44688 6.750453 91 3159 1977 112.889879 0.172739 0.109986 14368 
1183563026 13278 44832 6.752824 91 3186 1971 113.085103 0.172653 0.109526 14411 
1183649426 13306 44953 6.756801 91 3204 1964 113.364648 0.173064 0.109463 14470 
1183735826 13335 45142 6.770454 91 3208 1963 113.933858 0.172529 0.109489 14546 
1183822226 13352 45270 6.781007 91 3203 1978 114.309167 0.172463 0.110000 14599 
1183908626 13379 45409 6.788101 91 3212 1977 114.714702 0.172240 0.109963 14650 
1183995026 13414 45560 6.792903 91 3224 1982 115.034143 0.171964 0.109846 14712 
1184081426 13456 45733 6.797414 91 3234 1990 115.330559 0.171899 0.110064 14769 
1184167826 13484 45898 6.807772 91 3233 2000 115.750074 0.171928 0.110181 14831 
1184254226 13512 46059 6.817496 91 3233 2013 116.224245 0.171633 0.110935 14915 
1184340626 13536 46224 6.829787 92 3233 2020 116.785165 0.171041 0.111216 14974 
1184427026 13560 46374 6.839823 93 3233 2026 117.158850 0.171048 0.111238 15038 
1184513426 13575 46477 6.847440 93 3238 2018 117.475506 0.171177 0.111136 15086 
1184599826 13603 46673 6.862163 94 3242 2019 118.118944 0.170991 0.111223 15164 
1184686226 13644 46866 6.869833 94 3250 2029 118.548226 0.171088 0.111192 15245 
1184772626 13682 47029 6.874580 94 3270 2029 118.846514 0.170980 0.111326 15310 
1184859026 13721 47216 6.882297 94 3282 2037 119.257051 0.171444 0.111782 15392 
1184945426 13755 47394 6.891167 95 3283 2048 119.689131 0.171411 0.111528 15470 
1185031826 13789 47537 6.894916 95 3295 2052 119.980419 0.171566 0.111268 15517 
1185118226 13818 47654 6.897380 95 3305 2057 120.196845 0.171228 0.111021 15567 
1185204626 13845 47778 6.901842 95 3323 2051 120.459083 0.170979 0.110904 15617 
1185291026 13874 47922 6.908174 95 3331 2052 120.798039 0.170385 0.110983 15677 
1185377426 13907 48081 6.914647 95 3340 2057 121.148630 0.170863 0.110772 15743 
1185463826 13939 48245 6.922304 96 3351 2060 121.545161 0.170907 0.110967 15815 
1185550226 13973 48390 6.926215 96 3366 2066 121.812066 0.171195 0.111273 15879 
1185636626 13998 48535 6.934562 97 3377 2068 122.286612 0.171314 0.110893 15946 
1185723026 14022 48637 6.937241 98 3387 2072 122.494937 0.170984 0.110902 15989 
1185809426 14057 48797 6.942733 98 3397 2077 122.809846 0.170823 0.110900 16055 
1185895826 14091 48975 6.951245 98 3407 2085 123.256689 0.170641 0.110654 16124 
1185982226 14119 49142 6.961116 98 3412 2087 123.686663 0.170942 0.110641 16210 
1186068626 14156 49324 6.968635 98 3422 2094 124.114157 0.170693 0.110556 16276 
1186155026 14198 49500 6.972813 99 3442 2094 124.487674 0.170848 0.110066 16345 
1186241426 14223 49623 6.977853 99 3454 2094 124.805315 0.170272 0.110020 16408 
1186327826 14241 49755 6.987571 99 3457 2092 125.254968 0.170299 0.109773 16469 
1186414226 14281 49933 6.992928 99 3477 2097 125.622715 0.170398 0.109864 16550 
1186500626 14318 50145 7.004470 99 3485 2103 126.222796 0.170317 0.110208 16646 
1186587026 14351 50361 7.018466 99 3489 2109 126.888440 0.169744 0.110141 16740 
1186673426 14387 50583 7.031765 99 3492 2124 127.551540 0.169444 0.110453 16835 
1186759826 14417 50743 7.039329 99 3499 2124 127.917736 0.169152 0.110277 16891 
1186846226 14447 50869 7.042154 99 3505 2128 128.150758 0.169097 0.109898 16933 
1186932626 14467 50986 7.048593 99 3510 2126 128.461879 0.169008 0.109942 16983 
1187019026 14485 51118 7.058060 101 3508 2125 128.825682 0.169318 0.109679 17037 
1187105426 14518 51274 7.063507 101 3519 2127 129.200303 0.169066 0.109716 17103 
1187191826 14547 51447 7.073211 101 3520 2137 129.695057 0.168800 0.110228 17197 
1187278226 14584 51609 7.077482 101 3536 2139 130.002057 0.168848 0.110400 17267 
1187364626 14611 51770 7.086442 101 3533 2159 130.456642 0.168972 0.110374 17341 
1187451026 14630 51916 7.097198 101 3536 2148 130.958442 0.168466 0.110364 17408 
1187537426 14654 52067 7.106183 101 3535 2159 131.378873 0.168795 0.110514 17480 
1187623826 14678 52217 7.115002 101 3541 2160 131.800790 0.168686 0.110591 17545 
1187710226 14708 52399 7.125238 102 3548 2166 132.327577 0.168702 0.110833 17632 
1187796626 14747 52547 7.126466 103 3563 2169 132.518478 0.168912 0.110863 17690 
1187883026 14779 52704 7.132282 103 3571 2169 132.802761 0.168886 0.110762 17751 
1187969426 14823 52875 7.134183 104 3587 2173 133.095595 0.169211 0.110720 17839 
1188055826 14845 53013 7.142203 104 3588 2182 133.530482 0.169254 0.110691 17899 
1188142226 14864 53140 7.150161 104 3588 2187 133.904736 0.169048 0.110567 17957 
1188228626 14892 53329 7.162100 104 3590 2201 134.459844 0.169285 0.111057 18037 
1188315026 14928 53507 7.168676 105 3602 2206 134.821811 0.169100 0.110834 18118 
1188401426 14959 53692 7.178555 105 3609 2210 135.355438 0.168620 0.110693 18205 
1188487826 14984 53863 7.189402 105 3613 2217 135.927656 0.168122 0.110618 18280 
1188574226 15012 54025 7.197575 106 3621 2225 136.378098 0.168377 0.110349 18349 
1188660626 15036 54149 7.202580 107 3633 2227 136.703113 0.168108 0.110285 18406 
1188747026 15055 54253 7.207307 107 3638 2227 137.001395 0.168429 0.110176 18449 
1188833426 15086 54392 7.210924 107 3653 2227 137.338990 0.168756 0.110141 18517 
1188919826 15110 54528 7.217472 107 3659 2231 137.638650 0.168582 0.109861 18564 
1189006226 15141 54711 7.226867 108 3664 2232 138.144508 0.167902 0.109832 18640 
1189092626 15179 54930 7.237631 109 3679 2235 138.788062 0.166956 0.109725 18740 
1189179026 15211 55085 7.242785 109 3691 2240 139.192427 0.166778 0.109828 18819 
1189265426 15243 55213 7.244374 110 3707 2241 139.460605 0.166921 0.109597 18871 
1189351826 15264 55345 7.251703 110 3707 2246 139.888496 0.167031 0.109591 18930 
1189438226 15319 55541 7.251257 111 3725 2254 140.201319 0.167401 0.109303 19002 
1189524626 15345 55704 7.260215 111 3727 2264 140.681395 0.167271 0.109398 19080 
1189611026 15384 55873 7.263781 111 3741 2271 141.008060 0.167845 0.109573 19170 
1189697426 15423 56027 7.265383 111 3756 2280 141.257084 0.167787 0.110124 19244 
1189783826 15449 56169 7.271539 112 3768 2281 141.669623 0.167812 0.110043 19320 
1189870226 15479 56316 7.276439 112 3782 2284 142.080625 0.167523 0.109941 19386 
1189956626 15507 56451 7.280712 113 3795 2282 142.363836 0.167280 0.109506 19442 
1190043026 15544 56616 7.284611 113 3801 2298 142.686310 0.166829 0.109297 19497 
1190129426 15586 56808 7.289619 114 3815 2301 143.069036 0.167077 0.109325 19572 
1190215826 15623 57001 7.297062 115 3830 2302 143.542853 0.167076 0.109255 19646 
1190302226 15679 57222 7.299190 115 3866 2296 143.914025 0.166862 0.108701 19730 
1190388626 15725 57433 7.304674 115 3889 2294 144.366296 0.167188 0.108750 19828 
1190475026 15752 57578 7.310564 115 3898 2294 144.719147 0.167308 0.108688 19895 
1190561426 15788 57698 7.309096 115 3910 2309 144.842032 0.167243 0.108695 19939 
1190647826 15832 57852 7.308236 115 3935 2313 145.054573 0.167200 0.109047 20008 
1190734226 15880 58033 7.308942 116 3959 2320 145.362217 0.166856 0.108800 20084 
1190820626 15928 58212 7.309392 117 3985 2310 145.621045 0.167103 0.108419 20159 
1190907026 15971 58423 7.316135 117 3993 2324 146.036441 0.167108 0.108336 20261 
1190993426 16017 58621 7.319848 117 4016 2327 146.422551 0.167190 0.107923 20344 
1191079826 16053 58741 7.318383 117 4035 2332 146.523516 0.167298 0.107959 20389 
1191166226 16090 58864 7.316843 117 4056 2334 146.598757 0.167585 0.108206 20435 
1191252626 16145 59035 7.313100 117 4091 2338 146.756891 0.167727 0.107870 20499 
1191339026 16195 59260 7.318308 117 4103 2349 147.154677 0.168025 0.108345 20603 
1191425426 16234 59430 7.321671 117 4121 2355 147.474683 0.168159 0.108183 20681 
1191511826 16287 59631 7.322527 117 4148 2360 147.794560 0.168074 0.108181 20750 
1191598226 16329 59813 7.325984 117 4159 2368 148.074591 0.168283 0.108620 20820 
1191684626 16371 59960 7.325148 117 4180 2377 148.284161 0.168081 0.108341 20874 
1191771026 16400 60063 7.324756 117 4190 2382 148.363171 0.168149 0.108352 20918 
1191857426 16433 60248 7.332563 117 4204 2377 148.851944 0.167842 0.108019 20996 
1191943826 16484 60429 7.331837 117 4242 2378 149.118418 0.167664 0.107653 21071 
1192030226 16522 60590 7.334463 118 4260 2379 149.411088 0.167523 0.107529 21133 
1192116626 16568 60773 7.336190 118 4278 2391 149.655480 0.168042 0.107671 21217 
1192203026 16610 60946 7.338471 119 4288 2406 149.926430 0.167745 0.107928 21292 
1192289426 16646 61061 7.336417 119 4299 2426 150.013937 0.167917 0.108186 21338 
1192375826 16671 61172 7.338732 119 4312 2426 150.239938 0.167926 0.108128 21374 
1192462226 16700 61316 7.343234 119 4325 2425 150.517605 0.167942 0.108303 21441 
1192548626 16741 61527 7.350457 119 4338 2431 151.047727 0.167631 0.108389 21543 
1192635026 16783 61719 7.354943 119 4350 2438 151.444795 0.167516 0.108647 21618 
1192721426 16826 61905 7.358255 120 4364 2448 151.816831 0.167296 0.108546 21694 
1192807826 16880 62088 7.356398 121 4390 2460 151.984360 0.167604 0.108173 21766 
1192894226 16903 62201 7.359759 121 4396 2463 152.189079 0.167684 0.108131 21812 
1192980626 16922 62280 7.360832 122 4403 2467 152.344049 0.167259 0.108178 21842 
1193067026 16947 62408 7.365079 122 4409 2476 152.578627 0.167133 0.108090 21895 
1193153426 16978 62596 7.373778 122 4409 2488 153.006832 0.167284 0.108679 21980 
1193239826 17025 62797 7.377034 122 4426 2495 153.369515 0.166557 0.108600 22057 
1193326226 17062 62967 7.380964 124 4441 2498 153.764154 0.166526 0.108572 22140 
1193412626 17108 63144 7.381810 125 4466 2496 154.056465 0.166464 0.108400 22197 
1193499026 17125 63250 7.386861 126 4462 2503 154.353168 0.166552 0.108626 22254 
1193585426 17147 63330 7.386715 126 4472 2504 154.439377 0.166537 0.108399 22285 
1193671826 17173 63429 7.387061 126 4475 2520 154.572643 0.166564 0.108381 22320 
1193758226 17209 63607 7.392295 126 4493 2521 154.954617 0.166554 0.108255 22390 
1193844626 17245 63770 7.395767 126 4509 2526 155.310409 0.166486 0.108392 22469 
1193931026 17278 63896 7.396226 126 4523 2527 155.492650 0.166663 0.108153 22521 
1194017426 17313 64077 7.402183 126 4529 2538 155.928609 0.166608 0.108260 22602 
1194103826 17342 64196 7.403529 126 4539 2539 156.094683 0.166706 0.108499 22656 
1194190226 17364 64313 7.407625 126 4542 2546 156.389426 0.166352 0.108672 22713 
1194276626 17394 64451 7.410716 126 4552 2548 156.675290 0.165984 0.108483 22772 
1194363026 17439 64623 7.411319 126 4571 2560 156.977350 0.166138 0.108253 22839 
1194449426 17477 64791 7.414430 126 4584 2572 157.270928 0.166206 0.108197 22924 
1194535826 17510 64986 7.422730 126 4594 2576 157.768818 0.165948 0.108062 22996 
1194622226 17546 65153 7.426536 126 4599 2582 158.120597 0.165928 0.107976 23065 
1194708626 17580 65296 7.428441 126 4609 2592 158.353697 0.166410 0.108090 23138 
1194795026 17604 65402 7.430357 126 4620 2593 158.549534 0.166111 0.107963 23185 
1194881426 17639 65544 7.431714 127 4636 2594 158.777028 0.165987 0.108018 23251 
1194967826 17682 65749 7.436828 127 4656 2599 159.215021 0.166030 0.108078 23347 
1195054226 17728 65935 7.438515 127 4674 2605 159.513651 0.166397 0.107696 23425 
1195140626 17764 66095 7.441455 127 4693 2609 159.840239 0.166343 0.107845 23506 
1195227026 17800 66261 7.445056 127 4696 2621 160.093596 0.166503 0.107818 23567 
1195313426 17832 66377 7.444706 127 4708 2625 160.174742 0.166535 0.107841 23606 
1195399826 17851 66493 7.449779 127 4709 2632 160.521876 0.166226 0.107675 23650 
1195486226 17882 66631 7.452298 128 4719 2632 160.755956 0.165940 0.108106 23709 
1195572626 17918 66823 7.458757 128 4726 2641 161.160844 0.165658 0.108074 23788 
1195659026 17951 66969 7.461311 128 4742 2647 161.498635 0.165798 0.108062 23864 
1195745426 17968 67072 7.465717 128 4750 2639 161.708037 0.165732 0.108028 23899 
1195831826 17992 67176 7.467319 128 4758 2644 161.877835 0.165890 0.107749 23933 
1195918226 18013 67261 7.468051 128 4765 2648 161.990562 0.166105 0.107653 23963 
1196004626 18031 67373 7.473019 128 4767 2654 162.323110 0.166147 0.107612 24018 
1196091026 18058 67523 7.478458 128 4764 2670 162.586333 0.166271 0.107616 24078 
1196177426 18096 67710 7.483422 128 4773 2681 162.956786 0.166303 0.107565 24154 
1196263826 18137 67883 7.485582 128 4788 2694 163.294260 0.166398 0.107678 24231 
1196350226 18169 68041 7.489790 128 4797 2699 163.578513 0.166446 0.107772 24297 
1196436626 18200 68199 7.494396 128 4809 2697 163.943846 0.166968 0.107772 24371 
1196523026 18226 68308 7.495666 128 4816 2698 164.106441 0.167103 0.107523 24422 
1196609426 18245 68415 7.499589 128 4822 2697 164.339819 0.167003 0.107490 24469 
1196695826 18277 68541 7.500246 129 4834 2700 164.502052 0.167038 0.107577 24528 
1196782226 18298 68716 7.510766 129 4841 2695 165.121543 0.166978 0.107646 24622 
1196868626 18324 68885 7.518555 129 4844 2701 165.591137 0.166990 0.107418 24707 
1196955026 18354 69020 7.520976 131 4860 2696 165.881988 0.166732 0.107339 24772 
1197041426 18390 69188 7.524524 132 4876 2703 166.274388 0.166505 0.107172 24857 
1197127826 18416 69322 7.528454 133 4894 2694 166.685056 0.166156 0.107144 24926 
1197214226 18439 69436 7.531428 133 4911 2688 166.975541 0.166291 0.107028 24986 
1197300626 18466 69548 7.532546 133 4916 2701 167.162569 0.166498 0.107028 25031 
1197387026 18505 69702 7.533315 133 4931 2712 167.414969 0.166847 0.106884 25083 
1197473426 18536 69863 7.538088 133 4935 2716 167.758848 0.166880 0.106960 25155 
1197559826 18569 70011 7.540632 133 4939 2728 168.061931 0.166666 0.107003 25212 
1197646226 18605 70138 7.539694 133 4956 2739 168.208224 0.166916 0.106941 25268 
1197732626 18628 70249 7.542302 134 4964 2736 168.434400 0.166615 0.106951 25322 
1197819026 18645 70335 7.544650 134 4966 2738 168.568946 0.166660 0.106865 25349 
1197905426 18676 70463 7.545834 134 4982 2731 168.744699 0.166592 0.107041 25411 
1197991826 18697 70563 7.548056 134 4990 2736 168.966465 0.166487 0.107005 25454 
1198078226 18741 70710 7.546022 134 5016 2738 169.135051 0.166204 0.106694 25501 
1198164626 18786 70844 7.542212 134 5048 2737 169.264133 0.166090 0.106521 25556 
1198251026 18812 70967 7.544865 134 5065 2734 169.549543 0.166088 0.106355 25606 
1198337426 18844 71088 7.544895 135 5073 2745 169.677351 0.166355 0.106184 25646 
1198423826 18855 71173 7.549509 135 5074 2746 169.904322 0.166319 0.106285 25692 
1198510226 18878 71257 7.549211 135 5083 2754 170.004238 0.166445 0.106225 25730 
1198596626 18892 71354 7.553885 135 5083 2758 170.242642 0.166449 0.106293 25772 
1198683026 18900 71418 7.557460 135 5083 2756 170.442646 0.166247 0.106145 25801 
1198769426 18922 71510 7.558398 135 5098 2750 170.632174 0.166018 0.106138 25838 
1198855826 18942 71631 7.563193 135 5102 2756 170.943301 0.165822 0.106200 25898 
1198942226 18961 71762 7.569432 135 5099 2766 171.325352 0.165571 0.106342 25956 
1199028626 18988 71864 7.569412 135 5106 2780 171.440594 0.165470 0.106476 25995 
1199115026 19015 71997 7.572653 135 5106 2795 171.695714 0.165835 0.106504 26052 
1199201426 19034 72094 7.575286 135 5109 2799 171.897867 0.165464 0.106335 26089 
1199287826 19060 72221 7.578279 135 5123 2797 172.196747 0.165391 0.106454 26152 
1199374226 19094 72337 7.576935 135 5142 2798 172.321357 0.165031 0.106256 26199 
1199460626 19120 72455 7.578975 135 5147 2805 172.562866 0.165210 0.106335 26248 
1199547026 19142 72544 7.579563 135 5157 2810 172.644447 0.165316 0.106149 26277 
1199633426 19170 72648 7.579343 135 5165 2818 172.760668 0.165217 0.105934 26315 
1199719826 19197 72741 7.578372 135 5183 2816 172.875241 0.165403 0.105907 26363 
1199806226 19221 72852 7.580459 135 5185 2827 173.060403 0.165192 0.106133 26415 
1199892626 19238 72954 7.584364 135 5194 2824 173.318744 0.165077 0.106136 26462 
1199979026 19265 73077 7.586504 135 5204 2824 173.519543 0.165138 0.106085 26516 
1200065426 19298 73195 7.585760 135 5222 2821 173.647010 0.165240 0.105889 26571 
1200151826 19329 73309 7.585390 136 5242 2822 173.832790 0.165298 0.105691 26629 
1200238226 19350 73405 7.587080 136 5249 2832 174.015297 0.165343 0.105732 26680 
1200324626 19381 73511 7.585883 137 5264 2845 174.175326 0.165138 0.105611 26720 
1200411026 19405 73650 7.590827 137 5267 2854 174.458542 0.165454 0.105620 26779 
1200497426 19449 73791 7.588154 137 5291 2861 174.597254 0.165522 0.105715 26837 
1200583826 19480 73929 7.590246 137 5300 2868 174.857803 0.165335 0.105561 26893 
1200670226 19511 74070 7.592640 137 5308 2880 175.103788 0.165502 0.105834 26961 
1200756626 19535 74164 7.592936 137 5320 2883 175.214948 0.165351 0.105774 27008 
1200843026 19551 74259 7.596440 137 5317 2892 175.440233 0.165034 0.105877 27054 
1200929426 19573 74379 7.600163 138 5322 2894 175.672304 0.164839 0.105860 27108 
1201015826 19602 74494 7.600653 139 5327 2905 175.819508 0.165077 0.106156 27166 
1201102226 19649 74650 7.598351 139 5344 2920 175.952262 0.165350 0.106355 27233 
1201188626 19682 74791 7.599939 139 5358 2926 176.195102 0.165388 0.106415 27298 
1201275026 19722 74944 7.600041 139 5376 2931 176.396714 0.165583 0.106230 27375 
1201361426 19769 75131 7.600890 140 5387 2948 176.596388 0.165943 0.106175 27457 
1201447826 19806 75306 7.604362 140 5409 2945 176.956781 0.165511 0.105918 27525 
1201534226 19837 75459 7.607904 140 5419 2948 177.272269 0.165389 0.105763 27595 
1201620626 19875 75660 7.613585 140 5434 2951 177.772679 0.165350 0.105770 27708 
1201707026 19919 75819 7.612732 140 5458 2955 177.976304 0.165059 0.105732 27780 
1201793426 19959 75959 7.611504 140 5477 2965 178.103312 0.165192 0.105983 27848 
1201879826 19995 76102 7.612103 140 5493 2966 178.240260 0.165364 0.106335 27904 
1201966226 20017 76201 7.613628 140 5491 2975 178.380377 0.165285 0.106552 27945 
1202052626 20029 76273 7.616256 140 5500 2975 178.577762 0.165317 0.106460 27981 
1202139026 20055 76351 7.614161 140 5516 2977 178.589279 0.165456 0.106464 28018 
1202225426 20077 76454 7.616078 141 5522 2985 178.843552 0.165227 0.106618 28076 
1202311826 20096 76531 7.616541 141 5527 2995 178.948049 0.165340 0.106583 28113 
1202398226 20137 76681 7.615931 141 5538 3010 179.148731 0.165383 0.106499 28181 
1202484626 20181 76833 7.614390 141 5559 3025 179.322432 0.165811 0.106344 28247 
1202571026 20213 77026 7.621432 143 5568 3029 179.843467 0.165391 0.106594 28366 
1202657426 20238 77125 7.621801 143 5587 3027 179.995454 0.165462 0.106523 28411 
1202743826 20272 77277 7.624013 143 5604 3034 180.266575 0.165461 0.106520 28477 
1202830226 20303 77457 7.630104 143 5610 3044 180.767079 0.164889 0.106477 28571 
1202916626 20344 77659 7.634585 143 5624 3048 181.232403 0.164943 0.106413 28668 
1203003026 20383 77833 7.637050 143 5636 3059 181.565520 0.164963 0.106337 28748 
1203089426 20417 77998 7.640496 143 5643 3074 181.897928 0.164753 0.106312 28811 
1203175826 20449 78107 7.639200 143 5661 3075 182.025527 0.164727 0.106159 28860 
1203262226 20470 78214 7.641817 143 5664 3082 182.247777 0.164833 0.106018 28913 
1203348626 20498 78366 7.646209 143 5676 3081 182.615280 0.164708 0.105866 28983 
1203435026 20534 78546 7.650336 143 5685 3087 182.948086 0.164692 0.105812 29050 
1203521426 20569 78721 7.654334 143 5692 3099 183.345325 0.164795 0.105797 29136 
1203607826 20599 78866 7.657265 143 5703 3106 183.646099 0.164978 0.105878 29210 
1203694226 20629 79000 7.659121 143 5716 3117 183.895584 0.164903 0.106075 29281 
1203780626 20660 79129 7.660116 144 5733 3119 184.127686 0.164932 0.105805 29333 
1203867026 20676 79216 7.662604 144 5735 3121 184.325498 0.164590 0.105895 29366 
1203953426 20717 79352 7.660569 144 5767 3111 184.519380 0.164314 0.105674 29429 
1204039826 20756 79522 7.662555 145 5780 3121 184.817499 0.164080 0.105652 29507 
1204126226 20798 79712 7.665352 146 5801 3119 185.162708 0.164149 0.105616 29591 
1204212626 20840 79883 7.666315 146 5823 3117 185.448752 0.163745 0.105510 29683 
1204299026 20891 80046 7.663204 147 5861 3112 185.572639 0.163709 0.105245 29754 
1204385426 20918 80170 7.665169 147 5873 3117 185.813749 0.163589 0.105289 29807 
1204471826 20945 80323 7.669897 147 5875 3128 186.166627 0.163451 0.105345 29879 
1204558226 20969 80442 7.672469 147 5888 3128 186.427297 0.163441 0.105475 29945 
1204644626 21024 80674 7.674467 147 5899 3153 186.768170 0.163526 0.105573 30059 
1204731026 21071 80867 7.675668 147 5917 3164 187.079208 0.163421 0.105495 30129 
1204817426 21112 81061 7.679140 147 5932 3169 187.514210 0.163206 0.105519 30224 
1204903826 21156 81212 7.677444 149 5953 3179 187.634903 0.163176 0.105354 30282 
1204990226 21191 81364 7.679109 149 5970 3181 187.881082 0.163268 0.105105 30359 
1205076626 21231 81491 7.676605 149 5995 3185 187.967218 0.163278 0.104842 30405 
1205163026 21267 81639 7.677529 149 6012 3195 188.214323 0.163171 0.105016 30492 
1205249426 21318 81818 7.675955 149 6039 3199 188.413172 0.163014 0.104811 30570 
1205335826 21363 82001 7.676918 149 6050 3212 188.658428 0.162995 0.105018 30652 
1205422226 21398 82148 7.678101 149 6062 3224 188.893822 0.162878 0.105182 30716 
1205508626 21428 82293 7.680885 149 6071 3233 189.140844 0.163003 0.105268 30780 
1205595026 21455 82398 7.681007 149 6079 3244 189.279236 0.162933 0.105095 30827 
1205681426 21472 82475 7.682098 149 6088 3242 189.396237 0.162842 0.105235 30864 
1205767826 21505 82610 7.682864 149 6104 3246 189.617484 0.163024 0.105226 30929 
1205854226 21559 82809 7.682082 149 6124 3264 189.900181 0.163026 0.104989 31020 
1205940626 21603 82985 7.682729 149 6127 3289 190.144517 0.163274 0.105221 31101 
1206027026 21628 83118 7.686148 149 6136 3287 190.361753 0.163308 0.105038 31157 
1206113426 21665 83262 7.686314 149 6151 3293 190.524533 0.163208 0.105018 31213 
1206199826 21687 83393 7.690598 149 6157 3295 190.814405 0.162964 0.105332 31273 
1206286226 21715 83515 7.691918 149 6169 3298 191.013032 0.162794 0.105611 31323 
1206372626 21736 83624 7.694516 149 6174 3301 191.210066 0.162962 0.105670 31382 
1206459026 21781 83799 7.694688 150 6191 3312 191.449428 0.162953 0.105640 31477 
1206545426 21818 83971 7.697406 150 6200 3327 191.801815 0.162999 0.105775 31566 
1206631826 21859 84146 7.698980 150 6217 3332 192.076856 0.162872 0.105762 31642 
1206718226 21894 84376 7.707682 151 6226 3329 192.619622 0.163119 0.105644 31759 
1206804626 21934 84529 7.707577 151 6245 3335 192.825021 0.162951 0.105810 31836 
1206891026 21972 84675 7.707537 151 6255 3349 193.026306 0.162897 0.105779 31899 
1206977426 22012 84880 7.712157 151 6270 3359 193.476286 0.162879 0.106015 32005 
1207063826 22051 85073 7.716022 151 6284 3363 193.833205 0.162900 0.105911 32096 
1207150226 22113 85302 7.715100 152 6304 3376 194.129336 0.162819 0.106262 32203 
1207236626 22161 85531 7.719056 153 6320 3387 194.662425 0.162880 0.106282 32308 
1207323026 22205 85727 7.721414 154 6334 3398 194.977618 0.162500 0.106380 32403 
1207409426 22251 85916 7.722439 154 6359 3398 195.294324 0.162578 0.106215 32490 
1207495826 22294 86041 7.718758 154 6379 3411 195.402171 0.162425 0.106454 32548 
1207582226 22330 86238 7.723959 155 6393 3409 195.873175 0.162199 0.106537 32634 
1207668626 22368 86439 7.728809 155 6407 3412 196.288537 0.162413 0.106343 32716 
1207755026 22405 86620 7.732203 155 6419 3418 196.644856 0.162275 0.106338 32802 
1207841426 22450 86823 7.734788 155 6435 3433 196.951537 0.162286 0.106388 32893 
1207927826 22507 87031 7.733683 155 6458 3446 197.220243 0.162161 0.106310 32975 
1208014226 22543 87183 7.734818 155 6469 3460 197.477266 0.161858 0.106326 33044 
1208100626 22560 87278 7.737411 155 6467 3470 197.683245 0.161901 0.106087 33083 
1208187026 22598 87431 7.737941 156 6482 3475 197.863351 0.162022 0.105987 33144 
1208273426 22650 87639 7.738543 156 6505 3485 198.186667 0.161864 0.106199 33247 
1208359826 22682 87846 7.745878 156 6502 3508 198.711489 0.161757 0.106190 33350 
1208446226 22725 88075 7.751375 156 6515 3510 199.241188 0.161307 0.106296 33448 
1208532626 22768 88285 7.755183 157 6524 3523 199.716708 0.160908 0.106260 33546 
1208619026 22813 88463 7.755490 157 6550 3516 200.026038 0.161293 0.106164 33638 
1208705426 22829 88550 7.757677 157 6555 3521 200.263963 0.161272 0.106155 33684 
1208791826 22862 88722 7.761526 157 6560 3527 200.553495 0.161245 0.106419 33763 
1208878226 22905 88924 7.764593 157 6570 3541 200.872561 0.161317 0.106598 33870 
1208964626 22950 89127 7.767059 157 6586 3544 201.202004 0.161402 0.106761 33978 
1209051026 23000 89331 7.767913 157 6604 3548 201.479478 0.161449 0.106725 34064 
1209137426 23040 89509 7.769878 157 6621 3553 201.766319 0.161221 0.106769 34138 
1209223826 23066 89608 7.769704 158 6626 3564 201.880950 0.161101 0.106786 34182 
1209310226 23101 89739 7.769274 158 6645 3568 202.045453 0.161002 0.106697 34252 
1209396626 23144 89891 7.767974 159 6666 3570 202.216730 0.160728 0.106556 34322 
1209483026 23197 90104 7.768591 159 6694 3570 202.574902 0.160605 0.106463 34429 
1209569426 23252 90298 7.766902 159 6719 3582 202.773181 0.160653 0.106369 34521 
1209655826 23301 90511 7.768851 159 6743 3578 203.121497 0.160763 0.106429 34618 
1209742226 23344 90736 7.773818 160 6756 3588 203.575737 0.160615 0.106700 34718 
1209828626 23369 90882 7.777996 160 6757 3599 203.897385 0.160543 0.106574 34783 
1209915026 23393 91029 7.782585 160 6761 3603 204.227931 0.160414 0.106703 34860 
1210001426 23435 91219 7.784852 160 6772 3610 204.548923 0.160204 0.106976 34966 
1210087826 23481 91429 7.787488 160 6793 3611 204.924492 0.160106 0.106871 35063 
1210174226 23533 91625 7.786937 160 6812 3620 205.146305 0.159998 0.106652 35140 
1210260626 23574 91822 7.790108 160 6821 3633 205.449648 0.159925 0.106523 35240 
1210347026 23616 91991 7.790566 160 6841 3639 205.639820 0.160207 0.106254 35305 
1210433426 23652 92133 7.790715 160 6842 3665 205.774395 0.160244 0.106548 35362 
1210519826 23677 92280 7.794906 160 6836 3680 206.038096 0.160142 0.106515 35422 
1210606226 23721 92441 7.794022 160 6854 3685 206.146453 0.160267 0.106404 35482 
1210692626 23761 92616 7.795631 161 6860 3697 206.353184 0.160140 0.106646 35547 
1210779026 23819 92838 7.795289 161 6878 3718 206.621017 0.159976 0.106553 35642 
1210865426 23859 93038 7.798986 161 6889 3724 206.955950 0.160134 0.106369 35737 
1210951826 23899 93226 7.801665 161 6893 3741 207.275200 0.160059 0.106507 35827 
1211038226 23937 93361 7.800560 161 6910 3747 207.351046 0.160122 0.106592 35878 
1211124626 23976 93484 7.798131 161 6918 3767 207.399566 0.160297 0.106762 35933 
1211211026 24006 93658 7.802883 161 6918 3780 207.750146 0.160124 0.106788 36008 
1211297426 24062 93852 7.800848 161 6930 3800 207.899011 0.160251 0.106889 36089 
1211383826 24110 94064 7.802903 161 6933 3817 208.165989 0.160005 0.106723 36193 
1211470226 24152 94249 7.804654 161 6951 3815 208.432511 0.159780 0.106540 36253 
1211556626 24200 94447 7.805537 162 6962 3822 208.681983 0.159577 0.106435 36348 
1211643026 24234 94600 7.807213 162 6959 3843 208.936535 0.159602 0.106618 36419 
1211729426 24257 94726 7.810199 162 6961 3847 209.184483 0.159537 0.106486 36461 
1211815826 24285 94845 7.810994 163 6960 3866 209.336051 0.159481 0.106556 36504 
1211902226 24328 95006 7.810424 163 6972 3882 209.444508 0.159765 0.106557 36569 
1211988626 24375 95202 7.811446 163 6984 3899 209.711590 0.159624 0.106456 36653 
1212075026 24416 95400 7.814548 163 6985 3897 209.952572 0.159961 0.106691 36741 
1212161426 24457 95613 7.818866 164 6979 3907 210.327023 0.159891 0.106929 36832 
1212247826 24510 95782 7.815749 164 6992 3918 210.356671 0.159951 0.107301 36903 
1212334226 24537 95899 7.816685 164 6996 3927 210.537148 0.159711 0.107226 36949 
1212420626 24578 96044 7.815445 165 7001 3941 210.637237 0.159908 0.107202 37000 
1212507026 24625 96243 7.816690 166 7000 3967 210.829645 0.159970 0.107302 37090 
1212593426 24673 96454 7.818587 166 7015 3972 211.101366 0.160059 0.107504 37195 
1212679826 24731 96652 7.816263 167 7029 3999 211.208281 0.160326 0.107480 37266 
1212766226 24788 96851 7.814346 167 7053 4008 211.357834 0.160410 0.107393 37346 
1212852626 24836 97026 7.813335 168 7063 4029 211.504751 0.160537 0.107368 37437 
1212939026 24874 97179 7.813701 168 7076 4031 211.711586 0.160603 0.107412 37510 
1213025426 24931 97338 7.808592 168 7111 4031 211.700614 0.160665 0.107384 37570 
1213111826 24975 97509 7.808529 168 7138 4012 211.852973 0.160610 0.107187 37641 
1213198226 25026 97717 7.809238 168 7159 4011 212.084952 0.160984 0.107215 37737 
1213284626 25079 97924 7.809243 169 7174 4014 212.345149 0.160842 0.107369 37832 
1213371026 25127 98109 7.809050 169 7185 4025 212.500099 0.160943 0.107294 37895 
1213457426 25155 98241 7.810853 169 7197 4025 212.700537 0.160725 0.107366 37961 
1213543826 25185 98368 7.811634 169 7208 4030 212.864880 0.160739 0.107412 38016 
1213630226 25249 98573 7.808072 169 7236 4033 212.904036 0.161114 0.107322 38102 
1213716626 25296 98777 7.809693 169 7246 4046 213.186433 0.161085 0.107433 38188 
1213803026 25336 98993 7.814414 169 7240 4071 213.574913 0.160545 0.107710 38288 
1213889426 25376 99185 7.817229 169 7256 4066 213.910467 0.160267 0.107582 38379 
1213975826 25437 99386 7.814286 169 7280 4076 213.980737 0.160269 0.107489 38468 
1214062226 25482 99542 7.812731 169 7293 4085 214.050545 0.160292 0.107439 38525 
1214148626 25512 99689 7.815067 169 7296 4099 214.294763 0.160346 0.107456 38598 
1214235026 25568 99888 7.813517 169 7311 4113 214.438517 0.160516 0.107572 38689 
1214321426 25635 100138 7.812600 169 7326 4126 214.641077 0.160688 0.107302 38799 
1214407826 25689 100344 7.812215 169 7346 4138 214.778154 0.160781 0.107202 38875 
1214494226 25742 100561 7.812990 169 7361 4142 215.063165 0.160699 0.107468 38987 
1214580626 25822 100802 7.807451 169 7401 4157 215.129115 0.160590 0.107551 39091 
1214667026 25881 100974 7.802944 169 7420 4175 215.123063 0.160675 0.107306 39156 
1214753426 25927 101163 7.803680 171 7429 4192 215.313457 0.160416 0.107652 39243 
1214839826 25978 101367 7.804065 171 7442 4204 215.508969 0.160196 0.107405 39309 
1214926226 26044 101605 7.802565 171 7462 4220 215.678851 0.160438 0.107603 39414 
1215012626 26097 101836 7.804422 172 7476 4231 216.021228 0.160149 0.107610 39514 
1215099026 26153 102090 7.807135 172 7493 4224 216.358353 0.160283 0.107597 39635 
1215185426 26203 102259 7.805137 172 7518 4218 216.444758 0.160517 0.107464 39701 
1215271826 26232 102380 7.805733 172 7529 4222 216.587832 0.160540 0.107279 39750 
1215358226 26266 102520 7.806289 172 7543 4222 216.749258 0.160696 0.107436 39817 
1215444626 26321 102734 7.806238 173 7569 4221 216.909920 0.160673 0.107331 39916 
1215531026 26381 102948 7.804708 173 7588 4232 217.004132 0.160832 0.107324 39997 
1215617426 26464 103211 7.800106 173 7638 4229 217.120239 0.160819 0.107186 40115 
1215703826 26538 103456 7.796820 173 7656 4251 217.215992 0.160867 0.107058 40217 
1215790226 26599 103690 7.796534 173 7675 4268 217.469003 0.160630 0.106670 40309 
1215876626 26633 103857 7.799121 174 7675 4278 217.645703 0.160776 0.106777 40383 
1215963026 26672 104026 7.800390 174 7678 4289 217.857753 0.160830 0.106938 40464 
1216049426 26712 104197 7.801512 174 7683 4303 218.062668 0.160641 0.106934 40545 
1216135826 26787 104494 7.801844 174 7714 4298 218.406540 0.160460 0.106894 40683 
1216222226 26848 104747 7.802965 174 7721 4318 218.637887 0.160692 0.107240 40797 
1216308626 26908 104976 7.802587 174 7732 4343 218.860934 0.160956 0.107068 40898 
1216395026 26980 105213 7.799333 174 7761 4354 218.955671 0.160960 0.106890 40987 
1216481426 27014 105382 7.802029 175 7764 4356 219.219960 0.160738 0.106793 41060 
1216567826 27055 105560 7.803364 175 7774 4365 219.461615 0.160844 0.106875 41142 
1216654226 27123 105775 7.799653 175 7799 4385 219.479409 0.161143 0.106934 41226 
1216740626 27210 106070 7.796398 175 7829 4399 219.635575 0.161177 0.106705 41354 
1216827026 27300 106351 7.791282 175 7860 4430 219.668132 0.161341 0.106819 41456 
1216913426 27391 106625 7.785404 175 7912 4432 219.660545 0.161552 0.106681 41559 
1216999826 27463 106863 7.782325 175 7939 4449 219.689837 0.161773 0.106584 41647 
1217086226 27534 107092 7.778892 175 7959 4470 219.783032 0.161967 0.106661 41762 
1217172626 27590 107290 7.777456 176 7976 4488 219.878144 0.161985 0.106597 41841 
1217259026 27651 107505 7.775849 176 8004 4499 220.056707 0.161735 0.106515 41922 
1217345426 27736 107798 7.773147 176 8039 4496 220.158422 0.161851 0.106238 42051 
1217431826 27814 108098 7.772920 176 8058 4523 220.424319 0.161996 0.106353 42163 
1217518226 27896 108396 7.771437 176 8080 4551 220.657442 0.162137 0.106364 42299 
1217604626 27963 108668 7.772271 176 8099 4573 220.960340 0.162157 0.106277 42416 
1217691026 28041 108921 7.768696 176 8120 4596 221.042901 0.162253 0.106491 42513 
1217777426 28096 109130 7.768366 176 8145 4595 221.155325 0.162396 0.106498 42613 
1217863826 28171 109399 7.766781 178 8168 4605 221.373966 0.162252 0.106537 42733 
1217950226 28271 109715 7.761664 180 8201 4646 221.569099 0.162274 0.106425 42846 
1218036626 28366 110061 7.760065 180 8221 4685 221.770077 0.162252 0.106487 42984 
1218123026 28479 110400 7.753081 181 8268 4703 221.857369 0.162119 0.106173 43095 
1218209426 28555 110693 7.752968 182 8299 4707 222.170828 0.162093 0.106093 43223 
1218295826 28599 110917 7.756705 182 8299 4720 222.519109 0.161972 0.106312 43330 
1218382226 28663 111097 7.751945 182 8336 4722 222.464850 0.162060 0.106008 43396 
1218468626 28735 111344 7.749713 183 8366 4732 222.669497 0.161944 0.106159 43503 
1218555026 28827 111638 7.745378 183 8403 4738 222.758525 0.162129 0.105992 43634 
1218641426 28914 111951 7.743723 183 8439 4744 222.975237 0.162106 0.105845 43767 
1218727826 29002 112257 7.741328 184 8463 4770 223.189090 0.162029 0.105553 43894 
1218814226 29073 112547 7.742373 185 8466 4799 223.484195 0.161775 0.105727 44024 
1218900626 29152 112794 7.738337 185 8495 4814 223.562500 0.161841 0.105610 44124 
1218987026 29233 113051 7.734478 185 8524 4825 223.604693 0.161999 0.105569 44229 
1219073426 29306 113378 7.737528 185 8549 4823 224.025183 0.161844 0.105447 44389 
1219159826 29419 113747 7.732894 187 8594 4839 224.204630 0.162179 0.105051 44550 
1219246226 29502 114073 7.733238 187 8616 4856 224.543489 0.161932 0.105361 44692 
1219332626 29600 114418 7.730946 187 8650 4876 224.824730 0.161675 0.105455 44848 
1219419026 29694 114738 7.728026 187 8697 4883 224.974944 0.161851 0.105317 44979 
1219505426 29775 115031 7.726683 187 8719 4897 225.106700 0.162159 0.105474 45109 
1219591826 29843 115265 7.724760 187 8738 4917 225.215025 0.162355 0.105298 45206 
1219678226 29945 115607 7.721289 189 8769 4943 225.408315 0.162353 0.105410 45353 
1219764626 30056 115981 7.717660 191 8805 4967 225.589832 0.162305 0.105341 45496 
1219851026 30143 116323 7.718077 192 8818 4988 225.917858 0.162382 0.105311 45644 
1219937426 30246 116711 7.717450 192 8841 5017 226.254976 0.162174 0.105520 45813 
1220023826 30317 116993 7.717980 192 8861 5034 226.518389 0.162291 0.105658 45926 
1220110226 30395 117233 7.713966 192 8897 5057 226.550748 0.162192 0.105404 46016 
1220196626 30437 117435 7.716595 192 8913 5049 226.830305 0.162119 0.105271 46099 
1220283026 30484 117677 7.720575 192 8919 5068 227.178061 0.162231 0.105477 46200 
1220369426 30526 117874 7.722859 193 8921 5088 227.386687 0.162312 0.105604 46298 
1220455826 30571 118069 7.724248 193 8930 5090 227.617350 0.162366 0.105582 46381 
1220542226 30605 118281 7.729521 194 8924 5104 228.022611 0.162078 0.105613 46486 
1220628626 30650 118500 7.732463 194 8931 5105 228.315302 0.162066 0.105495 46562 
1220715026 30711 118756 7.733776 194 8954 5103 228.585979 0.162028 0.105323 46676 
1220801426 30769 119014 7.735968 194 8967 5115 228.885112 0.162008 0.105294 46793 
1220887826 30850 119307 7.734652 195 8989 5136 229.088298 0.161909 0.105225 46907 
1220974226 30928 119703 7.740753 195 8996 5158 229.632437 0.162036 0.105125 47073 
1221060626 31032 120015 7.734919 196 9029 5196 229.677559 0.162250 0.105119 47213 
1221147026 31110 120312 7.734619 196 9045 5219 229.934876 0.162304 0.105018 47346 
1221233426 31227 120682 7.729337 197 9093 5241 230.030679 0.162268 0.104894 47477 
1221319826 31312 120955 7.725792 197 9129 5261 230.134389 0.162552 0.104691 47606 
1221406226 31373 121239 7.728875 197 9132 5263 230.375610 0.162849 0.104773 47733 
1221492626 31449 121540 7.729340 197 9138 5289 230.597284 0.162672 0.104845 47835 
1221579026 31546 121903 7.728587 197 9154 5322 230.790465 0.163085 0.105190 47993 
1221665426 31681 122396 7.726776 197 9180 5352 231.020675 0.162903 0.104803 48162 
1221751826 31788 122792 7.725683 198 9189 5389 231.201082 0.162946 0.104755 48317 
1221838226 31885 123152 7.724761 198 9189 5420 231.342889 0.162824 0.105020 48453 
1221924626 31977 123458 7.721675 198 9223 5425 231.500766 0.162686 0.104878 48585 
1222011026 32059 123752 7.720266 199 9232 5447 231.568421 0.162909 0.104999 48700 
1222097426 32140 124091 7.721904 200 9236 5462 231.788177 0.162944 0.105014 48822 
1222183826 32240 124462 7.720968 201 9239 5499 231.942742 0.163226 0.105285 48955 
1222270226 32344 124817 7.718093 201 9266 5526 232.013789 0.163384 0.105137 49085 
1222356626 32448 125203 7.717147 201 9257 5576 232.199026 0.163354 0.105256 49241 
1222443026 32541 125535 7.715497 203 9269 5614 232.373560 0.163199 0.105289 49374 
1222529426 32613 125793 7.714286 203 9287 5622 232.439886 0.163364 0.105158 49463 
1222615826 32689 126025 7.710545 203 9309 5649 232.401542 0.163516 0.104882 49538 
1222702226 32786 126364 7.708412 203 9326 5661 232.482401 0.163720 0.104954 49654 
1222788626 32863 126799 7.716824 204 9303 5694 233.041293 0.163817 0.105275 49837 
1222875026 32981 127193 7.713108 204 9335 5719 233.159941 0.163651 0.105643 49971 
1222961426 33064 127618 7.719453 204 9312 5743 233.567143 0.163648 0.105862 50160 
1223047826 33162 128029 7.721428 205 9314 5764 233.981244 0.163664 0.105908 50328 
1223134226 33243 128365 7.722829 206 9308 5800 234.198598 0.163696 0.105748 50444 
1223220626 33303 128645 7.725730 206 9300 5832 234.386452 0.163869 0.105919 50562 
1223307026 33390 128968 7.724948 208 9311 5851 234.580174 0.163659 0.105813 50691 
1223393426 33489 129377 7.726537 208 9319 5880 234.902028 0.163627 0.106090 50860 
1223479826 33619 129844 7.724442 208 9327 5934 235.046611 0.163663 0.105818 51015 
1223566226 33734 130201 7.719274 208 9374 5946 235.103160 0.163475 0.105686 51149 
1223652626 33845 130653 7.720668 208 9368 5990 235.329768 0.163762 0.105668 51324 
1223739026 33927 130969 7.720635 209 9374 6022 235.516314 0.163735 0.105928 51463 
1223825426 33997 131227 7.719916 209 9381 6037 235.624790 0.163783 0.106223 51553 
1223911826 34083 131635 7.724379 209 9367 6070 236.030807 0.163797 0.106414 51715 
1223998226 34201 132156 7.728195 209 9361 6105 236.398585 0.163928 0.106642 51917 
1224084626 34315 132568 7.726534 210 9388 6131 236.537316 0.163812 0.106450 52055 
1224171026 34414 133004 7.729645 211 9387 6161 236.934387 0.163649 0.106289 52233 
1224257426 34542 133511 7.730357 213 9405 6177 237.283191 0.163738 0.106111 52444 
1224343826 34628 133814 7.728659 213 9436 6179 237.380213 0.163834 0.105996 52560 
1224430226 34695 134043 7.726935 213 9456 6185 237.434674 0.164018 0.105915 52661 
1224516626 34790 134446 7.729003 213 9458 6204 237.735211 0.164095 0.105841 52836 
1224603026 34922 134960 7.729225 213 9491 6204 238.019701 0.164299 0.105394 53026 
1224689426 35047 135435 7.728764 214 9501 6236 238.195166 0.164685 0.105367 53207 
1224775826 35173 135936 7.729565 216 9533 6240 238.548318 0.164727 0.105237 53394 
1224862226 35288 136408 7.731127 216 9553 6256 238.882283 0.164770 0.105421 53581 
1224948626 35369 136747 7.732591 217 9552 6270 239.169612 0.164987 0.105811 53746 
1225035026 35431 136996 7.733115 217 9555 6291 239.328780 0.164933 0.105921 53849 
1225121426 35526 137326 7.731014 217 9569 6321 239.431571 0.165067 0.105994 53967 
1225207826 35642 137781 7.731384 218 9591 6338 239.676898 0.165106 0.106126 54146 
1225294226 35757 138206 7.730291 218 9625 6333 239.808597 0.165183 0.105905 54306 
1225380626 35864 138648 7.731876 218 9635 6359 240.083649 0.165405 0.105947 54477 
1225467026 35985 139069 7.729276 218 9664 6380 240.115715 0.165663 0.105884 54623 
1225553426 36050 139357 7.731318 219 9664 6397 240.329986 0.165767 0.105832 54742 
1225639826 36122 139631 7.731078 219 9674 6422 240.450252 0.165892 0.105854 54858 
1225726226 36204 139990 7.733400 219 9680 6431 240.772401 0.165772 0.105858 55009 
1225812626 36328 140483 7.734144 219 9702 6446 241.040024 0.166022 0.105917 55212 
1225899026 36446 140882 7.730999 219 9744 6452 241.095429 0.166305 0.106123 55362 
1225985426 36561 141356 7.732611 220 9763 6462 241.431033 0.166196 0.106198 55542 
1226071826 36700 141833 7.729319 222 9799 6471 241.522071 0.166265 0.105932 55703 
1226158226 36793 142252 7.732558 223 9799 6491 241.964993 0.166040 0.106051 55892 
1226244626 36865 142575 7.734979 224 9792 6530 242.228835 0.166185 0.106244 56021 
1226331026 36978 143133 7.741522 225 9775 6569 242.772405 0.166280 0.106221 56257 
1226417426 37120 143731 7.744127 225 9776 6617 243.109321 0.166591 0.106210 56489 
1226503826 37265 144286 7.743781 226 9800 6640 243.417684 0.166586 0.106241 56702 
1226590226 37431 144862 7.740215 227 9824 6683 243.546365 0.166750 0.106276 56918 
1226676626 37601 145461 7.737081 227 9871 6712 243.777985 0.166862 0.106177 57145 
1226763026 37707 145933 7.740367 227 9861 6739 244.030445 0.167032 0.106228 57328 
1226849426 37792 146339 7.744443 227 9863 6744 244.362511 0.167021 0.106235 57494 
1226935826 37912 146808 7.744672 227 9869 6785 244.649926 0.167060 0.106163 57669 
1227022226 38063 147392 7.744634 227 9896 6797 244.943856 0.166998 0.106145 57905 
1227108626 38192 147926 7.746439 229 9921 6815 245.354001 0.166869 0.106014 58132 
1227195026 38332 148473 7.746687 229 9933 6834 245.661432 0.166881 0.105676 58326 
1227281426 38481 149030 7.745641 230 9953 6875 245.960240 0.166705 0.105849 58550 
1227367826 38596 149436 7.743600 230 9997 6871 246.095191 0.166641 0.105504 58686 
1227454226 38683 149804 7.745211 230 10013 6880 246.308559 0.166748 0.105682 58844 
1227540626 38809 150288 7.745008 230 10029 6911 246.472674 0.166655 0.105942 59022 
1227627026 38960 150833 7.742967 232 10061 6940 246.623460 0.166906 0.106110 59225 
1227713426 39069 151351 7.747882 233 10061 6968 247.039597 0.166921 0.106134 59411 
1227799826 39180 151780 7.747831 233 10057 7015 247.172537 0.166984 0.106078 59569 
1227886226 39285 152168 7.746875 234 10080 7043 247.334504 0.167020 0.106055 59708 
1227972626 39380 152549 7.747537 234 10089 7058 247.490757 0.167240 0.106046 59852 
1228059026 39497 152969 7.745854 234 10112 7090 247.664126 0.167148 0.106193 60016 
1228145426 39605 153443 7.748668 235 10127 7102 248.043833 0.167058 0.106339 60209 
1228231826 39742 154005 7.750239 236 10146 7134 248.341503 0.167261 0.106220 60426 
1228318226 39882 154594 7.752570 237 10171 7146 248.723133 0.167194 0.106369 60668 
1228404626 40023 155238 7.757439 238 10173 7162 249.209205 0.167039 0.106175 60897 
1228491026 40193 155885 7.756823 238 10237 7159 249.519120 0.166950 0.106055 61149 
1228577426 40294 156382 7.762049 239 10252 7170 249.945451 0.166796 0.105988 61337 
1228663826 40387 156818 7.765766 239 10256 7191 250.254092 0.166905 0.105985 61498 
1228750226 40517 157355 7.767357 239 10292 7185 250.567860 0.166989 0.105885 61711 
1228836626 40676 158042 7.770774 239 10298 7230 251.048972 0.166829 0.106542 61980 
1228923026 40811 158583 7.771581 239 10324 7250 251.352920 0.166924 0.106619 62182 
1229009426 40947 159151 7.773512 239 10344 7270 251.780448 0.166784 0.106764 62412 
1229095826 41096 159777 7.775793 239 10371 7285 252.196077 0.166847 0.106870 62665 
1229182226 41215 160212 7.774451 240 10385 7327 252.332306 0.166742 0.106851 62813 
1229268626 41323 160617 7.773734 240 10421 7335 252.450064 0.167004 0.106841 62976 
1229355026 41447 161131 7.775279 241 10436 7349 252.770285 0.167150 0.106708 63194 
1229441426 41614 161783 7.775412 241 10485 7367 253.070842 0.167360 0.106657 63453 
1229527826 41773 162459 7.778182 242 10504 7392 253.589496 0.167082 0.106858 63714 
1229614226 41929 163074 7.778578 242 10544 7413 253.962222 0.166982 0.106944 63975 
1229700626 42083 163661 7.778010 242 10580 7448 254.296652 0.167035 0.106793 64194 
1229787026 42198 164195 7.782122 242 10572 7472 254.735390 0.166860 0.106871 64402 
1229873426 42297 164669 7.786321 244 10580 7482 255.105658 0.167004 0.106938 64585 
1229959826 42434 165331 7.792383 245 10582 7501 255.574115 0.167232 0.107133 64846 
1230046226 42571 165986 7.798079 245 10561 7531 256.075591 0.167224 0.107373 65091 
1230132626 42698 166555 7.801536 245 10581 7541 256.538292 0.167206 0.107023 65327 
1230219026 42801 167020 7.804491 246 10591 7551 256.882456 0.167112 0.107019 65479 
1230305426 42903 167401 7.803697 246 10622 7554 257.036897 0.167063 0.107004 65637 
1230391826 43027 167861 7.802589 246 10656 7575 257.164989 0.167262 0.106990 65810 
1230478226 43133 168335 7.805393 246 10656 7617 257.490274 0.167272 0.107235 65993 
1230564626 43285 168936 7.805753 246 10686 7626 257.740280 0.167601 0.107143 66222 
1230651026 43476 169634 7.803570 247 10740 7656 257.947879 0.167719 0.106838 66502 
1230737426 43664 170318 7.801301 247 10785 7693 258.220823 0.167659 0.107032 66764 
1230823826 43814 170851 7.798923 247 10809 7737 258.353540 0.167820 0.107325 66962 
1230910226 43962 171459 7.800328 247 10844 7739 258.669851 0.167899 0.107369 67189 
1230996626 44108 172017 7.799810 247 10855 7786 258.862701 0.167798 0.107542 67383 
1231083026 44201 172561 7.808013 247 10840 7791 259.476618 0.167611 0.107846 67624 
1231169426 44338 173171 7.811403 247 10860 7816 259.882358 0.167545 0.107877 67857 
1231255826 44466 173926 7.822876 247 10830 7849 260.734314 0.167293 0.108074 68173 
1231342226 44578 174686 7.837319 247 10780 7901 261.695365 0.167266 0.108322 68536 
1231428626 44680 175398 7.851298 248 10746 7897 262.552641 0.167310 0.108454 68845 
1231515026 44781 176084 7.864228 248 10731 7909 263.450124 0.167328 0.108516 69174 
1231601426 44857 176673 7.877165 248 10687 7932 264.299931 0.167176 0.108685 69426 
1231687826 44937 177177 7.885573 248 10670 7935 264.866057 0.166949 0.108771 69637 
1231774226 45025 177774 7.896680 248 10642 7938 265.591338 0.166686 0.109119 69879 
1231860626 45130 178466 7.908974 249 10613 7965 266.440993 0.166647 0.109218 70182 
1231947026 45227 179157 7.922568 250 10587 7986 267.466248 0.166357 0.109029 70493 
1232033426 45335 179798 7.931973 250 10576 8001 268.172273 0.166030 0.109313 70769 
1232119826 45416 180433 7.945790 250 10540 8005 269.033865 0.166107 0.109198 71044 
1232206226 45501 181010 7.956309 250 10508 8019 269.738863 0.166179 0.109790 71322 
1232292626 45573 181549 7.967393 250 10487 8020 270.435565 0.166147 0.109841 71571 
1232379026 45633 182078 7.980102 250 10445 8039 271.247299 0.166133 0.110009 71816 
1232465426 45711 182714 7.994312 251 10402 8043 272.137254 0.165959 0.110121 72098 
1232551826 45792 183272 8.004542 251 10369 8067 272.865042 0.165906 0.110420 72357 
1232638226 45812 183401 8.006679 251 10373 8054 273.010259 0.165857 0.110396 72408 
