997747200 2.499285656755136
999064800 2.5070084279419684
1000382400 2.5138492820722544
1001700000 2.524718444208736
1003017600 2.538730578460938
1004335200 2.5612177342112825
1005652800 2.5718084314966836
1006970400 2.5845566852287307
1008288000 2.5876438010970793
1009605600 2.591432217374102
1010923200 2.5946276996031803
1012240800 2.5997216591395444
1013558400 2.603312847233435
1014876000 2.603972043395444
1016193600 2.604439287424619
1017511200 2.6058530290235478
1018828800 2.605953397759741
1020146400 2.6054339471191703
1021464000 2.606820802160076
1022781600 2.6069037886266395
1024099200 2.606848508186642
