997745068 54900 192962 7.029581056466302 1.2804570313605535E-4 1493 0.1464106393379212 1025.7873952641166 -0.20640629622057471 621.2278165053461 33847 7318 677123
998745068 56242 197937 7.038761068240817 1.251535546708063E-4 1502 0.14355993642906759 1045.4863625048895 -0.20247425168067903 629.1851873653734 34524 7667 688337
999745068 57105 201805 7.067857455564312 1.2377167020811695E-4 1510 0.1405280913144556 1058.0859469398476 -0.200658968570713 635.3030772788685 34798 8026 693729
1000745068 59322 207135 6.983412561950035 1.1772243492102351E-4 1516 0.13405323702326186 1052.6327163615522 -0.19880077410797828 643.6380970700849 36342 8395 699996
1001745068 62077 216868 6.987064452212575 1.1255661531368927E-4 1567 0.12805587698825213 1090.2188250076517 -0.19382027016242837 658.5863648755568 37592 9240 719443
1002745068 63773 223001 6.993586627569661 1.0966547430799819E-4 1591 0.12373896340562844 1106.7268906904176 -0.18863017869507065 667.8338116627519 38229 9798 729493
1003745068 66713 233912 7.012486322006206 1.0511581607516198E-4 1611 0.11901644355757142 1141.0327522371952 -0.18300247559902935 683.9766077871377 39327 10759 749745
1004745068 71024 247260 6.9627168281144405 9.803467648669361E-5 1710 0.1099975290986462 1156.109653075017 -0.17528758497941313 703.2211600911907 41531 11799 769486
1005745068 72642 253100 6.968420473004598 9.5929577965675E-5 1721 0.10702952428305718 1163.2471572919249 -0.17304232512420703 711.4773362518303 42243 12235 779153
1006745068 75523 261798 6.9329343378838235 9.180019514689526E-5 1752 0.10261413442911384 1185.4555036214133 -0.16890661191127465 723.5993366497788 44155 12644 798912
1007745068 76698 267555 6.97684424626457 9.096632523129419E-5 1777 0.10137917174701146 1212.6237450780984 -0.16705978459020013 731.5121325036243 44575 12975 815376
1008745068 77930 270608 6.944899268574361 8.911829060522221E-5 1785 0.09965582782884368 1220.0857949441806 -0.1663659354229812 735.673840774565 45466 13118 820326
1009745068 78931 273229 6.9232367510863915 8.771362917884698E-5 1788 0.09837479001842099 1222.335710937401 -0.16569216319443653 739.2279756610947 46116 13287 826447
1010745068 80212 276876 6.903605445569242 8.606806355199712E-5 1795 0.0968983812285994 1226.8234678103026 -0.16461491078538457 744.1451471319289 46969 13454 834752
1011745068 81573 280726 6.8828166182437815 8.4377195829988E-5 1805 0.09559509278110352 1228.920966496267 -0.16321716449112275 749.3010076064224 47871 13644 842949
1012745068 84084 287102 6.828932971790115 8.121657138529923E-5 1823 0.09369189256549541 1236.4439608011037 -0.16007762035085593 757.762495772917 49745 13845 860755
1013745068 84689 290599 6.862733058602652 8.103548387732208E-5 1830 0.09424576278844787 1255.1644487477713 -0.15913914491909076 762.3634303926179 49982 13974 874836
1014745068 85005 291912 6.868113640374095 8.079753470865013E-5 1839 0.09398735009359241 1257.6337391918123 -0.15858463955951801 764.0837650415039 50123 14035 877279
1015745068 85608 293038 6.8460424259415005 7.997059149300291E-5 1842 0.09325245845391648 1253.4614989253341 -0.15828914104097339 765.5560070954966 50591 14112 878203
1016745068 86278 294407 6.824613458819166 7.910119103375368E-5 1843 0.09278743204949112 1256.3430074874243 -0.15763735275288057 767.3421661814239 51084 14206 882918
1017745068 86436 295037 6.826715720301726 7.898091884423817E-5 1844 0.0926379201738523 1257.2930954694802 -0.15739086229898194 768.1627431736064 51126 14269 884302
1018745068 86500 295309 6.827953757225433 7.893679415051543E-5 1844 0.09266514173266262 1258.2915375722544 -0.15745721961067471 768.5167532331354 51124 14309 884841
1019745068 86542 295489 6.8287998890712025 7.890826185358619E-5 1844 0.09264567081797781 1258.5967276004715 -0.15738958747606768 768.750934958781 51142 14315 885105
1020745068 86646 296309 6.839530965076287 7.893739933148234E-5 1844 0.09309551212537923 1271.3111742030792 -0.15706246411740196 769.8168613378119 51115 14397 893418
1021745068 86743 296647 6.8396758239857975 7.885079689176866E-5 1845 0.09307562640475907 1272.3329836413313 -0.15683061555463743 770.2558016659141 51166 14420 894984
1022745068 86796 296849 6.84015392414397 7.880815627794193E-5 1845 0.09308091512163658 1272.5926770818933 -0.15681622769777395 770.5180075767211 51179 14452 895295
1023745068 86823 296955 6.8404685394423135 7.878727211354626E-5 1845 0.09305912403976345 1272.8911233198576 -0.15681785007178964 770.6555650872833 51191 14455 895514
1024745068 86853 297051 6.840316396670236 7.87583060455745E-5 1845 0.09304544256573423 1273.0800548052457 -0.15684869613209812 770.7801242896705 51205 14464 895727
