997745068 54900 192962 7.029581056466302 1.2804570313605535E-4 1493 0.1464106393379212 1025.7873952641166 -0.20640629622057471 621.2278165053461 33847 7318 677123
998745068 56242 197938 7.0387966288538815 1.2515418696064937E-4 1499 0.14316823501245413 1037.9198819387645 -0.20315607484229728 629.1867767205538 33878 8168 684699
999745068 57105 201806 7.067892478767183 1.2377228353122695E-4 1510 0.14023999411275562 1043.3689169074512 -0.20029607486852244 635.3046513287936 33733 8759 688808
1000745068 59322 207136 6.983446276255015 1.1772300325778418E-4 1516 0.13434411201641092 1030.0600114628637 -0.19748102158680894 643.6396507363418 34809 9432 692802
1001745068 62077 216869 6.987096670264349 1.1255713432348007E-4 1534 0.12797283621260647 1043.6100327013226 -0.19284736095333993 658.5878832775471 35237 10735 704109
1002745068 63773 223002 6.993617988804039 1.0966596607922034E-4 1543 0.12413393856117004 1043.2944976714284 -0.18808230884161853 667.8353090395865 35339 11566 709349
1003745068 66713 233913 7.012516301170686 1.051162654570495E-4 1555 0.11800361071846335 1049.1404373960097 -0.1796416536676156 683.9780698238797 35528 12972 719743
1004745068 71024 247261 6.962744987609822 9.803507297086609E-5 1580 0.10949505395649956 1041.1636066681685 -0.17152086766764738 703.2225821174972 36846 14339 731001
1005745068 72642 253101 6.968448005286198 9.592995698415769E-5 1588 0.10687371635353979 1046.0044326973377 -0.16888161405616975 711.4787417765903 37145 14884 737410
1006745068 75523 261799 6.932960819882685 9.180054579967009E-5 1617 0.10239188404999407 1043.3749983448752 -0.1639936396488323 723.60071862872 38063 15695 745608
1007745068 76698 267556 6.976870322563822 9.096666522241837E-5 1624 0.10024469419677773 1050.2990690761167 -0.1605174504214309 731.5134995336723 37806 16211 751346
1008745068 77930 270609 6.944924932631849 8.911861993137149E-5 1626 0.09827537000683229 1045.0221224175543 -0.1592464555514717 735.6752000713358 38408 16421 753486
1009745068 78931 273230 6.923262089673259 8.771395020490635E-5 1628 0.09667185571728253 1039.992753164156 -0.15733169591519605 739.2293284225133 38812 16616 755391
1010745068 80212 276877 6.90363037949434 8.606837440618294E-5 1634 0.09505000605379887 1038.9224056250935 -0.1553845163387486 744.14649095457 39345 16899 758812
1011745068 81573 280727 6.882841136160249 8.437749639778661E-5 1638 0.09322884774670262 1037.9906341559094 -0.15271095171086838 749.3023421823797 39847 17228 762764
1012745068 84084 287103 6.828956757528186 8.121685426933133E-5 1645 0.09055954640151645 1037.1908805480234 -0.14866078800742044 757.7638154464754 41118 17671 769078
1013745068 84689 290600 6.862756674420527 8.103576273404174E-5 1652 0.09000861186036685 1045.7211444225343 -0.14770586494945878 762.3647421018367 40884 17997 773703
1014745068 85005 291913 6.868137168401859 8.079781149595147E-5 1652 0.0898532975339505 1046.535168519499 -0.14731714087885525 764.0850737974142 40930 18109 774716
1015745068 85608 293039 6.846065788244089 7.997086439478185E-5 1654 0.0892631861573158 1043.4739276703112 -0.14695745077977732 765.5573133345406 41336 18164 775643
1016745068 86278 294408 6.824636639699576 7.910145971347608E-5 1654 0.08870684433733589 1040.1680845638518 -0.14666418116774504 767.343469379912 41802 18252 776784
1017745068 86436 295038 6.82673885880883 7.898118654259072E-5 1655 0.08870545899369481 1040.9142024156602 -0.14654015702926299 768.1640449799769 41841 18295 777395
1018745068 86500 295310 6.827976878612716 7.893706145288058E-5 1655 0.08861065556444633 1040.8488786127168 -0.14639217483566985 768.518054439842 41830 18338 777485
1019745068 86542 295490 6.828822999237365 7.89085288965619E-5 1655 0.08854486952640976 1040.9610362598507 -0.14630492880481252 768.7522357691065 41823 18350 777695
1020745068 86646 296310 6.839554047503635 7.893766573378309E-5 1655 0.08875687737845651 1047.3428663758282 -0.14683626924539103 769.8181603469744 41755 18435 779988
1021745068 86743 296648 6.839698880601317 7.885106269859257E-5 1655 0.08867373610715788 1046.914125635498 -0.1466173403893101 770.2570999348204 41786 18459 780128
1022745068 86796 296850 6.840176966680493 7.880842176024532E-5 1655 0.08860939644581267 1046.8849947002166 -0.14652759117246703 770.5193054038295 41776 18493 780204
1023745068 86823 296956 6.840491574813125 7.878753743075633E-5 1655 0.08857084674455167 1047.059696163459 -0.14649771408715 770.6568626827377 41766 18517 780391
1024745068 86853 297052 6.840339424084372 7.875857117952808E-5 1655 0.08855024781192286 1047.0199993091776 -0.14649499781018224 770.781421675432 41777 18528 780418
