997745068 54900 192962 7.029581056466302 1.2804570313605535E-4 1493 0.1464106393379212 1025.7873952641166 -0.20640629622057471 621.2278165053461 33847 7318 677123
998745068 56242 197938 7.0387966288538815 1.2515418696064937E-4 1503 0.14301836448411848 1049.7709185306355 -0.200817700395055 629.1867767205538 34469 7736 691003
999745068 57105 201806 7.067892478767183 1.2377228353122695E-4 1507 0.13997213536672104 1064.4394361264337 -0.19996164262452476 635.3046513287936 34761 8062 696673
1000745068 59322 207136 6.983446276255015 1.1772300325778418E-4 1512 0.1336050036378895 1059.9293685310677 -0.19795401782901967 643.6396507363418 36309 8409 703486
1001745068 62077 216869 6.987096670264349 1.1255713432348007E-4 1589 0.12703342606387258 1109.3332474185286 -0.1860393140312078 658.5878832775471 37561 9235 724761
1002745068 63773 223002 6.993617988804039 1.0966596607922034E-4 1601 0.12278609190007346 1118.1653677888762 -0.1824756008333594 667.8353090395865 38219 9782 732551
1003745068 66713 233913 7.012516301170686 1.051162654570495E-4 1627 0.11713981350147104 1137.8186260548919 -0.1763343737398976 683.9780698238797 39303 10764 751471
1004745068 71024 247261 6.962744987609822 9.803507297086609E-5 1700 0.10890149022390855 1147.2721615228654 -0.16939425559223084 703.2225821174972 41450 11909 772378
1005745068 72642 253101 6.968448005286198 9.592995698415769E-5 1734 0.1065430530250953 1160.3450070207318 -0.16640255884310048 711.4787417765903 42128 12373 784779
1006745068 75523 261799 6.932960819882685 9.180054579967009E-5 1773 0.1022243501032307 1173.0813394595025 -0.16185817358644822 723.60071862872 44057 12755 802761
1007745068 76698 267556 6.976870322563822 9.096666522241837E-5 1807 0.10045434283815109 1195.1685832746616 -0.16008281722679213 731.5134995336723 44483 13070 814963
1008745068 77930 270609 6.944924932631849 8.911861993137149E-5 1819 0.09875937066344072 1196.9560118054665 -0.1594902140822359 735.6752000713358 45387 13185 820979
1009745068 78931 273230 6.923262089673259 8.771395020490635E-5 1834 0.09743169455138768 1196.8557854328465 -0.15789914101542205 739.2293284225133 46039 13340 825118
1010745068 80212 276877 6.90363037949434 8.606837440618294E-5 1855 0.09587901674967228 1200.3128958260609 -0.15596141053312237 744.14649095457 46852 13557 833274
1011745068 81573 280727 6.882841136160249 8.437749639778661E-5 1868 0.0944835302980799 1203.2161622105355 -0.15393236256346035 749.3023421823797 47767 13740 841145
1012745068 84084 287103 6.828956757528186 8.121685426933133E-5 1885 0.09211873316469628 1205.2973692973692 -0.15197470738454058 757.7638154464754 49691 13931 854068
1013745068 84689 290600 6.862756674420527 8.103576273404174E-5 1890 0.09205446116495315 1221.2540471607883 -0.15123488156814527 762.3647421018367 49877 14116 864904
1014745068 85005 291913 6.868137168401859 8.079781149595147E-5 1988 0.09195482143425046 1233.2633845067937 -0.14947677157017197 764.0850737974142 50035 14191 870067
1015745068 85608 293039 6.846065788244089 7.997086439478185E-5 1993 0.09127697756373654 1229.9186524623867 -0.14936540890938557 765.5573133345406 50506 14249 871234
1016745068 86278 294408 6.824636639699576 7.910145971347608E-5 1995 0.09061416315741913 1225.802707526832 -0.14903755955938291 767.343469379912 50992 14347 872537
1017745068 86436 295038 6.82673885880883 7.898118654259072E-5 1997 0.09053023685249252 1227.7710907492249 -0.1488340599815822 768.1640449799769 51039 14402 874966
1018745068 86500 295310 6.827976878612716 7.893706145288058E-5 1997 0.09043245760309848 1228.5541734104047 -0.14890310426597536 768.518054439842 51051 14425 875474
1019745068 86542 295490 6.828822999237365 7.89085288965619E-5 1998 0.09040355986637609 1229.3780129879133 -0.14884026705129297 768.7522357691065 51055 14439 875918
1020745068 86646 296310 6.839554047503635 7.893766573378309E-5 1999 0.09068668145237431 1236.4471989474414 -0.14917740178273872 769.8181603469744 51025 14504 880373
1021745068 86743 296648 6.839698880601317 7.885106269859257E-5 2001 0.09062390670354054 1236.582087315403 -0.14900127614824105 770.2570999348204 51076 14523 880693
1022745068 86796 296850 6.840176966680493 7.880842176024532E-5 2002 0.09057669405822347 1236.8580810175583 -0.14891287625336203 770.5193054038295 51103 14536 881127
1023745068 86823 296956 6.840491574813125 7.878753743075633E-5 2002 0.09053958012405408 1236.9297306013384 -0.14886600657203494 770.6568626827377 51116 14539 881242
1024745068 86853 297052 6.840339424084372 7.875857117952808E-5 2002 0.09050433698602094 1236.8815584953888 -0.14880351296081426 770.781421675432 51130 14541 881335
