997745068 54900 192962 7.029581056466302 1.2804570313605535E-4 1493 0.1464106393379212 1025.7873952641166 -0.20640629622057471 621.2278165053461 33847 7318 677123
998745068 56242 197938 7.0387966288538815 1.2515418696064937E-4 1510 0.14193899278248293 1038.7792041534797 -0.2026809531267428 629.1867767205538 34390 7769 684996
999745068 57105 201806 7.067892478767183 1.2377228353122695E-4 1513 0.1385821972709476 1047.2776814639699 -0.19986458924831138 635.3046513287936 34587 8127 689174
1000745068 59322 207136 6.983446276255015 1.1772300325778418E-4 1519 0.1319672997124926 1038.9879977074272 -0.1986849672127827 643.6396507363418 36100 8470 693561
1001745068 62077 216869 6.987096670264349 1.1255713432348007E-4 1535 0.1245931161210226 1060.310034312225 -0.19642541959876209 658.5878832775471 37343 9246 706281
1002745068 63773 223002 6.993617988804039 1.0966596607922034E-4 1538 0.11948030139865265 1062.1007009235884 -0.19242643812985238 667.8353090395865 38049 9710 712408
1003745068 66713 233913 7.012516301170686 1.051162654570495E-4 1552 0.11181876234015446 1069.2953996972105 -0.18651894050831602 683.9780698238797 39243 10469 723478
1004745068 71024 247261 6.962744987609822 9.803507297086609E-5 1586 0.10247429906183185 1076.8550349177742 -0.17925225977276857 703.2225821174972 41437 11384 738193
1005745068 72642 253101 6.968448005286198 9.592995698415769E-5 1597 0.09931185772352831 1081.490074612483 -0.17672603457256217 711.4787417765903 42171 11767 745425
1006745068 75523 261799 6.932960819882685 9.180054579967009E-5 1601 0.09405831609175691 1078.3805992876341 -0.17235219496882362 723.60071862872 43731 12303 754585
1007745068 76698 267556 6.976870322563822 9.096666522241837E-5 1609 0.09182722433611808 1087.4510678244544 -0.16956259203156313 731.5134995336723 43850 12728 760328
1008745068 77930 270609 6.944924932631849 8.911861993137149E-5 1610 0.08969890234682436 1083.5715128961888 -0.1686125265495144 735.6752000713358 44632 12904 762478
1009745068 78931 273230 6.923262089673259 8.771395020490635E-5 1612 0.08811519092226337 1080.315896162471 -0.1667890530831578 739.2293284225133 45249 13047 765017
1010745068 80212 276877 6.90363037949434 8.606837440618294E-5 1618 0.08630085523529313 1080.8154889542711 -0.16544041156886538 744.14649095457 45995 13243 769410
1011745068 81573 280727 6.882841136160249 8.437749639778661E-5 1661 0.0848528834778846 1079.3078347002072 -0.16286539928753377 749.3023421823797 46756 13505 773419
1012745068 84084 287103 6.828956757528186 8.121685426933133E-5 1666 0.08240969178972639 1073.5137957280815 -0.1589128793316892 757.7638154464754 48363 13841 781109
1013745068 84689 290600 6.862756674420527 8.103576273404174E-5 1672 0.08214123865493178 1080.9505130536434 -0.15787759937250842 762.3647421018367 48426 14062 786037
1014745068 85005 291913 6.868137168401859 8.079781149595147E-5 1672 0.08182868566636517 1083.589788835951 -0.15783693965147308 764.0850737974142 48546 14140 787717
1015745068 85608 293039 6.846065788244089 7.997086439478185E-5 1683 0.08116900552665265 1080.2587842257733 -0.1574191487460792 765.5573133345406 49021 14187 788572
1016745068 86278 294408 6.824636639699576 7.910145971347608E-5 1684 0.08070659697198741 1079.9235726372888 -0.1576701574724542 767.343469379912 49508 14266 790487
1017745068 86436 295038 6.82673885880883 7.898118654259072E-5 1685 0.08066304815306664 1085.6123143134805 -0.15746307527400932 768.1640449799769 49573 14312 792547
1018745068 86500 295310 6.827976878612716 7.893706145288058E-5 1685 0.08059872062704983 1085.6657572254335 -0.1573256586438317 768.518054439842 49593 14335 792789
1019745068 86542 295490 6.828822999237365 7.89085288965619E-5 1685 0.08054651938491705 1085.923597790668 -0.15721934453540576 768.7522357691065 49604 14354 793098
1020745068 86646 296310 6.839554047503635 7.893766573378309E-5 1685 0.08065737870515348 1091.9939754864622 -0.15774712947749403 769.8181603469744 49578 14416 795472
1021745068 86743 296648 6.839698880601317 7.885106269859257E-5 1685 0.08057551908820783 1091.7633930115398 -0.1575068171881039 770.2570999348204 49613 14450 795702
1022745068 86796 296850 6.840176966680493 7.880842176024532E-5 1686 0.08057540445022547 1092.3191852159086 -0.15749983055409858 770.5193054038295 49643 14457 796054
1023745068 86823 296956 6.840491574813125 7.878753743075633E-5 1686 0.08056183566768008 1092.395402139986 -0.15744576127639043 770.6568626827377 49645 14473 796220
1024745068 86853 297052 6.840339424084372 7.875857117952808E-5 1686 0.08050684190025106 1092.361921867984 -0.15741772520228736 770.781421675432 49664 14475 796337
