997745068 54900 192962 7.029581056466302 1.2804570313605535E-4 1493 0.1464106393379212 1025.7873952641166 -0.20640629622057471 621.2278165053461 33847 7318 677123
998745068 56242 197938 7.0387966288538815 1.2515418696064937E-4 1498 0.14211957828146768 1043.6877066960635 -0.203842195643469 629.1867767205538 34407 7759 685336
999745068 57105 201806 7.067892478767183 1.2377228353122695E-4 1504 0.138357028141827 1051.2862621486736 -0.20243536229917217 635.3046513287936 34661 8061 689655
1000745068 59322 207136 6.983446276255015 1.1772300325778418E-4 1511 0.13169278411817112 1038.887630221503 -0.20020290215274644 643.6396507363418 36200 8381 693461
1001745068 62077 216869 6.987096670264349 1.1255713432348007E-4 1522 0.12447811561929117 1066.5644280490358 -0.19636983252342988 658.5878832775471 37527 9074 708256
1002745068 63773 223002 6.993617988804039 1.0966596607922034E-4 1534 0.11956826336818202 1071.5473319429852 -0.19294039745826508 667.8353090395865 38219 9588 714421
1003745068 66713 233913 7.012516301170686 1.051162654570495E-4 1547 0.11240407075102966 1084.160478467465 -0.18691055058602823 683.9780698238797 39375 10443 725976
1004745068 71024 247261 6.962744987609822 9.803507297086609E-5 1567 0.10293655420565236 1077.9624070736652 -0.18036949760827842 703.2225821174972 41562 11411 737223
1005745068 72642 253101 6.968448005286198 9.592995698415769E-5 1575 0.09977759913377535 1081.8658351917622 -0.17804977118223636 711.4787417765903 42243 11867 743029
1006745068 75523 261799 6.932960819882685 9.180054579967009E-5 1588 0.0950068505769993 1078.9221032003495 -0.17335889999437962 723.60071862872 43789 12426 752557
1007745068 76698 267556 6.976870322563822 9.096666522241837E-5 1596 0.0927840030341309 1092.1959373125767 -0.17034562750219642 731.5134995336723 43914 12908 759349
1008745068 77930 270609 6.944924932631849 8.911861993137149E-5 1601 0.09081004019994464 1089.8457590145001 -0.1693903764888125 735.6752000713358 44721 13069 762682
1009745068 78931 273230 6.923262089673259 8.771395020490635E-5 1604 0.08920396604217981 1086.7343882631665 -0.16757494094668632 739.2293284225133 45308 13223 765322
1010745068 80212 276877 6.90363037949434 8.606837440618294E-5 1613 0.08739002499697947 1087.238717398893 -0.1659554487291399 744.14649095457 46010 13467 769738
1011745068 81573 280727 6.882841136160249 8.437749639778661E-5 1617 0.08602333743618343 1084.2215438931999 -0.16438341734730835 749.3023421823797 46760 13690 772733
1012745068 84084 287103 6.828956757528186 8.121685426933133E-5 1627 0.08616370782003338 1076.9793064078779 -0.16112036715278383 757.7638154464754 48375 14053 780162
1013745068 84689 290600 6.862756674420527 8.103576273404174E-5 1631 0.08590989597017618 1087.036569093979 -0.16002084125496865 762.3647421018367 48415 14262 786812
1014745068 85005 291913 6.868137168401859 8.079781149595147E-5 1631 0.0855813244746411 1088.0149638256573 -0.1593808651003113 764.0850737974142 48541 14344 788323
1015745068 85608 293039 6.846065788244089 7.997086439478185E-5 1634 0.08492165980406911 1084.1173254835996 -0.1590009435377185 765.5573133345406 49000 14389 788989
1016745068 86278 294408 6.824636639699576 7.910145971347608E-5 1644 0.0843131924989292 1081.5676765803564 -0.15879835689973212 767.343469379912 49525 14454 790390
1017745068 86436 295038 6.82673885880883 7.898118654259072E-5 1645 0.08417182396423796 1083.0805451432273 -0.15894337304134198 768.1640449799769 49585 14495 791203
1018745068 86500 295310 6.827976878612716 7.893706145288058E-5 1647 0.08404048449028613 1083.2356994219654 -0.15871268254186038 768.518054439842 49604 14505 791374
1019745068 86542 295490 6.828822999237365 7.89085288965619E-5 1647 0.08398598196823386 1083.1557856300988 -0.15859233717324508 768.7522357691065 49607 14526 791482
1020745068 86646 296310 6.839554047503635 7.893766573378309E-5 1647 0.08410081318996579 1089.339404011726 -0.15914793548069672 769.8181603469744 49582 14583 793798
1021745068 86743 296648 6.839698880601317 7.885106269859257E-5 1648 0.08398023353724607 1089.434121485307 -0.1589615298852905 770.2570999348204 49630 14608 794191
1022745068 86796 296850 6.840176966680493 7.880842176024532E-5 1648 0.0839462877264591 1089.587769021614 -0.15889713645497108 770.5193054038295 49650 14627 794514
1023745068 86823 296956 6.840491574813125 7.878753743075633E-5 1650 0.08392768158244951 1089.6774357025213 -0.15882888614139756 770.6568626827377 49653 14641 794604
1024745068 86853 297052 6.840339424084372 7.875857117952808E-5 1650 0.08389668720305056 1089.6149125533948 -0.15876443723646222 770.781421675432 49670 14649 794681
