997745068 54900 192962 7.029581056466302 1.2804570313605535E-4 1493 0.1464106393379212 1025.7873952641166 -0.20640629622057471 621.2278165053461 33847 7318 677123
998745068 56242 197938 7.0387966288538815 1.2515418696064937E-4 1500 0.14163591489999286 1043.666156964546 -0.20374597819180912 629.1867767205538 34415 7747 685865
999745068 57105 201806 7.067892478767183 1.2377228353122695E-4 1513 0.1378205421669764 1049.8197005516154 -0.20145114237275305 635.3046513287936 34669 8050 690092
1000745068 59322 207136 6.983446276255015 1.1772300325778418E-4 1518 0.13139382225229979 1039.2245035568592 -0.1988816589725771 643.6396507363418 36199 8381 694283
1001745068 62077 216869 6.987096670264349 1.1255713432348007E-4 1531 0.1247789382759002 1053.7285951318524 -0.1951039057631497 658.5878832775471 37437 9180 706829
1002745068 63773 223002 6.993617988804039 1.0966596607922034E-4 1547 0.12016709536160734 1058.3088140749219 -0.19215013918579177 667.8353090395865 38150 9630 712887
1003745068 66713 233913 7.012516301170686 1.051162654570495E-4 1555 0.11269905466784932 1070.613703476084 -0.1844968087129594 683.9780698238797 39314 10471 724620
1004745068 71024 247261 6.962744987609822 9.803507297086609E-5 1570 0.10364698930603891 1065.8681009236313 -0.17780257200786725 703.2225821174972 41557 11391 736680
1005745068 72642 253101 6.968448005286198 9.592995698415769E-5 1574 0.10051298988280742 1070.5763883152997 -0.17654415578918553 711.4787417765903 42256 11774 742537
1006745068 75523 261799 6.932960819882685 9.180054579967009E-5 1586 0.09546428064520739 1072.218185188618 -0.17249099463163273 723.60071862872 43793 12326 751639
1007745068 76698 267556 6.976870322563822 9.096666522241837E-5 1594 0.09327209047811849 1082.551878797361 -0.16972401614881313 731.5134995336723 43878 12859 758117
1008745068 77930 270609 6.944924932631849 8.911861993137149E-5 1600 0.09133392921846271 1087.2732452200694 -0.16726388768588193 735.6752000713358 44695 13011 760172
1009745068 78931 273230 6.923262089673259 8.771395020490635E-5 1603 0.08971991841641168 1082.8146355677743 -0.16572292255577112 739.2293284225133 45263 13192 761982
1010745068 80212 276877 6.90363037949434 8.606837440618294E-5 1610 0.0876305166032772 1081.3239166209544 -0.16444388680344962 744.14649095457 46016 13363 765087
1011745068 81573 280727 6.882841136160249 8.437749639778661E-5 1613 0.08577478122076883 1077.503414119868 -0.162291697501206 749.3023421823797 46795 13585 768741
1012745068 84084 287103 6.828956757528186 8.121685426933133E-5 1620 0.08282496162237071 1071.826554397983 -0.1595394418963949 757.7638154464754 48356 13988 776065
1013745068 84689 290600 6.862756674420527 8.103576273404174E-5 1626 0.08205793784822198 1081.8532985393617 -0.1582277069426159 762.3647421018367 48440 14156 782501
1014745068 85005 291913 6.868137168401859 8.079781149595147E-5 1630 0.08158409563334425 1082.5794247397212 -0.15762914989314175 764.0850737974142 48570 14214 783636
1015745068 85608 293039 6.846065788244089 7.997086439478185E-5 1630 0.08091723767085178 1079.5396458274927 -0.15743912889003972 765.5573133345406 49050 14256 784637
1016745068 86278 294408 6.824636639699576 7.910145971347608E-5 1631 0.08020920769819369 1077.3869120749207 -0.15736423331081628 767.343469379912 49555 14324 786084
1017745068 86436 295038 6.82673885880883 7.898118654259072E-5 1632 0.08003933207072073 1078.0591188856495 -0.15723481974719375 768.1640449799769 49619 14368 786827
1018745068 86500 295310 6.827976878612716 7.893706145288058E-5 1632 0.07994550950152318 1078.3574104046243 -0.15698471092661545 768.518054439842 49638 14392 787072
1019745068 86542 295490 6.828822999237365 7.89085288965619E-5 1632 0.07988646817121793 1078.5728779089923 -0.1568402631124897 768.7522357691065 49635 14418 787231
1020745068 86646 296310 6.839554047503635 7.893766573378309E-5 1632 0.08028985957917195 1088.8116243104125 -0.15742789261733764 769.8181603469744 49609 14491 790937
1021745068 86743 296648 6.839698880601317 7.885106269859257E-5 1632 0.08023394881567912 1088.6440173846881 -0.1572257021144099 770.2570999348204 49645 14516 791290
1022745068 86796 296850 6.840176966680493 7.880842176024532E-5 1632 0.08013767274224613 1088.8287017834923 -0.1572030657997798 770.5193054038295 49667 14521 791432
1023745068 86823 296956 6.840491574813125 7.878753743075633E-5 1632 0.08007999532539792 1088.866821003651 -0.157154318683461 770.6568626827377 49672 14531 791574
1024745068 86853 297052 6.840339424084372 7.875857117952808E-5 1632 0.08004237001489449 1088.8182561339274 -0.15713105660982832 770.781421675432 49680 14550 791679
