997745068 54900 192962 7.029581056466302 1.2804570313605535E-4 1493 0.1464106393379212 1025.7873952641166 -0.20640629622057471 621.2278165053461 33847 7318 677123
998745068 56242 197938 7.0387966288538815 1.2515418696064937E-4 1500 0.14251978220883071 1040.5072721453719 -0.20364879647959197 629.1867767205538 34401 7761 685262
999745068 57105 201806 7.067892478767183 1.2377228353122695E-4 1503 0.13918315125013264 1046.5869188337274 -0.20171222883392337 635.3046513287936 34611 8142 689598
1000745068 59322 207136 6.983446276255015 1.1772300325778418E-4 1508 0.13247775312737212 1033.791847881056 -0.19914812014090755 643.6396507363418 36134 8495 693581
1001745068 62077 216869 6.987096670264349 1.1255713432348007E-4 1520 0.1254147397070911 1054.5508320311872 -0.1964810617693593 658.5878832775471 37420 9238 707176
1002745068 63773 223002 6.993617988804039 1.0966596607922034E-4 1528 0.12035074633158908 1060.9179746914838 -0.19300161187183007 667.8353090395865 38099 9735 713507
1003745068 66713 233913 7.012516301170686 1.051162654570495E-4 1546 0.1134613109381082 1072.9226387660576 -0.1872676298699693 683.9780698238797 39399 10399 725399
1004745068 71024 247261 6.962744987609822 9.803507297086609E-5 1560 0.10398190254707486 1071.8127956747014 -0.1814813033710911 703.2225821174972 41617 11393 738250
1005745068 72642 253101 6.968448005286198 9.592995698415769E-5 1573 0.10131219214859281 1082.2474601470224 -0.17863034459978233 711.4787417765903 42317 11796 746971
1006745068 75523 261799 6.932960819882685 9.180054579967009E-5 1575 0.09586140664853032 1075.5879136157198 -0.17406759401824698 723.60071862872 43885 12332 754802
1007745068 76698 267556 6.976870322563822 9.096666522241837E-5 1583 0.09363671163138282 1086.9677436178258 -0.17087366616531569 731.5134995336723 44045 12766 762014
1008745068 77930 270609 6.944924932631849 8.911861993137149E-5 1585 0.09154862426630601 1082.8974720903375 -0.16999042651481555 735.6752000713358 44840 12922 764579
1009745068 78931 273230 6.923262089673259 8.771395020490635E-5 1586 0.08996407728912788 1078.908261646248 -0.1686015590849572 739.2293284225133 45412 13119 766568
1010745068 80212 276877 6.90363037949434 8.606837440618294E-5 1587 0.0881781413827348 1078.4711763825862 -0.167414394739968 744.14649095457 46130 13366 769763
1011745068 81573 280727 6.882841136160249 8.437749639778661E-5 1589 0.08600230117719239 1076.3742169590428 -0.16595110790647466 749.3023421823797 46900 13621 773278
1012745068 84084 287103 6.828956757528186 8.121685426933133E-5 1602 0.08284063273557683 1069.1845059702202 -0.16305007242492295 757.7638154464754 48537 13946 779133
1013745068 84689 290600 6.862756674420527 8.103576273404174E-5 1606 0.08213584652834646 1078.7108833496677 -0.16212359584876823 762.3647421018367 48592 14156 784725
1014745068 85005 291913 6.868137168401859 8.079781149595147E-5 1607 0.0817498018496515 1079.3742250455855 -0.16149813550528433 764.0850737974142 48704 14247 785899
1015745068 85608 293039 6.846065788244089 7.997086439478185E-5 1607 0.08104537235845802 1075.408536585366 -0.16116898542642596 765.5573133345406 49169 14306 786534
1016745068 86278 294408 6.824636639699576 7.910145971347608E-5 1609 0.08033292733773671 1071.9300169220428 -0.16088547492488484 767.343469379912 49685 14371 787489
1017745068 86436 295038 6.82673885880883 7.898118654259072E-5 1609 0.08021242285691198 1074.6181452172707 -0.16105728731570162 768.1640449799769 49763 14399 789232
1018745068 86500 295310 6.827976878612716 7.893706145288058E-5 1610 0.08018525267819337 1075.8376184971098 -0.16097547518102875 768.518054439842 49789 14409 790107
1019745068 86542 295490 6.828822999237365 7.89085288965619E-5 1610 0.08011013279856302 1076.0564119156018 -0.16087329448635085 768.7522357691065 49807 14414 790320
1020745068 86646 296310 6.839554047503635 7.893766573378309E-5 1612 0.0804264286078619 1090.909609214505 -0.15934196881959278 769.8181603469744 49793 14459 795224
1021745068 86743 296648 6.839698880601317 7.885106269859257E-5 1612 0.08041414194491842 1090.684366461847 -0.15911437777833087 770.2570999348204 49838 14482 795433
1022745068 86796 296850 6.840176966680493 7.880842176024532E-5 1612 0.08031882053038358 1091.0522835153695 -0.15913769058522573 770.5193054038295 49868 14481 795600
1023745068 86823 296956 6.840491574813125 7.878753743075633E-5 1613 0.08030333158333863 1091.0552273015214 -0.1590549623185226 770.6568626827377 49872 14497 795660
1024745068 86853 297052 6.840339424084372 7.875857117952808E-5 1614 0.08024945806899922 1090.9933105361933 -0.1589716708940019 770.781421675432 49888 14499 795727
