[101.76004 101.75299 101.77889 101.79292 101.83893 101.87688 101.86553
 101.94247 102.00223 102.00215 101.97455 101.97224 101.9551  101.92471
 101.86319 101.84909 101.88311 101.80451 101.77749 101.74262 101.65943
 101.60759 101.60826 101.66075 101.62633 101.59904 101.54978 101.48027
 101.49675 101.48784 101.44066 101.43707 101.38997 101.30755 101.33501
 101.29272 101.28321 101.27985 101.29897 101.2848  101.30798 101.3045
 101.33346 101.29962 101.3464  101.32379 101.31596 101.29568 101.25769
 101.23567 101.1859  101.12404 101.09723 101.1299  101.1105  101.10965
 101.10853 101.00536 101.02021 100.94648 100.88752 100.89216 100.90694
 100.90798 100.93858 100.96689 100.97779 100.93832 100.92917 100.93594
 100.92549 100.89001 100.91794 100.90532 100.82523 100.84833 100.8747
 100.86232 100.88902 100.87434 100.82165 100.80699 100.7898  100.77508
 100.79858 100.7619  100.72398 100.67273 100.69534 100.71497 100.71278
 100.69383 100.71542 100.66044 100.64147 100.62421 100.64269 100.66443
 100.65153 100.66096][96.09852 96.08242 96.0491  96.08966 96.08395 96.12439 96.11705 96.163
 96.18725 96.22107 96.19886 96.18376 96.25989 96.30991 96.30829 96.33055
 96.40258 96.35969 96.36904 96.42866 96.41876 96.38103 96.29557 96.31505
 96.25145 96.24283 96.21362 96.13876 96.04768 96.04987 96.0185  96.01245
 95.97607 96.00304 96.0153  96.00589 95.95211 95.97203 95.94211 95.93344
 95.91078 95.8602  95.82821 95.86319 95.84196 95.82556 95.80155 95.75975
 95.71159 95.65668 95.64315 95.61849 95.58829 95.55951 95.58832 95.57926
 95.60016 95.59776 95.60021 95.60199 95.59032 95.57452 95.5913  95.52207
 95.48627 95.45654 95.36554 95.36523 95.35808 95.37511 95.35718 95.29843
 95.29933 95.31293 95.32592 95.35288 95.38211 95.34155 95.33507 95.27671
 95.27256 95.25289 95.24707 95.25294 95.24417 95.27053 95.24612 95.23503
 95.23382 95.22026 95.19416 95.18434 95.13659 95.12367 95.07073 95.05609
 95.02187 95.01178 95.03503 95.04562][95.33779 95.3771  95.39344 95.38869 95.42827 95.45598 95.42416 95.40634
 95.41195 95.45772 95.464   95.48846 95.48646 95.49237 95.52277 95.58326
 95.62605 95.65929 95.70277 95.72464 95.72277 95.77126 95.7338  95.73476
 95.69476 95.70804 95.71783 95.73367 95.80698 95.87101 95.84893 95.85354
 95.75904 95.63082 95.60592 95.56433 95.50212 95.57287 95.51354 95.49646
 95.52763 95.51329 95.45891 95.48858 95.44257 95.49126 95.47112 95.42625
 95.38387 95.38375 95.37977 95.26901 95.25266 95.22228 95.20515 95.24091
 95.2392  95.19366 95.17489 95.10382 95.12889 95.12495 95.1214  95.09963
 95.07076 95.0365  95.06158 95.00575 95.02068 95.05859 95.08707 95.08647
 95.07275 95.09535 94.99536 94.94175 94.93387 94.89637 94.87506 94.86807
 94.90365 94.83664 94.86632 94.86815 94.86108 94.85993 94.80742 94.78708
 94.79984 94.76105 94.77284 94.76625 94.7624  94.77476 94.7858  94.8104
 94.82379 94.85252 94.87838 94.88963][102.85815 102.84767 102.85984 102.82772 102.82309 102.81901 102.85393
 102.86441 102.86422 102.89015 102.85797 102.85669 102.86071 102.82717
 102.87302 102.89511 102.95032 102.95004 102.97945 102.99106 102.99747
 103.03398 103.11956 103.09667 103.15285 103.18537 103.17337 103.17995
 103.21691 103.16025 103.21147 103.24487 103.28874 103.31599 103.33673
 103.33709 103.34977 103.40494 103.41649 103.4473  103.42129 103.35873
 103.36776 103.37072 103.42329 103.40585 103.40701 103.43205 103.41432
 103.4166  103.4469  103.45755 103.48345 103.4399  103.43863 103.46055
 103.39975 103.41975 103.40383 103.39054 103.40635 103.38545 103.38759
 103.4147  103.44323 103.44403 103.44465 103.44492 103.3969  103.37262
 103.31568 103.27888 103.31295 103.27538 103.28619 103.32095 103.33345
 103.28823 103.2583  103.27964 103.23607 103.25761 103.26458 103.24498
 103.2766  103.2669  103.24829 103.27753 103.23463 103.17951 103.14668
 103.10328 103.0066  103.02408 103.01442 103.00376 103.02158 102.99887
 103.01563 103.03007][87.9177  87.92542 87.97218 88.02466 88.02932 88.04767 88.07669 88.08111
 88.11542 88.08973 88.09074 88.09253 88.11303 88.15143 88.20271 88.25101
 88.2653  88.27262 88.24979 88.29302 88.30187 88.34349 88.36302 88.39388
 88.41887 88.42142 88.47009 88.49661 88.54957 88.51689 88.49653 88.52663
 88.5119  88.5232  88.48917 88.47383 88.51043 88.53039 88.52239 88.54517
 88.5682  88.53888 88.56887 88.54344 88.5847  88.59336 88.5455  88.55715
 88.58055 88.55155 88.53899 88.5086  88.51963 88.50752 88.44525 88.37648
 88.31166 88.33455 88.32702 88.28927 88.28163 88.25812 88.21693 88.20384
 88.21365 88.13033 88.03185 88.04832 88.06988 88.03401 88.02285 88.0433
 88.06348 88.08219 88.08214 88.09524 88.01901 88.02622 88.03067 88.05415
 88.08645 88.08247 88.08516 88.10745 88.08357 88.10634 88.07237 87.99438
 87.94543 87.95955 87.91245 87.89862 87.92438 87.88033 87.88423 87.89882
 87.91439 87.92634 87.94049 87.94121][106.07676 106.05105 106.06704 106.06762 106.13523 106.10813 106.09729
 106.12737 106.19358 106.20028 106.24971 106.24551 106.31184 106.35695
 106.34182 106.35247 106.32673 106.34912 106.34766 106.40578 106.40642
 106.43339 106.432   106.49097 106.55096 106.62242 106.6336  106.63341
 106.64734 106.63517 106.65995 106.71539 106.70498 106.72416 106.72272
 106.73544 106.78406 106.82441 106.85901 106.91332 106.85845 106.84346
 106.83488 106.87183 106.88389 106.88715 106.88826 106.92774 106.93465
 106.85429 106.81787 106.86653 106.86801 106.91006 106.86387 106.89799
 106.94683 106.93113 106.97826 106.99358 106.99767 107.03206 107.05376
 107.01392 106.99059 107.0073  107.01156 106.96855 106.91625 106.85736
 106.87607 106.77391 106.75905 106.78449 106.704   106.69771 106.71561
 106.70612 106.65121 106.60104 106.63599 106.64525 106.65708 106.64567
 106.66418 106.65923 106.66765 106.58403 106.60377 106.61008 106.59192
 106.57862 106.60817 106.63916 106.66884 106.67806 106.51809 106.53843
 106.53875 106.49775][130.19243 130.23037 130.21306 130.25218 130.29871 130.29358 130.33894
 130.40212 130.51749 130.54013 130.48644 130.48406 130.49532 130.56635
 130.52286 130.56297 130.51875 130.54074 130.515   130.53376 130.59971
 130.62675 130.6531  130.72613 130.81209 130.82054 130.89644 130.88726
 130.85449 130.9067  130.93683 130.93891 130.99934 131.01774 131.01886
 131.07593 131.13153 131.17033 131.21813 131.21079 131.22576 131.21078
 131.26004 131.22106 131.26534 131.28931 131.33867 131.36311 131.40701
 131.42669 131.46731 131.46104 131.4591  131.41214 131.45222 131.49424
 131.5318  131.54526 131.58287 131.61858 131.60566 131.6403  131.67526
 131.7068  131.64585 131.67742 131.63719 131.62007 131.65049 131.63229
 131.58907 131.59303 131.62272 131.60372 131.63286 131.53735 131.51996
 131.49972 131.43163 131.45929 131.48707 131.46372 131.44049 131.46665
 131.39391 131.36897 131.39527 131.41932 131.3941  131.36718 131.39031
 131.32057 131.29455 131.21372 131.13532 131.15941 131.18251 131.10708
 131.13017 131.14245][127.32746 127.36029 127.38341 127.42    127.39266 127.43403 127.4359
 127.36719 127.39852 127.41066 127.41024 127.44848 127.42423 127.44796
 127.50818 127.49608 127.54491 127.60107 127.63678 127.57633 127.6199
 127.65569 127.54442 127.56753 127.58674 127.57044 127.65048 127.61807
 127.66801 127.66722 127.65504 127.63894 127.60708 127.5629  127.58296
 127.58328 127.62036 127.63258 127.6834  127.67421 127.72627 127.77326
 127.75685 127.80301 127.84945 127.89286 127.91936 127.91992 127.89722
 127.85047 127.84671 127.86461 127.90612 127.87665 127.91505 127.95455
 127.97168 128.00691 128.0431  127.98589 127.9566  127.94494 127.86984
 127.90309 127.91093 127.94376 127.9282  127.95877 127.98914 128.02019
 128.051   128.05548 128.08304 128.11145 128.11739 128.14666 128.15102
 128.17913 128.20666 128.18619 128.16506 128.14326 128.11958 128.10087
 128.12715 128.15185 128.17651 128.20131 128.17821 128.15297 128.17557
 128.1742  128.14911 128.12187 128.09567 128.07589 128.09842 128.09536
 128.0177  127.97829][91.85003 91.84711 91.79597 91.77655 91.8046  91.85001 91.89743 91.90184
 91.90632 91.91669 91.81168 91.84085 91.84132 91.8731  91.89296 91.89904
 91.92326 91.94107 91.97668 91.99346 92.01825 92.01857 92.04723 92.09524
 92.12086 92.14931 92.13315 92.12597 92.15815 92.19397 92.21295 92.2443
 92.28576 92.282   92.32637 92.3623  92.38197 92.36731 92.41454 92.456
 92.49402 92.53208 92.53635 92.53959 92.56296 92.57101 92.50808 92.47895
 92.48486 92.49847 92.53216 92.56022 92.54534 92.54578 92.54005 92.54343
 92.56629 92.60146 92.57477 92.6104  92.59382 92.57164 92.60022 92.62168
 92.65244 92.67463 92.64932 92.67508 92.70643 92.73108 92.6901  92.71002
 92.71938 92.75024 92.7726  92.79002 92.81407 92.8403  92.83495 92.8492
 92.86878 92.84075 92.85441 92.83121 92.84983 92.87844 92.90338 92.86523
 92.87154 92.89757 92.88669 92.85158 92.79368 92.80258 92.78631 92.78276
 92.77187 92.79326 92.77604 92.75269][108.54354 108.57769 108.59312 108.58004 108.58036 108.64725 108.66133
 108.66004 108.68855 108.66201 108.632   108.67267 108.69033 108.76621
 108.73884 108.77906 108.8183  108.75822 108.69768 108.675   108.65757
 108.63234 108.62114 108.60877 108.60993 108.62691 108.69894 108.73992
 108.75763 108.74523 108.74335 108.78772 108.78116 108.84423 108.88011
 108.91481 108.95571 109.0128  109.05091 109.07582 109.10353 109.14488
 109.15929 109.18874 109.21442 109.24508 109.29625 109.33184 109.32959
 109.37801 109.35751 109.36152 109.41309 109.43516 109.42375 109.4376
 109.47709 109.40669 109.4328  109.42654 109.41109 109.42113 109.46318
 109.49215 109.47534 109.46651 109.48697 109.50707 109.52647 109.51365
 109.53118 109.56675 109.59312 109.60122 109.57466 109.58878 109.60638
 109.62915 109.65469 109.64168 109.65803 109.69597 109.63698 109.66637
 109.69532 109.71358 109.72531 109.72732 109.73558 109.77429 109.74892
 109.72664 109.75014 109.72622 109.76369 109.76839 109.78309 109.79269
 109.81047 109.74304]