[74.19845 74.21729 74.2243  74.22258 74.24519 74.25912 74.27694 74.30239
 74.30943 74.26023 74.23699 74.21823 74.22616 74.15766 74.12851 74.12235
 74.09383 74.05629 74.07688 74.09161 74.03855 74.02662 74.02585 73.98704
 73.99491 74.00779 74.01459 73.9814  73.93275 73.84682 73.83314 73.7856
 73.73617 73.66275 73.66525 73.65519 73.6021  73.60154 73.64054 73.62971
 73.65483 73.6137  73.57747 73.56985 73.59464 73.55618 73.50654 73.47725
 73.44375 73.45246 73.46658 73.45076 73.4081  73.3782  73.37384 73.37756
 73.30123 73.27641 73.20853 73.19451 73.2075  73.19324 73.18064 73.20486
 73.20801 73.14543 73.14039 73.099   73.06995 73.04446 73.068   73.01935
 72.98899 72.97463 72.99337 72.97914 72.9739  72.98442 73.00587 72.98785
 72.98828 72.93984 72.90445 72.87215 72.88375 72.86089 72.87164 72.86016
 72.872   72.85775 72.84485 72.85136 72.85695 72.82795 72.82104 72.83406
 72.81924 72.82919 72.84539 72.8516 ][96.43476 96.43856 96.46849 96.47564 96.48957 96.55898 96.59614 96.62329
 96.5921  96.53042 96.57125 96.60213 96.66144 96.6169  96.70888 96.74485
 96.72024 96.61416 96.65671 96.6834  96.67558 96.66188 96.57563 96.56136
 96.55754 96.53739 96.50853 96.49999 96.47796 96.34978 96.31649 96.28887
 96.2775  96.26789 96.22503 96.16783 96.1989  96.20137 96.21945 96.20464
 96.2112  96.20476 96.13703 96.11728 96.17661 96.16759 96.1324  96.16022
 96.19653 96.1369  96.05719 96.02735 95.9447  95.94799 95.95396 95.85653
 95.87652 95.84923 95.7342  95.66208 95.64683 95.64007 95.67256 95.62462
 95.61263 95.64338 95.68068 95.66952 95.67506 95.70519 95.7433  95.74176
 95.74389 95.72323 95.71603 95.74244 95.73094 95.72913 95.71957 95.68621
 95.69092 95.7007  95.73534 95.75083 95.70046 95.69726 95.65353 95.60445
 95.60812 95.63809 95.66211 95.65367 95.68017 95.66305 95.60798 95.63825
 95.66005 95.67985 95.66903 95.65968][80.00715 80.02401 80.01415 79.9923  79.99263 79.99678 80.03531 80.04521
 80.06917 80.08219 80.11167 80.10482 80.13171 80.16731 80.15711 80.16916
 80.16077 80.17267 80.07731 80.09791 80.13985 80.1901  80.20727 80.23717
 80.20269 80.18825 80.21164 80.17596 80.17992 80.15679 80.11574 80.11904
 80.07091 80.09233 80.08411 80.07485 80.05925 80.03151 79.91156 79.927
 79.90882 79.9144  79.95286 79.90306 79.8994  79.88545 79.89088 79.89319
 79.91578 79.86743 79.85787 79.85566 79.83356 79.86079 79.82036 79.81646
 79.79582 79.75252 79.70568 79.66372 79.65617 79.63188 79.64808 79.60795
 79.56031 79.54939 79.52583 79.50901 79.51583 79.44848 79.46333 79.43551
 79.43999 79.44148 79.44473 79.4484  79.41569 79.37446 79.32694 79.34351
 79.37322 79.29681 79.29118 79.28978 79.28521 79.2783  79.26026 79.25919
 79.28464 79.30928 79.30448 79.3     79.22218 79.19678 79.18098 79.15875
 79.09692 79.11282 79.04655 79.06132][76.64761 76.62666 76.6003  76.58033 76.59774 76.60516 76.56916 76.58593
 76.59451 76.5763  76.56397 76.57805 76.59765 76.5721  76.59618 76.6244
 76.67372 76.71362 76.71509 76.73062 76.72485 76.75005 76.76277 76.76799
 76.79569 76.8269  76.87041 76.82514 76.84044 76.85976 76.85543 76.88675
 76.90508 76.92781 76.9471  76.98149 76.95738 76.94024 76.9449  76.96742
 76.93945 76.90627 76.8403  76.84836 76.81575 76.82408 76.80415 76.76993
 76.75037 76.75445 76.74434 76.76285 76.79755 76.77188 76.74818 76.71662
 76.67776 76.66682 76.65788 76.61689 76.61448 76.5677  76.59389 76.58025
 76.56289 76.53854 76.54672 76.55484 76.54179 76.50874 76.49351 76.47067
 76.47032 76.45166 76.44267 76.45936 76.46533 76.45712 76.46232 76.46864
 76.48247 76.47338 76.45745 76.44794 76.43843 76.43381 76.45248 76.46863
 76.46491 76.42233 76.43054 76.42731 76.36109 76.32281 76.30311 76.30538
 76.27056 76.27244 76.26451 76.27498][100.19888 100.20473 100.22307 100.26571 100.28155 100.25404 100.30586
 100.37553 100.42273 100.45612 100.44302 100.47636 100.50537 100.53638
 100.50081 100.53238 100.57623 100.51452 100.50331 100.56126 100.45541
 100.45074 100.43398 100.5219  100.52274 100.56507 100.5972  100.65151
 100.67515 100.67478 100.66577 100.63033 100.5929  100.65328 100.63784
 100.68948 100.69615 100.73731 100.78263 100.77204 100.81335 100.81458
 100.77939 100.78424 100.84785 100.857   100.82496 100.77948 100.82166
 100.80664 100.77927 100.80475 100.78602 100.74611 100.72804 100.697
 100.66506 100.62788 100.6237  100.57736 100.54141 100.53821 100.51761
 100.48338 100.43333 100.40588 100.29076 100.2471  100.22514 100.20205
 100.12301 100.14558 100.10666 100.02264  99.9705   99.95859  99.93178
  99.9569   99.96813  99.95996  99.97264  99.92604  99.94148  99.93042
  99.87265  99.7975   99.79639  99.74397  99.72811  99.70089  99.66698
  99.58744  99.5725   99.50027  99.5255   99.55034  99.54099  99.53025
  99.51999  99.49363][84.51663 84.48467 84.47179 84.50165 84.52025 84.48337 84.49398 84.53337
 84.49465 84.52105 84.52504 84.55063 84.54146 84.49878 84.53062 84.51395
 84.50768 84.50424 84.50622 84.48912 84.49841 84.53661 84.57481 84.59339
 84.63307 84.67007 84.68871 84.67107 84.62222 84.63926 84.6268  84.6236
 84.63452 84.64895 84.64449 84.68704 84.68604 84.70315 84.71848 84.72147
 84.76989 84.7215  84.74867 84.78515 84.76588 84.81289 84.82257 84.83492
 84.8541  84.85999 84.87401 84.87887 84.87717 84.89449 84.92547 84.97459
 85.00836 85.03185 85.0264  85.07406 85.05449 84.99603 84.96485 84.95179
 84.96883 84.91376 84.89075 84.91574 84.92441 84.88057 84.83913 84.79043
 84.76192 84.78633 84.76584 84.6836  84.67591 84.66598 84.67308 84.67627
 84.69742 84.6289  84.57953 84.58267 84.58938 84.58399 84.6021  84.62672
 84.63521 84.62515 84.52552 84.44772 84.47038 84.50178 84.51673 84.5117
 84.51681 84.5318  84.52698 84.53681][126.31264 126.3343  126.34532 126.3201  126.2874  126.23703 126.2722
 126.29983 126.39175 126.37652 126.39918 126.43994 126.52176 126.50756
 126.49168 126.52615 126.5405  126.58505 126.56065 126.59276 126.62387
 126.68725 126.70132 126.77084 126.75365 126.725   126.74326 126.80973
 126.83074 126.86192 126.9215  126.9153  126.92894 126.94118 126.8938
 126.94448 126.86235 126.79086 126.83902 126.88556 126.89337 126.89642
 126.86156 126.8635  126.88146 126.87838 126.87795 126.91501 126.90938
 126.90621 126.83956 126.83119 126.86499 126.89929 126.93649 126.96891
 126.97946 127.01164 127.04284 127.07581 127.08196 127.11216 127.10744
 127.13774 127.16762 127.15955 127.14321 127.17224 127.15717 127.13846
 126.95406 126.98019 127.00812 127.0338  127.06028 127.03847 127.01586
 126.99413 126.87664 126.80588 126.82972 126.80537 126.83026 126.80573
 126.82775 126.75518 126.77864 126.75444 126.72819 126.70143 126.55308
 126.49969 126.52117 126.49273 126.51364 126.53476 126.40749 126.37945
 126.35338 126.36388][101.031   101.02223 101.02019 101.02451 101.06086 101.06572 101.08104
 101.07092 101.11711 101.16874 101.15644 101.17676 101.2217  101.23103
 101.21786 101.26641 101.31783 101.33181 101.35612 101.31293 101.26856
 101.23671 101.30054 101.30637 101.32998 101.30727 101.31767 101.32204
 101.35043 101.38172 101.41393 101.36834 101.37737 101.4019  101.4448
 101.47248 101.49048 101.51567 101.52833 101.55561 101.58875 101.60058
 101.65156 101.65767 101.51635 101.57257 101.53207 101.54254 101.57996
 101.52028 101.52117 101.5681  101.60759 101.60096 101.65176 101.68599
 101.72041 101.74857 101.78067 101.79381 101.79177 101.8205  101.84987
 101.82178 101.8062  101.84462 101.87193 101.89714 101.93545 101.97132
 101.99451 102.00192 102.03791 102.05988 102.09242 102.1     102.13175
 102.16425 102.16411 102.14662 102.15037 102.16944 102.12395 102.00405
 101.94324 101.9322  101.93702 101.9473  101.93708 101.95125 101.88871
 101.87827 101.87367 101.80153 101.77582 101.78918 101.74193 101.66794
 101.68157 101.69512][93.03368 93.05407 92.98991 92.92044 92.92495 92.90666 92.90177 92.95352
 92.9592  92.95224 92.97012 93.01044 92.9951  93.01815 93.06622 93.13373
 93.16366 93.22605 93.22309 93.22851 93.2544  93.24259 93.29002 93.30209
 93.32228 93.35353 93.35583 93.33233 93.36578 93.39417 93.4452  93.43502
 93.46756 93.45824 93.47633 93.47352 93.45113 93.49242 93.46153 93.46829
 93.45261 93.44225 93.47497 93.5157  93.47803 93.49557 93.47614 93.53173
 93.54297 93.54905 93.52886 93.56506 93.56458 93.58564 93.61343 93.6613
 93.66508 93.66736 93.64911 93.68387 93.71571 93.68567 93.71745 93.7059
 93.70774 93.72195 93.71222 93.69735 93.72686 93.71401 93.73507 93.70165
 93.68824 93.71008 93.74933 93.73159 93.72108 93.73752 93.71667 93.74136
 93.73961 93.70375 93.72881 93.7549  93.77499 93.75169 93.74482 93.77573
 93.77209 93.76848 93.78967 93.79591 93.76742 93.74044 93.72199 93.74885
 93.73837 93.65012 93.67221 93.68614][142.54434 142.52367 142.53007 142.51057 142.59527 142.62171 142.6689
 142.72041 142.73804 142.73132 142.83664 142.81518 142.84099 142.87432
 142.95415 142.97345 142.96916 143.02021 143.07897 143.097   143.10785
 143.19838 143.28359 143.32528 143.4089  143.36493 143.35941 143.35032
 143.29922 143.31961 143.30012 143.3161  143.33384 143.31856 143.30295
 143.35951 143.41734 143.38133 143.43642 143.48458 143.48676 143.53414
 143.53998 143.53479 143.58108 143.62737 143.59471 143.63915 143.67744
 143.72168 143.7157  143.75506 143.79335 143.83208 143.86958 143.90714
 143.89318 143.92729 143.9598  143.99467 143.98929 144.02507 144.05795
 144.09175 144.12579 144.05304 144.08465 144.11416 144.14482 144.12309
 144.11997 144.15035 144.17898 144.16356 144.1932  144.22234 144.19663
 144.22383 144.25154 144.22441 144.25003 144.22302 144.24887 144.27391
 144.29862 144.32361 144.34875 144.37322 144.39939 144.36914 144.3935
 144.41655 144.44115 144.46314 144.48455 144.46011 144.42697 144.44848
 144.47092 144.48253]