[94.08529 94.06419 94.08287 94.10619 94.12636 94.14601 94.15779 94.19527
 94.28246 94.36193 94.29341 94.24988 94.21648 94.20752 94.19377 94.11325
 94.03336 93.98027 93.93787 93.90622 93.85233 93.85372 93.864   93.91276
 93.91319 93.93964 93.92131 93.82677 93.80667 93.82092 93.76893 93.75671
 93.68667 93.71648 93.71319 93.76823 93.73702 93.68154 93.64054 93.60496
 93.63242 93.56573 93.52126 93.49421 93.49396 93.48489 93.49414 93.46272
 93.44397 93.48335 93.50498 93.46764 93.47098 93.41082 93.39609 93.36739
 93.35518 93.35584 93.34093 93.20586 93.20522 93.1724  93.20261 93.20346
 93.16868 93.09846 93.07954 93.05909 92.97424 92.97098 92.96476 92.97547
 92.96812 92.99526 92.97188 92.8823  92.85993 92.83399 92.85901 92.81718
 92.80645 92.83075 92.83388 92.85737 92.88135 92.83547 92.78799 92.7761
 92.79761 92.78435 92.7699  92.78973 92.79121 92.77672 92.76233 92.75077
 92.70377 92.68696 92.59997 92.60994][74.62971 74.60249 74.59381 74.62183 74.65161 74.64934 74.65841 74.63904
 74.62476 74.59381 74.62367 74.64031 74.67145 74.65252 74.69898 74.67298
 74.63845 74.65695 74.6424  74.64119 74.61985 74.59015 74.55628 74.56829
 74.50796 74.47365 74.48097 74.46425 74.45176 74.4479  74.42901 74.37385
 74.31967 74.30924 74.323   74.24608 74.26354 74.2519  74.25888 74.25848
 74.26919 74.24496 74.17107 74.15438 74.13836 74.15029 74.11624 74.1203
 74.12218 74.09149 74.08993 74.05533 73.98717 73.91338 73.90116 73.83698
 73.81463 73.77899 73.77931 73.74719 73.73774 73.72193 73.74815 73.72736
 73.67346 73.65525 73.63148 73.63257 73.64978 73.64545 73.64839 73.64973
 73.6718  73.63375 73.65519 73.67903 73.71322 73.71456 73.70704 73.70433
 73.72284 73.71121 73.67553 73.66055 73.59171 73.55522 73.56077 73.57004
 73.57433 73.56497 73.58237 73.56861 73.59758 73.6227  73.60034 73.61618
 73.57581 73.59928 73.61561 73.61747][71.24256 71.20899 71.20302 71.21907 71.19141 71.20024 71.23506 71.19387
 71.24416 71.25968 71.24179 71.24632 71.2826  71.27665 71.26736 71.28484
 71.25507 71.29305 71.3147  71.33527 71.32544 71.3667  71.36155 71.38504
 71.43076 71.4434  71.48664 71.50707 71.5459  71.55983 71.51792 71.48324
 71.42382 71.38188 71.39219 71.38124 71.36966 71.36076 71.35646 71.35532
 71.31138 71.34485 71.25286 71.26751 71.25819 71.22215 71.2037  71.18643
 71.17666 71.16747 71.15822 71.13508 71.10879 71.12764 71.1519  71.16392
 71.18374 71.1925  71.14201 71.12967 71.15556 71.18398 71.1422  71.17115
 71.14517 71.1009  71.10188 71.10371 71.09688 71.04429 71.04013 70.98114
 71.00251 70.98651 71.00042 70.97917 70.97304 70.95297 70.93991 70.94678
 70.91122 70.90799 70.91827 70.85657 70.84892 70.84554 70.84586 70.8365
 70.83076 70.81995 70.82133 70.82773 70.8462  70.82867 70.80756 70.77957
 70.77114 70.72471 70.66081 70.66787][58.19903 58.2071  58.19397 58.1797  58.17746 58.19095 58.20058 58.21731
 58.17664 58.20834 58.23626 58.26148 58.26873 58.26216 58.27538 58.2582
 58.24686 58.26956 58.29402 58.32995 58.35419 58.36109 58.36875 58.38676
 58.40008 58.41041 58.40074 58.4154  58.42129 58.44756 58.46275 58.45353
 58.49113 58.48442 58.51915 58.54926 58.53538 58.53609 58.56839 58.58193
 58.57211 58.54762 58.55325 58.55406 58.55616 58.54768 58.57085 58.56463
 58.55241 58.52809 58.4877  58.48131 58.47528 58.46412 58.44698 58.4151
 58.41342 58.43975 58.4359  58.3946  58.3595  58.32308 58.32089 58.3487
 58.3443  58.35088 58.34197 58.25665 58.25217 58.24411 58.22674 58.20318
 58.21484 58.18388 58.19983 58.17333 58.1912  58.20793 58.22397 58.1733
 58.11664 58.11    58.10901 58.06795 58.05984 58.03236 58.03212 57.9843
 57.99424 57.98561 57.96886 57.98114 57.96018 57.94758 57.97189 57.94216
 57.94236 57.93416 57.88443 57.88743][81.68385 81.67011 81.67811 81.68058 81.70518 81.74561 81.74657 81.7731
 81.80791 81.81723 81.83047 81.82434 81.87384 81.92236 81.96018 81.9796
 81.97922 82.0049  82.01453 82.01845 82.03531 82.03433 82.02526 81.99948
 81.99663 82.02683 82.06205 82.09104 82.10056 82.12844 82.09766 82.08886
 82.06387 81.99961 82.0299  82.04855 82.06231 82.08482 82.10378 82.10458
 82.1061  82.11673 82.13642 82.14158 82.14794 82.14858 82.18774 82.21987
 82.23436 82.27354 82.3072  82.24902 82.18713 82.162   82.1482  82.15934
 82.17174 82.14881 82.13307 82.11504 82.08682 82.09421 82.09692 82.13761
 82.16701 82.15154 82.10539 82.0895  82.11685 82.12907 82.13363 82.09538
 82.04962 82.02404 82.05889 82.05944 82.05955 82.0025  81.91501 81.89289
 81.90957 81.90773 81.84609 81.83432 81.78671 81.80611 81.81628 81.82156
 81.84223 81.82558 81.78313 81.80802 81.78811 81.79108 81.73921 81.68666
 81.70115 81.69585 81.66521 81.66047][80.07511 80.03963 80.03995 80.04383 80.04413 80.09953 80.1106  80.10493
 80.10351 80.11121 80.11627 80.12475 80.16005 80.21297 80.23997 80.28183
 80.30184 80.34007 80.36791 80.34424 80.41691 80.41366 80.43196 80.45555
 80.45056 80.46433 80.52527 80.5704  80.57087 80.58054 80.63062 80.66595
 80.73079 80.73392 80.78009 80.78686 80.79874 80.80987 80.86136 80.90589
 80.94355 80.98655 80.96692 80.92884 80.90753 80.93174 80.96572 81.00626
 81.01852 81.06663 81.07108 81.09815 81.13065 81.16028 81.16451 81.19365
 81.22209 81.2432  81.20541 81.17982 81.19754 81.17869 81.1557  81.13162
 81.09862 81.07425 81.10026 81.09719 81.07588 81.07398 81.08201 81.09411
 81.07615 80.99727 80.99536 81.01125 80.94485 80.89208 80.88106 80.84906
 80.80596 80.8015  80.79111 80.77466 80.7685  80.7541  80.69904 80.73845
 80.75932 80.73707 80.6995  80.73868 80.73472 80.75998 80.73567 80.69674
 80.68832 80.69057 80.69015 80.6747 ][130.52325 130.5353  130.54325 130.54499 130.6345  130.6634  130.63334
 130.64239 130.63674 130.67931 130.72157 130.80314 130.91525 130.92166
 131.02739 131.04702 131.0679  131.12162 131.10339 131.17514 131.22447
 131.25619 131.25873 131.33146 131.39225 131.45642 131.50626 131.46156
 131.45668 131.48477 131.52317 131.58192 131.53962 131.58787 131.57252
 131.59301 131.65167 131.61777 131.63636 131.64818 131.6387  131.68588
 131.71718 131.68795 131.65427 131.68473 131.72893 131.72803 131.74087
 131.76601 131.74849 131.74224 131.78356 131.82372 131.83026 131.76018
 131.77433 131.81042 131.82771 131.82531 131.84219 131.81347 131.82432
 131.84002 131.87444 131.90947 131.9434  131.93703 131.90126 131.93506
 131.95044 131.98167 132.01353 132.0456  132.00392 131.98762 131.87262
 131.87867 131.90726 131.88705 131.91468 131.8962  131.8777  131.90747
 131.78778 131.76191 131.74208 131.76743 131.79375 131.71898 131.74283
 131.72222 131.74985 131.77556 131.72368 131.65808 131.68499 131.70851
 131.68021 131.66944][102.5634  102.5959  102.62161 102.65453 102.62609 102.65116 102.66247
 102.683   102.67151 102.64687 102.59356 102.61377 102.65553 102.65715
 102.63458 102.69696 102.75295 102.74026 102.79471 102.78366 102.79315
 102.75404 102.76106 102.71667 102.76234 102.74457 102.77761 102.84206
 102.87517 102.88984 102.89452 102.91023 102.96447 102.91282 102.93428
 102.89797 102.92727 102.96903 102.97788 102.99495 103.05211 103.08486
 103.12462 103.18026 103.23221 103.24389 103.26134 103.29123 103.32744
 103.34638 103.36399 103.36547 103.37049 103.2962  103.23368 103.236
 103.26728 103.26062 103.23815 103.26691 103.31525 103.29602 103.32188
 103.35648 103.38541 103.43654 103.48421 103.47234 103.49014 103.47773
 103.50607 103.47976 103.44641 103.43943 103.45833 103.49461 103.5133
 103.54325 103.55636 103.56285 103.56161 103.4738  103.49928 103.4414
 103.38045 103.39112 103.40404 103.38202 103.37154 103.3387  103.23857
 103.21399 103.21036 103.1907  103.20922 103.19448 103.16992 103.18477
 103.16584 103.14048][108.60825 108.62356 108.62057 108.63884 108.67723 108.67072 108.68969
 108.70827 108.74612 108.64756 108.54528 108.59272 108.61178 108.66
 108.71962 108.69812 108.68419 108.70776 108.74382 108.81371 108.91385
 108.97277 109.01723 109.04545 109.07336 109.14622 109.14648 109.20142
 109.20542 109.21095 109.23454 109.29437 109.37282 109.35318 109.34422
 109.34069 109.39424 109.46191 109.41806 109.44556 109.37566 109.36376
 109.38547 109.39998 109.43313 109.45174 109.42925 109.39002 109.34574
 109.38382 109.44543 109.4426  109.40073 109.39442 109.4187  109.41683
 109.45728 109.51443 109.48587 109.48846 109.54693 109.5354  109.58167
 109.6372  109.65461 109.67757 109.70789 109.74484 109.71567 109.68341
 109.67412 109.67202 109.71906 109.73581 109.74398 109.70893 109.70368
 109.75819 109.80142 109.83746 109.88907 109.91737 109.94894 109.98826
 110.01166 110.03337 110.06732 110.10101 110.08756 110.093   110.03196
 110.08085 110.09027 110.08683 110.07658 110.1035  110.08658 110.08372
 110.07767 110.09688][102.96007 102.94766 102.96234 103.02367 102.94275 102.96015 102.97805
 103.02281 103.06039 103.06262 103.1023  103.05345 103.02777 103.0055
 103.02186 102.97388 102.97608 102.97847 103.01905 103.03379 103.05257
 103.09782 103.13005 103.12973 103.14553 103.18551 103.2207  103.27214
 103.26633 103.29461 103.31075 103.37197 103.31799 103.35652 103.33865
 103.38299 103.35409 103.36488 103.38585 103.42163 103.45291 103.41793
 103.3814  103.36969 103.40112 103.41024 103.42732 103.3708  103.36109
 103.36562 103.31521 103.26759 103.28752 103.30705 103.30857 103.34637
 103.3682  103.39446 103.41752 103.43348 103.4619  103.48772 103.50931
 103.49149 103.50109 103.48076 103.49011 103.512   103.54254 103.55371
 103.5345  103.55419 103.57355 103.59817 103.61998 103.64556 103.66699
 103.68043 103.7027  103.72801 103.75072 103.75763 103.77832 103.80255
 103.81195 103.82827 103.83087 103.8421  103.84728 103.86668 103.86933
 103.88241 103.85103 103.86574 103.89885 103.91287 103.93522 103.9434
 103.97002 103.97682]