[82.0624  82.06334 82.05747 82.07487 82.09471 82.06713 82.12115 82.13948
 82.19093 82.16378 82.08116 82.07339 82.03943 82.01598 81.96466 81.91592
 81.93225 81.9136  81.86307 81.82224 81.82635 81.78989 81.80252 81.76979
 81.73941 81.71799 81.75249 81.73651 81.70109 81.71309 81.72155 81.70493
 81.6781  81.66327 81.66188 81.59512 81.61284 81.58927 81.56093 81.54844
 81.54681 81.58208 81.59006 81.56824 81.55954 81.50679 81.50363 81.45074
 81.45346 81.44562 81.45414 81.4971  81.46429 81.46032 81.47806 81.49512
 81.48518 81.49099 81.49157 81.51191 81.52762 81.52375 81.53802 81.50157
 81.51187 81.49967 81.51036 81.46972 81.44637 81.45161 81.4646  81.48807
 81.50351 81.49264 81.4994  81.43339 81.45043 81.42902 81.3937  81.38186
 81.31892 81.31793 81.31047 81.29034 81.27276 81.21127 81.23054 81.2558
 81.25486 81.24206 81.26207 81.24246 81.21513 81.15389 81.15137 81.12346
 81.13659 81.12203 81.10746 81.08266][93.04184 93.04034 93.02306 93.02697 93.01811 93.06404 93.04292 93.05152
 93.02795 93.02731 93.05475 93.09431 93.06148 93.14422 93.17435 93.23442
 93.27766 93.30768 93.35851 93.36414 93.36844 93.37905 93.41496 93.3964
 93.38076 93.39366 93.37095 93.33515 93.23983 93.21013 93.07294 93.05591
 93.0226  93.00853 93.02804 92.99915 92.96563 92.97643 92.93305 92.84244
 92.82055 92.76914 92.79437 92.75386 92.69872 92.71042 92.68435 92.60157
 92.57123 92.54923 92.55789 92.56296 92.51515 92.4915  92.40219 92.4356
 92.38377 92.37223 92.32694 92.29859 92.3334  92.36648 92.3224  92.30955
 92.19238 92.13026 92.12555 92.10482 91.98484 92.0044  92.03294 91.9764
 91.91347 91.90467 91.84716 91.85049 91.84864 91.86005 91.65843 91.63353
 91.65903 91.66978 91.69462 91.69903 91.63858 91.66363 91.63776 91.66029
 91.58621 91.60887 91.63247 91.57584 91.56529 91.58741 91.57252 91.59396
 91.57982 91.55036 91.51984 91.53155][100.49975 100.49631 100.4836  100.51417 100.5141  100.48256 100.50567
 100.54828 100.54579 100.59795 100.65335 100.65258 100.702   100.65534
 100.68436 100.69451 100.72227 100.72144 100.77241 100.81411 100.85349
 100.8664  100.86325 100.83772 100.85089 100.91469 100.97367 101.00493
 101.01537 101.01867 101.05719 101.05539 101.04698 100.94629 100.98386
 100.95267 100.96245 100.94732 100.97983 100.92789 100.85768 100.90014
 100.88111 100.81582 100.82002 100.85362 100.81726 100.79274 100.80875
 100.79986 100.77399 100.78268 100.71528 100.7254  100.6881  100.70636
 100.60663 100.61466 100.64211 100.61138 100.61804 100.65545 100.63709
 100.60491 100.62629 100.62077 100.5979  100.62502 100.58362 100.52997
 100.5091  100.52026 100.50288 100.48514 100.4294  100.46304 100.42249
 100.35288 100.34722 100.27392 100.29922 100.32613 100.28821 100.26378
 100.25233 100.24169 100.20065 100.17295 100.1648  100.13554 100.16324
 100.12169 100.06805 100.09129 100.01692 100.03984  99.99274  99.97655
 100.00316  99.97486][89.11937 89.10591 89.06238 89.06853 89.10733 89.09982 89.07619 89.07025
 89.10773 89.12567 89.14886 89.19186 89.21574 89.26267 89.26009 89.29528
 89.33351 89.36973 89.36547 89.39847 89.42029 89.4374  89.45849 89.48462
 89.49226 89.48153 89.50145 89.53406 89.54195 89.53575 89.51823 89.50153
 89.53086 89.56743 89.56937 89.59779 89.6242  89.63986 89.66255 89.69132
 89.72559 89.72626 89.65083 89.63275 89.65738 89.60482 89.56254 89.55444
 89.59129 89.62402 89.56859 89.54015 89.51504 89.41796 89.34366 89.32258
 89.34984 89.34751 89.34853 89.35815 89.22994 89.24726 89.21378 89.19759
 89.1732  89.17325 89.16951 89.19558 89.2302  89.17486 89.17071 89.15621
 89.1319  89.13094 89.15492 89.13793 89.11642 89.14054 89.13257 89.09566
 89.11389 89.1314  89.11173 89.13155 89.14426 89.13775 89.10081 89.052
 89.06163 89.06668 89.07905 89.09153 89.10226 89.11815 89.14777 89.14514
 89.15795 89.17996 89.12476 89.13354][104.30005 104.30335 104.29251 104.28251 104.3027  104.32057 104.35008
 104.29489 104.21711 104.2257  104.237   104.25418 104.2938  104.30117
 104.35115 104.35852 104.34348 104.39723 104.40198 104.44418 104.48233
 104.54014 104.53587 104.53424 104.51843 104.50763 104.59234 104.5531
 104.60632 104.63585 104.62323 104.70104 104.74699 104.79439 104.85271
 104.83478 104.77439 104.78516 104.77599 104.76792 104.7821  104.80429
 104.85636 104.86916 104.87399 104.88201 104.91398 104.92312 104.89692
 104.88031 104.83449 104.82771 104.8296  104.87094 104.80457 104.83099
 104.85783 104.88133 104.85165 104.89304 104.87225 104.91074 104.91758
 104.81    104.75213 104.71755 104.71878 104.73542 104.73653 104.75303
 104.7198  104.75119 104.69692 104.67543 104.70918 104.74074 104.73052
 104.66554 104.67873 104.70622 104.67105 104.66486 104.67729 104.69316
 104.70866 104.72214 104.59696 104.62539 104.65198 104.6783  104.70363
 104.71411 104.66122 104.68335 104.62768 104.61914 104.6022  104.61341
 104.64104 104.65062][84.86821 84.86797 84.84215 84.8204  84.83865 84.90242 84.9118  84.94844
 85.00273 85.01888 85.06726 85.10301 85.11688 85.16253 85.17438 85.18925
 85.2345  85.28178 85.31562 85.32759 85.33191 85.36944 85.40489 85.40495
 85.40676 85.3502  85.33633 85.37637 85.36435 85.40251 85.42132 85.43741
 85.42891 85.38976 85.40233 85.38648 85.40727 85.42535 85.43908 85.45713
 85.4694  85.44475 85.459   85.49618 85.50114 85.51863 85.51631 85.53406
 85.5384  85.52354 85.56282 85.56367 85.5947  85.60311 85.5816  85.58922
 85.5925  85.60136 85.599   85.61869 85.60294 85.51876 85.5034  85.45591
 85.45739 85.48806 85.42448 85.36124 85.34953 85.34356 85.34713 85.34587
 85.27388 85.2284  85.24585 85.25197 85.20216 85.15607 85.17641 85.14116
 85.13842 85.12918 85.14868 85.15788 85.08417 85.08376 85.09759 85.11894
 85.11736 85.12871 85.1073  85.13155 85.14372 85.16312 85.16194 85.14641
 85.11096 85.08834 85.07195 85.07338][117.29336 117.29474 117.27007 117.281   117.26862 117.22104 117.18546
 117.18995 117.18311 117.2314  117.28826 117.34894 117.3691  117.47336
 117.56835 117.64104 117.59849 117.65793 117.65369 117.71744 117.71343
 117.70891 117.77653 117.82678 117.81361 117.74078 117.76775 117.75986
 117.82368 117.81843 117.77497 117.8348  117.833   117.77178 117.76931
 117.82724 117.844   117.86875 117.91575 117.96273 118.01006 118.05549
 118.07064 118.07016 118.10208 118.12958 118.13662 118.18729 118.17243
 118.17259 118.20491 118.23881 118.28443 118.28035 118.30872 118.32152
 118.33387 118.36346 118.40556 118.39221 118.37399 118.37504 118.38912
 118.34686 118.36462 118.36031 118.3752  118.39656 118.41901 118.45548
 118.48842 118.42182 118.41259 118.35342 118.28564 118.28937 118.29107
 118.25313 118.19955 118.19523 118.12532 118.15719 118.18776 118.21845
 118.21599 118.23084 118.26079 118.28994 118.276   118.29166 118.1846
 118.09257 118.10849 118.09211 118.11832 118.14576 118.17448 118.19954
 118.22665 118.24075][89.20572 89.22022 89.17936 89.1999  89.21408 89.241   89.26059 89.27454
 89.28023 89.27352 89.23934 89.25802 89.2652  89.29717 89.33223 89.37315
 89.43654 89.48024 89.42293 89.42425 89.41605 89.44776 89.46255 89.43378
 89.39746 89.43542 89.46088 89.46349 89.48229 89.52358 89.56082 89.59987
 89.6136  89.64238 89.67945 89.70754 89.69215 89.72331 89.72207 89.75075
 89.72547 89.69654 89.72511 89.72673 89.75394 89.78299 89.80171 89.82052
 89.84185 89.86156 89.84979 89.81737 89.83854 89.86649 89.89136 89.91241
 89.90474 89.92882 89.91941 89.93242 89.93635 89.92916 89.95111 89.97165
 89.96159 89.97923 89.99669 90.0205  90.04243 90.0585  90.07789 90.06
 90.08476 90.07829 90.09711 90.112   90.12839 90.10877 90.12366 90.11068
 90.12875 90.05704 90.0479  90.02497 90.03875 89.99055 89.97391 89.92769
 89.87913 89.83133 89.81247 89.73503 89.74788 89.73017 89.71363 89.72537
 89.71467 89.69919 89.71511 89.69181][132.96781 132.92596 132.95063 133.04672 133.11191 133.1688  133.27818
 133.29564 133.26772 133.2329  133.19498 133.24331 133.34348 133.4717
 133.37835 133.44274 133.4134  133.50013 133.53299 133.55451 133.62923
 133.63683 133.72237 133.78969 133.81994 133.86815 133.86277 133.893
 133.92812 133.91364 133.97186 133.99374 134.02253 134.01234 134.08049
 134.12358 134.11293 134.09923 134.07663 134.09957 134.12903 134.11911
 134.116   134.11513 134.1501  134.1576  134.12244 134.17337 134.18238
 134.14314 134.13953 134.18106 134.20361 134.24779 134.24869 134.28739
 134.28948 134.28419 134.31639 134.35303 134.34393 134.39149 134.42711
 134.41527 134.4     134.42754 134.41238 134.40227 134.43274 134.46139
 134.49057 134.41918 134.44485 134.48317 134.46199 134.46368 134.43979
 134.42173 134.45081 134.48186 134.50675 134.53486 134.56253 134.54423
 134.47325 134.49932 134.52547 134.5231  134.4958  134.51583 134.54078
 134.56388 134.48265 134.50809 134.52967 134.55071 134.47144 134.49431
 134.41531 134.43173][88.66064 88.6612  88.61717 88.56928 88.58935 88.61618 88.57534 88.57472
 88.61046 88.65002 88.66823 88.61141 88.61646 88.64853 88.71561 88.70678
 88.78388 88.82024 88.8447  88.90638 88.96109 88.96489 88.98918 88.96373
 88.92797 88.91768 88.91175 88.84839 88.89683 88.87738 88.90279 88.86933
 88.92712 88.87323 88.85684 88.88329 88.89237 88.86811 88.8821  88.90493
 88.86816 88.92021 88.93106 88.98359 88.89158 88.91451 88.92125 88.95795
 88.98426 89.00118 89.02022 88.99165 88.96239 88.97893 89.01248 89.04039
 89.03714 89.07582 89.09205 89.12727 89.13674 89.16866 89.19155 89.20235
 89.22446 89.24411 89.27333 89.27529 89.23925 89.26844 89.26927 89.25033
 89.28592 89.3273  89.346   89.35856 89.38687 89.41334 89.42398 89.43618
 89.46316 89.44169 89.39645 89.40991 89.42703 89.41471 89.45652 89.46703
 89.50807 89.42697 89.44894 89.45877 89.50079 89.49639 89.49362 89.50284
 89.52156 89.54112 89.57226 89.57714]