946684800 0 0 0.000000 0 0 0 0.000000 0.000000 0.000000 0 
947289600 4332 8278 3.821791 382 2763 568 264.054940 -0.384643 0.180926 7293 
947894400 4537 8913 3.929028 403 2785 678 276.130483 -0.362557 0.177256 7656 
948499200 4705 9393 3.992774 414 2823 747 285.484378 -0.350989 0.171009 7965 
949104000 5348 10357 3.873224 546 3335 802 322.859013 -0.330032 0.153640 8367 
949708800 5819 11260 3.870081 559 3632 894 337.661454 -0.325606 0.145240 8962 
950313600 6244 12363 3.959962 569 3808 1007 362.289238 -0.308791 0.146857 10167 
950918400 6502 13222 4.067056 600 3840 1152 385.312212 -0.297632 0.156393 11576 
951523200 6803 14017 4.120829 625 3959 1250 395.106571 -0.285023 0.153312 12337 
952128000 7162 15056 4.204412 650 4060 1364 410.492600 -0.277686 0.152060 13543 
952732800 7561 16118 4.263457 662 4235 1450 419.426795 -0.272820 0.148037 14787 
953337600 7719 16535 4.284234 672 4294 1481 422.658375 -0.267526 0.146788 15202 
953942400 8058 17270 4.286423 682 4497 1538 422.158848 -0.261755 0.142073 15812 
954547200 8314 18371 4.419293 697 4523 1613 441.577821 -0.257668 0.148455 18177 
955152000 8637 19632 4.546023 716 4626 1676 472.351279 -0.259502 0.155254 21569 
955756800 9012 20766 4.608522 726 4808 1724 483.996671 -0.256334 0.155271 23702 
956361600 9189 21537 4.687561 734 4833 1765 495.366416 -0.252925 0.156545 25198 
956966400 9375 22402 4.779093 741 4850 1813 506.404053 -0.247137 0.154839 26747 
957571200 9692 24021 4.956872 755 4858 1938 534.466158 -0.243318 0.159554 30292 
958176000 10101 25162 4.982081 769 5059 2018 546.737551 -0.243227 0.156437 32544 
958780800 10769 27383 5.085523 779 5388 2122 581.512118 -0.247381 0.161088 37714 
959385600 11026 28289 5.131326 787 5489 2158 589.138037 -0.243813 0.159603 39261 
959990400 11226 29077 5.180296 793 5539 2209 597.851773 -0.242146 0.158870 40602 
960595200 12034 31562 5.245471 807 5986 2299 652.543959 -0.247939 0.159289 47868 
961200000 12320 32678 5.304870 819 6046 2393 665.168669 -0.244642 0.158573 50373 
961804800 12899 34690 5.378712 826 6309 2483 700.588263 -0.244468 0.160632 56052 
962409600 13251 36856 5.562750 846 6275 2600 736.830579 -0.240284 0.163210 63214 
963014400 13420 37502 5.588972 849 6332 2641 739.612370 -0.237266 0.162051 64244 
963619200 13653 38934 5.703362 861 6288 2748 758.866476 -0.232770 0.162648 67938 
964224000 14041 40414 5.756570 866 6463 2793 773.941315 -0.232940 0.160795 72163 
964828800 14519 41941 5.777395 873 6704 2856 799.106275 -0.229158 0.160347 76659 
965433600 14755 44049 5.970722 890 6586 2931 838.090817 -0.226988 0.162663 82850 
966038400 15134 45629 6.029999 908 6713 2983 850.089732 -0.223109 0.160566 86420 
966643200 15524 46607 6.004509 912 6946 3038 845.026282 -0.219191 0.157916 87763 
967248000 16113 49917 6.195867 944 7060 3203 913.002296 -0.219652 0.164510 102794 
967852800 16691 52241 6.259781 958 7284 3306 950.907195 -0.220764 0.164214 112036 
968457600 17206 53944 6.270371 969 7549 3368 952.570034 -0.216691 0.160914 115635 
969062400 17637 55934 6.342802 984 7622 3489 975.009696 -0.213820 0.161145 123058 
969667200 18095 57782 6.386516 999 7820 3562 993.644764 -0.211214 0.158792 128830 
970272000 18718 59839 6.393739 1010 8179 3642 1011.854472 -0.212727 0.158098 137413 
970876800 19291 61763 6.403297 1018 8458 3744 1019.368825 -0.209704 0.156548 143607 
971481600 20000 64010 6.401000 1037 8753 3891 1029.049900 -0.206856 0.153730 150470 
972086400 20499 65556 6.396019 1045 9024 3968 1030.879750 -0.204722 0.151176 154709 
972691200 21485 68738 6.398697 1065 9613 4064 1045.625972 -0.204790 0.147545 164880 
973296000 22397 71700 6.402643 1076 10160 4168 1058.753851 -0.203332 0.144000 173736 
973900800 23616 75648 6.406504 1151 10803 4342 1073.730776 -0.198081 0.140731 185160 
974505600 24626 78744 6.395192 1164 11340 4504 1077.351823 -0.193527 0.137875 192426 
975110400 25042 80489 6.428320 1175 11497 4588 1085.575753 -0.190786 0.136696 197371 
975715200 26508 84732 6.392938 1198 12337 4827 1091.013128 -0.187132 0.133304 211389 
976320000 27472 88529 6.445035 1225 12642 5044 1111.866191 -0.183299 0.132414 222246 
976924800 28658 93103 6.497523 1251 13093 5292 1133.596064 -0.178828 0.129956 235325 
977529600 29051 94380 6.497539 1254 13268 5382 1138.126330 -0.178133 0.129277 238858 
978134400 29190 94944 6.505242 1258 13336 5396 1139.931346 -0.177354 0.129063 240292 
978739200 29582 96393 6.517004 1262 13469 5469 1145.498479 -0.175880 0.128806 244462 
979344000 29875 97625 6.535565 1295 13548 5555 1153.976368 -0.174459 0.129011 248268 
979948800 30510 99005 6.490003 1297 14007 5602 1148.998099 -0.175866 0.127520 251333 
980553600 30927 100753 6.515537 1306 14176 5667 1160.934265 -0.174714 0.127397 257446 
981158400 31314 102658 6.556684 1312 14268 5790 1177.315514 -0.173549 0.128645 265165 
981763200 31810 105020 6.602955 1320 14449 5873 1197.636089 -0.172823 0.129122 273949 
982368000 32211 107023 6.645121 1330 14595 5940 1211.428704 -0.171234 0.129111 281423 
982972800 32690 109288 6.686326 1360 14739 6051 1225.202875 -0.169167 0.129173 288222 
983577600 33835 111845 6.611201 1369 15636 6108 1217.236944 -0.170253 0.125871 293686 
984182400 34290 113951 6.646311 1378 15772 6201 1230.344765 -0.169561 0.125787 301103 
984787200 35274 117380 6.655327 1388 16351 6351 1238.280490 -0.167732 0.124586 312651 
985392000 36053 120869 6.705073 1403 16701 6470 1259.247330 -0.166591 0.124381 327275 
985996800 36498 123567 6.771166 1414 16681 6673 1278.455915 -0.164967 0.125289 338424 
986601600 37243 125892 6.760572 1421 17127 6757 1276.145370 -0.163226 0.123925 344274 
987206400 38145 128659 6.745786 1432 17637 6843 1279.471228 -0.161663 0.121947 351335 
987811200 39516 132793 6.720974 1454 18379 7080 1277.727452 -0.158763 0.119750 361398 
988416000 40661 136808 6.729200 1569 18993 7243 1297.186739 -0.157574 0.119080 375293 
989020800 41733 140843 6.749718 1586 19449 7471 1318.963602 -0.156424 0.118648 387348 
989625600 43453 148039 6.813753 1933 20119 7872 1407.935378 -0.155418 0.122684 423349 
990230400 44515 152537 6.853285 1950 20472 8139 1421.356621 -0.152719 0.122684 438510 
990835200 46127 158740 6.882737 1977 21191 8420 1447.385609 -0.151359 0.120592 455858 
991440000 47068 163054 6.928444 1988 21450 8631 1465.454024 -0.149652 0.120050 470441 
992044800 49253 170926 6.940735 2012 22532 9039 1490.130185 -0.148244 0.119317 502933 
992649600 49849 173678 6.968164 2018 22804 9132 1509.581055 -0.148807 0.119433 516218 
993254400 50199 177316 7.064523 2032 22690 9274 1543.421821 -0.148485 0.120521 535478 
993859200 50671 179449 7.082907 2040 22890 9361 1563.621006 -0.148887 0.120864 548510 
994464000 51240 180792 7.056674 2047 23311 9408 1559.568970 -0.148623 0.119765 552218 
995068800 51970 183313 7.054570 2054 23752 9486 1564.437406 -0.148066 0.118730 561155 
995673600 52444 185096 7.058806 2059 23989 9563 1571.771185 -0.147544 0.118192 568415 
996278400 53483 187677 7.018193 2065 24753 9661 1570.488267 -0.147866 0.116537 577507 
996883200 54024 190202 7.041389 2099 24967 9753 1584.568192 -0.147231 0.116127 587761 
997488000 54534 192184 7.048227 2107 25193 9861 1588.085635 -0.146366 0.115479 593917 
998092800 55394 194593 7.025779 2115 25764 9947 1588.154241 -0.145713 0.114446 603462 
998697600 56237 197927 7.039031 2141 26228 10071 1604.978751 -0.146314 0.114408 620606 
999302400 56849 200594 7.057081 2146 26517 10166 1616.708333 -0.145969 0.113809 632740 
999907200 57415 202916 7.068397 2160 26772 10285 1623.328886 -0.145190 0.113345 641030 
1000512000 58747 206294 7.023133 2167 27728 10405 1615.437690 -0.144077 0.111647 651079 
1001116800 60377 210452 6.971264 2187 28924 10550 1611.694387 -0.143722 0.109342 663181 
1001721600 62075 216833 6.986162 2204 29880 10825 1638.971277 -0.144164 0.108017 698156 
1002326400 63113 220826 6.997798 2217 30412 10999 1647.251691 -0.142529 0.106984 714084 
1002931200 64377 225327 7.000233 2236 31102 11203 1654.377837 -0.140842 0.105936 731826 
1003536000 66413 233486 7.031334 2272 32053 11559 1682.756177 -0.138821 0.104114 762926 
1004140800 69757 242566 6.954600 2311 34270 11952 1690.251358 -0.135870 0.100842 794712 
1004745600 71026 247263 6.962605 2320 34915 12170 1701.316391 -0.135185 0.099763 812437 
1005350400 71966 251347 6.985160 2331 35273 12443 1717.284134 -0.134567 0.099564 830653 
1005955200 73392 255793 6.970596 2341 36084 12666 1727.437895 -0.133567 0.098809 848604 
1006560000 75404 261615 6.939022 2350 37308 13037 1728.627102 -0.132529 0.097292 870297 
1007164800 76296 265767 6.966735 2385 37507 13342 1745.637334 -0.131655 0.097156 886726 
1007769600 76722 267652 6.977190 2398 37637 13460 1751.042256 -0.131114 0.096942 893588 
1008374400 77574 269824 6.956558 2401 38176 13593 1747.497950 -0.130688 0.096263 899721 
1008979200 78412 272036 6.938632 2408 38744 13694 1747.480921 -0.130174 0.095633 906056 
1009584000 78851 273060 6.925974 2410 39025 13746 1745.484192 -0.129861 0.095288 908672 
1010188800 79610 274954 6.907524 2419 39567 13850 1746.287401 -0.129852 0.094785 916062 
1010793600 80300 277347 6.907771 2474 39921 13982 1752.698755 -0.129190 0.094608 925171 
1011398400 81070 279794 6.902529 2502 40372 14102 1755.506056 -0.128488 0.094284 935095 
1012003200 82155 282989 6.889149 2508 41140 14192 1758.392916 -0.128096 0.093685 949384 
1012608000 84032 286973 6.830089 2536 42596 14336 1747.391446 -0.126787 0.092012 962003 
1013212800 84584 290244 6.862858 2540 42749 14490 1774.074411 -0.127462 0.092612 987447 
1013817600 84707 290682 6.863234 2540 42802 14502 1775.351907 -0.127396 0.092660 988851 
1014422400 84964 291466 6.860929 2541 42972 14539 1776.804270 -0.127309 0.092576 992333 
1015027200 85387 292504 6.851254 2542 43290 14588 1774.497008 -0.127056 0.092314 996956 
1015632000 85609 293038 6.845962 2542 43428 14609 1773.834527 -0.126976 0.092198 998630 
1016236800 86096 293738 6.823499 2543 43861 14622 1767.739593 -0.126835 0.091705 999643 
1016841600 86309 294485 6.823970 2544 43968 14668 1769.588873 -0.126875 0.091572 1003637 
1017446400 86421 295007 6.827206 2545 44014 14682 1770.733363 -0.126804 0.091509 1005496 
1018051200 86486 295234 6.827325 2545 44040 14695 1771.878755 -0.126975 0.091579 1006502 
1018656000 86501 295310 6.827898 2545 44037 14704 1772.342262 -0.126998 0.091615 1006996 
1019260800 86526 295405 6.828121 2546 44042 14715 1772.275154 -0.126929 0.091631 1007263 
1019865600 86546 295512 6.829016 2546 44046 14715 1772.457006 -0.126896 0.091595 1007461 
1020470400 86561 295597 6.829796 2546 44039 14723 1772.589064 -0.126838 0.091592 1007916 
1021075200 86714 296540 6.839495 2547 44089 14761 1778.900800 -0.127179 0.091774 1015459 
1021680000 86744 296648 6.839620 2548 44106 14766 1778.946578 -0.127138 0.091758 1015781 
1022284800 86791 296790 6.839188 2548 44137 14770 1780.465601 -0.127298 0.091734 1016446 
1022889600 86806 296881 6.840103 2553 44121 14791 1782.102574 -0.127263 0.091812 1017423 
1023494400 86822 296946 6.840340 2553 44121 14801 1782.227454 -0.127252 0.091824 1017768 
1024099200 86852 297051 6.840395 2553 44141 14802 1782.294040 -0.127234 0.091796 1018150 
