946684800 0 0 0.000000 0 0 0 0.000000 0.000000 0.000000 0 
947289600 4332 8278 3.821791 386 2770 551 262.522161 -0.376236 0.179079 7308 
947894400 4537 8913 3.929028 395 2805 659 272.018955 -0.360903 0.174791 7748 
948499200 4705 9393 3.992774 404 2835 736 278.298406 -0.347649 0.171480 8101 
949104000 5348 10357 3.873224 504 3341 806 309.326851 -0.335581 0.154851 8477 
949708800 5819 11260 3.870081 513 3635 896 316.959959 -0.333982 0.146977 8931 
950313600 6244 12363 3.959962 537 3814 1018 337.260730 -0.326120 0.145577 10151 
950918400 6502 13222 4.067056 551 3852 1118 355.282990 -0.316113 0.152009 11378 
951523200 6803 14017 4.120829 561 3975 1221 367.018080 -0.305163 0.151964 12203 
952128000 7162 15056 4.204412 615 4102 1321 402.113376 -0.290750 0.151520 13598 
952732800 7561 16118 4.263457 624 4287 1398 420.054490 -0.284296 0.149005 15129 
953337600 7719 16535 4.284234 647 4342 1429 425.809302 -0.278301 0.146881 15661 
953942400 8058 17270 4.286423 653 4541 1491 427.684289 -0.273677 0.144683 16550 
954547200 8314 18371 4.419293 663 4540 1592 455.850373 -0.273818 0.150281 19011 
955152000 8637 19632 4.546023 974 4625 1677 528.949404 -0.235627 0.160261 22019 
955756800 9012 20766 4.608522 989 4776 1753 536.808034 -0.231593 0.161062 23935 
956361600 9189 21537 4.687561 1003 4797 1813 554.188486 -0.230594 0.162295 25814 
956966400 9375 22402 4.779093 1015 4799 1876 573.658453 -0.228059 0.164775 27681 
957571200 9692 24021 4.956872 1039 4839 1934 606.364012 -0.221344 0.166574 31396 
958176000 10101 25162 4.982081 1063 5022 2030 611.710128 -0.216234 0.166024 33218 
958780800 10769 27383 5.085523 1083 5374 2106 632.398737 -0.216875 0.162832 38395 
959385600 11026 28289 5.131326 1108 5445 2173 640.539089 -0.212062 0.162902 40002 
959990400 11226 29077 5.180296 1117 5483 2215 648.052913 -0.209490 0.162297 41220 
960595200 12034 31562 5.245471 1153 5939 2323 708.045371 -0.220999 0.165542 48519 
961200000 12320 32678 5.304870 1167 6036 2380 726.574513 -0.219990 0.166798 51409 
961804800 12899 34690 5.378712 1179 6301 2500 746.581440 -0.218802 0.165692 56609 
962409600 13251 36856 5.562750 1213 6247 2605 790.636782 -0.217459 0.169731 65086 
963014400 13420 37502 5.588972 1216 6303 2629 798.505812 -0.216051 0.169257 66577 
963619200 13653 38934 5.703362 1246 6274 2698 828.158060 -0.212705 0.171169 71147 
964224000 14041 40414 5.756570 1253 6439 2759 842.270066 -0.212759 0.170198 75701 
964828800 14519 41941 5.777395 1263 6679 2820 848.586266 -0.210982 0.167211 79536 
965433600 14755 44049 5.970722 1280 6590 2885 895.666825 -0.212094 0.170167 87402 
966038400 15134 45629 6.029999 1290 6680 3001 907.963526 -0.209959 0.169709 91403 
966643200 15524 46607 6.004509 1303 6923 3045 905.607704 -0.207044 0.167057 93419 
967248000 16113 49917 6.195867 1378 7057 3170 961.696518 -0.204204 0.169480 107459 
967852800 16691 52241 6.259781 1403 7295 3263 984.207297 -0.202371 0.166199 114722 
968457600 17206 53944 6.270371 1419 7566 3332 1009.083227 -0.201515 0.165591 120661 
969062400 17637 55934 6.342802 1431 7644 3471 1026.830187 -0.198940 0.164734 127205 
969667200 18095 57782 6.386516 1454 7854 3507 1042.628240 -0.195393 0.161679 132297 
970272000 18718 59839 6.393739 1764 8208 3579 1093.142323 -0.179951 0.161654 138931 
970876800 19291 61763 6.403297 1796 8516 3670 1100.133015 -0.176476 0.159154 144462 
971481600 20000 64010 6.401000 1816 8825 3814 1102.683600 -0.173529 0.155591 150205 
972086400 20499 65556 6.396019 1827 9106 3894 1110.536319 -0.174412 0.153648 154195 
972691200 21485 68738 6.398697 1838 9660 4042 1116.537677 -0.174573 0.149006 163527 
973296000 22397 71700 6.402643 1851 10193 4170 1134.785016 -0.175791 0.147310 173359 
973900800 23616 75648 6.406504 1878 10810 4413 1151.257622 -0.174279 0.144885 186653 
974505600 24626 78744 6.395192 1905 11386 4516 1152.193698 -0.170153 0.140725 193749 
975110400 25042 80489 6.428320 1930 11532 4592 1164.630461 -0.168036 0.140101 199049 
975715200 26508 84732 6.392938 1962 12343 4845 1171.108496 -0.166843 0.135254 211643 
976320000 27472 88529 6.445035 1992 12631 5093 1188.256843 -0.163820 0.134040 223349 
976924800 28658 93103 6.497523 2040 13145 5299 1213.716868 -0.160742 0.132711 236914 
977529600 29051 94380 6.497539 2047 13323 5388 1216.992599 -0.160029 0.131442 240569 
978134400 29190 94944 6.505242 2059 13385 5407 1221.265296 -0.159451 0.130960 241943 
978739200 29582 96393 6.517004 2072 13516 5474 1231.629978 -0.158487 0.131095 246796 
979344000 29875 97625 6.535565 2085 13619 5508 1241.510025 -0.157956 0.131268 252490 
979948800 30510 99005 6.490003 2087 14077 5561 1235.537332 -0.159257 0.129747 255287 
980553600 30927 100753 6.515537 2100 14216 5634 1244.031688 -0.157978 0.129516 260099 
981158400 31314 102658 6.556684 2135 14376 5685 1262.322284 -0.157097 0.129690 267729 
981763200 31810 105020 6.602955 2149 14576 5736 1280.238856 -0.155581 0.129243 275646 
982368000 32211 107023 6.645121 2160 14727 5813 1291.539226 -0.154527 0.128939 281953 
982972800 32690 109288 6.686326 2179 14861 5925 1306.895014 -0.153765 0.129913 289512 
983577600 33835 111845 6.611201 2196 15752 6008 1296.418265 -0.154235 0.126278 294887 
984182400 34290 113951 6.646311 2207 15914 6115 1306.679557 -0.153357 0.125686 301401 
984787200 35274 117380 6.655327 2223 16485 6291 1320.416114 -0.153063 0.124962 314563 
985392000 36053 120869 6.705073 2241 16817 6442 1352.052423 -0.154595 0.124858 330200 
985996800 36498 123567 6.771166 2330 16805 6622 1381.520686 -0.151939 0.126185 341682 
986601600 37243 125892 6.760572 2344 17208 6745 1376.806058 -0.149962 0.125040 346882 
987206400 38145 128659 6.745786 2356 17686 6884 1380.717420 -0.149558 0.124188 353947 
987811200 39516 132793 6.720974 2380 18421 7146 1379.427624 -0.147104 0.121797 365384 
988416000 40661 136808 6.729200 2400 19050 7317 1394.621923 -0.146213 0.120627 380697 
989020800 41733 140843 6.749718 2419 19538 7499 1404.169314 -0.144384 0.119877 392557 
989625600 43453 148039 6.813753 2453 20262 7848 1443.814052 -0.145321 0.119972 426262 
990230400 44515 152537 6.853285 2471 20689 8048 1456.691138 -0.143053 0.118894 441096 
990835200 46127 158740 6.882737 2502 21389 8372 1475.859388 -0.140993 0.118581 460879 
991440000 47068 163054 6.928444 2524 21655 8610 1494.288646 -0.139495 0.118600 475039 
992044800 49253 170926 6.940735 2567 22725 8990 1504.854080 -0.136510 0.116737 499439 
992649600 49849 173678 6.968164 2570 23005 9081 1526.185199 -0.137746 0.117084 515165 
993254400 50199 177316 7.064523 2587 22887 9249 1573.068786 -0.137766 0.118446 535280 
993859200 50671 179449 7.082907 2590 23089 9331 1586.202049 -0.138286 0.118270 545712 
994464000 51240 180792 7.056674 2594 23519 9363 1582.909641 -0.137948 0.117299 550328 
995068800 51970 183313 7.054570 2607 23958 9429 1593.297903 -0.138227 0.116299 560000 
995673600 52444 185096 7.058806 2614 24181 9501 1600.283274 -0.137909 0.115951 567444 
996278400 53483 187677 7.018193 2626 24963 9594 1593.900529 -0.137596 0.114134 575047 
996883200 54024 190202 7.041389 2643 25184 9705 1602.934622 -0.136681 0.113420 583598 
997488000 54534 192184 7.048227 2652 25460 9754 1609.745700 -0.136234 0.112764 591481 
998092800 55394 194593 7.025779 2658 26015 9876 1607.569304 -0.135639 0.111450 597481 
998697600 56237 197927 7.039031 2668 26492 9977 1641.090812 -0.137201 0.111724 616557 
999302400 56849 200594 7.057081 2676 26731 10106 1658.324579 -0.136767 0.112093 629476 
999907200 57415 202916 7.068397 2683 27009 10179 1667.852617 -0.136280 0.111629 638803 
1000512000 58747 206294 7.023133 2710 28005 10288 1659.702044 -0.134972 0.109422 647939 
1001116800 60377 210452 6.971264 2724 29218 10412 1651.267900 -0.133985 0.107165 659502 
1001721600 62075 216833 6.986162 2793 30168 10713 1688.797197 -0.134343 0.106015 691077 
1002326400 63113 220826 6.997798 2810 30674 10922 1698.310110 -0.133490 0.105208 707180 
1002931200 64377 225327 7.000233 2829 31340 11167 1702.036597 -0.131849 0.103827 721495 
1003536000 66413 233486 7.031334 2870 32255 11542 1732.424194 -0.130651 0.102889 759858 
1004140800 69757 242566 6.954600 2909 34460 11967 1732.542254 -0.128321 0.100110 791813 
1004745600 71026 247263 6.962605 2945 35083 12210 1744.681243 -0.127221 0.099207 810473 
1005350400 71966 251347 6.985160 2967 35480 12397 1757.650918 -0.126418 0.098619 828391 
1005955200 73392 255793 6.970596 2982 36265 12636 1760.312105 -0.125439 0.097635 845244 
1006560000 75404 261615 6.939022 3022 37529 12952 1758.773832 -0.123763 0.096047 866188 
1007164800 76296 265767 6.966735 3040 37736 13243 1776.757261 -0.123198 0.095891 882857 
1007769600 76722 267652 6.977190 3076 37835 13377 1788.861969 -0.123094 0.095982 891779 
1008374400 77574 269824 6.956558 3110 38384 13497 1789.178823 -0.122760 0.095323 898129 
1008979200 78412 272036 6.938632 3115 38957 13593 1789.823879 -0.122711 0.094709 906601 
1009584000 78851 273060 6.925974 3119 39248 13649 1786.718900 -0.122342 0.094270 909099 
1010188800 79610 274954 6.907524 3289 39790 13725 1794.990177 -0.120790 0.093944 915991 
1010793600 80300 277347 6.907771 3295 40174 13835 1798.445255 -0.120323 0.093639 925643 
1011398400 81070 279794 6.902529 3314 40614 13969 1799.431775 -0.119577 0.093169 933775 
1012003200 82155 282989 6.889149 3336 41351 14106 1800.823857 -0.118985 0.092568 947985 
1012608000 84032 286973 6.830089 3352 42790 14262 1790.253094 -0.118382 0.090995 962062 
1013212800 84584 290244 6.862858 3366 42959 14390 1807.331647 -0.118110 0.091235 983675 
1013817600 84707 290682 6.863234 3368 43018 14416 1807.992799 -0.117993 0.091182 984887 
1014422400 84964 291466 6.860929 3373 43201 14451 1809.208112 -0.117984 0.091068 987657 
1015027200 85387 292504 6.851254 3376 43537 14480 1806.772530 -0.117771 0.090722 991109 
1015632000 85609 293038 6.845962 3378 43697 14500 1806.307912 -0.117722 0.090605 992886 
1016236800 86096 293738 6.823499 3378 44110 14529 1799.052964 -0.117536 0.090122 993681 
1016841600 86309 294485 6.823970 3381 44225 14578 1799.741232 -0.117406 0.090112 996612 
1017446400 86421 295007 6.827206 3382 44255 14618 1802.935143 -0.117591 0.090154 1000762 
1018051200 86486 295234 6.827325 3382 44287 14634 1803.347941 -0.117573 0.090091 1001119 
1018656000 86501 295310 6.827898 3383 44289 14634 1803.559936 -0.117537 0.090082 1001409 
1019260800 86526 295405 6.828121 3383 44292 14642 1803.411321 -0.117487 0.090078 1001483 
1019865600 86546 295512 6.829016 3383 44291 14652 1803.698265 -0.117448 0.090076 1001927 
1020470400 86561 295597 6.829796 3384 44291 14658 1804.083941 -0.117425 0.090078 1002341 
1021075200 86714 296540 6.839495 3384 44332 14717 1810.653343 -0.117793 0.090317 1009901 
1021680000 86744 296648 6.839620 3385 44343 14726 1810.782763 -0.117756 0.090294 1010316 
1022284800 86791 296790 6.839188 3386 44367 14736 1810.809669 -0.117718 0.090323 1010919 
1022889600 86806 296881 6.840103 3386 44358 14749 1810.921895 -0.117681 0.090278 1011015 
1023494400 86822 296946 6.840340 3386 44363 14748 1811.110617 -0.117669 0.090298 1011416 
1024099200 86852 297051 6.840395 3386 44374 14761 1811.077811 -0.117640 0.090244 1011597 
