946684800 0 0 0.000000 0 0 0 0.000000 0.000000 0.000000 0 
947289600 4332 8278 3.821791 385 2752 581 262.397045 -0.369506 0.185657 7298 
947894400 4537 8913 3.929028 395 2789 670 276.707516 -0.348794 0.182414 7739 
948499200 4705 9393 3.992774 426 2832 746 294.658448 -0.326842 0.178667 8194 
949104000 5348 10357 3.873224 502 3326 831 318.485415 -0.321439 0.161502 8472 
949708800 5819 11260 3.870081 508 3619 925 324.254339 -0.323087 0.154946 8946 
950313600 6244 12363 3.959962 526 3798 1030 352.455798 -0.314960 0.160310 10411 
950918400 6502 13222 4.067056 638 3814 1158 393.483544 -0.285631 0.169829 11738 
951523200 6803 14017 4.120829 652 3950 1232 404.964280 -0.282464 0.167890 12595 
952128000 7162 15056 4.204412 675 4080 1313 419.268361 -0.276381 0.168649 13644 
952732800 7561 16118 4.263457 737 4227 1423 434.551250 -0.264716 0.168197 14877 
953337600 7719 16535 4.284234 744 4284 1470 438.924213 -0.259625 0.166924 15367 
953942400 8058 17270 4.286423 751 4495 1517 445.301067 -0.251332 0.163405 16144 
954547200 8314 18371 4.419293 835 4494 1615 482.290594 -0.244383 0.169000 18509 
955152000 8637 19632 4.546023 844 4590 1689 505.437073 -0.245879 0.173046 21467 
955756800 9012 20766 4.608522 853 4752 1783 517.473813 -0.243855 0.170048 23551 
956361600 9189 21537 4.687561 863 4767 1833 524.030907 -0.237803 0.168469 24602 
956966400 9375 22402 4.779093 874 4770 1895 538.749440 -0.232062 0.168809 26076 
957571200 9692 24021 4.956872 897 4809 1957 567.448411 -0.227841 0.167778 29116 
958176000 10101 25162 4.982081 916 5045 2003 571.983170 -0.223045 0.163273 30868 
958780800 10769 27383 5.085523 934 5363 2104 614.569969 -0.228742 0.164797 35931 
959385600 11026 28289 5.131326 940 5471 2131 632.926537 -0.229877 0.163733 38648 
959990400 11226 29077 5.180296 954 5526 2166 644.425619 -0.227608 0.162164 39998 
960595200 12034 31562 5.245471 1226 5940 2313 741.608941 -0.219169 0.164529 46395 
961200000 12320 32678 5.304870 1283 6031 2377 766.407143 -0.215343 0.165681 49360 
961804800 12899 34690 5.378712 1299 6299 2485 790.253663 -0.217488 0.163995 54980 
962409600 13251 36856 5.562750 1324 6287 2606 829.102709 -0.215277 0.167276 61992 
963014400 13420 37502 5.588972 1328 6354 2630 833.171386 -0.213836 0.166569 63520 
963619200 13653 38934 5.703362 1346 6354 2682 872.734784 -0.213590 0.168700 67739 
964224000 14041 40414 5.756570 1355 6544 2708 899.476533 -0.214466 0.167925 72200 
964828800 14519 41941 5.777395 1378 6812 2764 910.288174 -0.213204 0.165779 76071 
965433600 14755 44049 5.970722 1399 6703 2868 974.226364 -0.211821 0.171698 84158 
966038400 15134 45629 6.029999 1414 6833 2952 995.513149 -0.212138 0.171148 89720 
966643200 15524 46607 6.004509 1424 7064 3004 994.118913 -0.210465 0.168475 91669 
967248000 16113 49917 6.195867 1445 7211 3109 1056.108732 -0.211583 0.170539 105922 
967852800 16691 52241 6.259781 1464 7450 3201 1098.027320 -0.213148 0.169949 114241 
968457600 17206 53944 6.270371 1483 7728 3263 1114.765198 -0.212952 0.169542 120199 
969062400 17637 55934 6.342802 1511 7831 3360 1133.173669 -0.208403 0.167603 126707 
969667200 18095 57782 6.386516 1522 8029 3435 1149.829345 -0.206766 0.166328 133720 
970272000 18718 59839 6.393739 1529 8352 3559 1163.896036 -0.207180 0.165596 141186 
970876800 19291 61763 6.403297 1546 8663 3640 1170.612410 -0.205133 0.163870 147325 
971481600 20000 64010 6.401000 1573 8992 3788 1182.571700 -0.203083 0.161173 154631 
972086400 20499 65556 6.396019 1582 9265 3861 1187.288063 -0.201604 0.159059 158798 
972691200 21485 68738 6.398697 1607 9796 4057 1209.648592 -0.203621 0.156950 170418 
973296000 22397 71700 6.402643 1619 10360 4144 1215.430192 -0.201047 0.152697 179635 
973900800 23616 75648 6.406504 1653 10999 4348 1224.886348 -0.196037 0.148442 191044 
974505600 24626 78744 6.395192 1666 11533 4517 1228.462032 -0.192576 0.144769 199162 
975110400 25042 80489 6.428320 1692 11678 4605 1246.985624 -0.190200 0.144112 204672 
975715200 26508 84732 6.392938 1717 12454 4837 1257.344651 -0.187562 0.139943 216692 
976320000 27472 88529 6.445035 1740 12741 5059 1280.242501 -0.183736 0.138475 227536 
976924800 28658 93103 6.497523 1774 13195 5297 1302.021634 -0.178688 0.136216 240635 
977529600 29051 94380 6.497539 1779 13365 5383 1307.335926 -0.178283 0.135806 244397 
978134400 29190 94944 6.505242 1782 13425 5399 1308.876190 -0.177559 0.135535 245990 
978739200 29582 96393 6.517004 1788 13535 5497 1311.731796 -0.175808 0.134490 249874 
979344000 29875 97625 6.535565 1798 13623 5547 1316.783933 -0.174569 0.133568 252923 
979948800 30510 99005 6.490003 1810 14055 5642 1311.944477 -0.175238 0.131997 255622 
980553600 30927 100753 6.515537 1824 14184 5754 1322.099331 -0.173845 0.132116 261478 
981158400 31314 102658 6.556684 1838 14307 5843 1342.367631 -0.172693 0.131906 268765 
981763200 31810 105020 6.602955 1849 14500 5891 1359.067149 -0.171667 0.131232 278980 
982368000 32211 107023 6.645121 1856 14631 5970 1371.888858 -0.170905 0.130599 286421 
982972800 32690 109288 6.686326 1872 14759 6093 1390.961578 -0.170307 0.131047 295209 
983577600 33835 111845 6.611201 1943 15641 6152 1388.122418 -0.170281 0.127965 301103 
984182400 34290 113951 6.646311 1951 15800 6262 1401.270516 -0.169638 0.127996 308739 
984787200 35274 117380 6.655327 1969 16384 6393 1408.513636 -0.167582 0.126130 318703 
985392000 36053 120869 6.705073 1981 16725 6509 1430.016587 -0.167010 0.126036 333535 
985996800 36498 123567 6.771166 2002 16752 6644 1462.994794 -0.166146 0.126834 346674 
986601600 37243 125892 6.760572 2013 17216 6734 1459.546438 -0.164206 0.124967 351955 
987206400 38145 128659 6.745786 2031 17742 6845 1465.033373 -0.163158 0.123643 360605 
987811200 39516 132793 6.720974 2049 18482 7117 1466.385920 -0.160925 0.121429 373385 
988416000 40661 136808 6.729200 2070 19082 7355 1476.800521 -0.159051 0.120188 388769 
989020800 41733 140843 6.749718 2095 19571 7563 1492.711571 -0.157493 0.119504 403650 
989625600 43453 148039 6.813753 2131 20335 7848 1533.727936 -0.158120 0.119515 439324 
990230400 44515 152537 6.853285 2147 20743 8074 1549.467236 -0.156194 0.118163 457387 
990835200 46127 158740 6.882737 2272 21490 8370 1575.966007 -0.153395 0.116593 478259 
991440000 47068 163054 6.928444 2299 21793 8593 1592.635719 -0.151113 0.116348 493210 
992044800 49253 170926 6.940735 2319 22943 8962 1607.599578 -0.148989 0.114286 523951 
992649600 49849 173678 6.968164 2330 23233 9071 1630.681739 -0.150210 0.114387 540514 
993254400 50199 177316 7.064523 2350 23138 9251 1671.265204 -0.150065 0.115712 564075 
993859200 50671 179449 7.082907 2355 23328 9314 1683.854789 -0.149611 0.115522 574220 
994464000 51240 180792 7.056674 2360 23735 9378 1684.476112 -0.150210 0.114819 578600 
995068800 51970 183313 7.054570 2368 24151 9432 1688.790071 -0.149891 0.113531 587510 
995673600 52444 185096 7.058806 2377 24401 9476 1690.572115 -0.148891 0.112905 593710 
996278400 53483 187677 7.018193 2383 25175 9562 1684.490548 -0.148036 0.111555 601775 
996883200 54024 190202 7.041389 2391 25402 9663 1695.824263 -0.147636 0.111132 611798 
997488000 54534 192184 7.048227 2401 25659 9751 1700.351634 -0.146895 0.110487 619889 
998092800 55394 194593 7.025779 2407 26251 9810 1700.142579 -0.146147 0.109302 628980 
998697600 56237 197927 7.039031 2427 26688 9976 1712.482423 -0.146002 0.109011 646607 
999302400 56849 200594 7.057081 2439 26949 10093 1722.131401 -0.145416 0.108842 658138 
999907200 57415 202916 7.068397 2445 27231 10197 1725.635322 -0.144480 0.108234 665426 
1000512000 58747 206294 7.023133 2453 28190 10321 1722.565442 -0.143115 0.106875 677039 
1001116800 60377 210452 6.971264 2463 29372 10486 1719.977144 -0.142580 0.105315 690677 
1001721600 62075 216833 6.986162 2628 30326 10752 1759.635924 -0.141989 0.105309 725201 
1002326400 63113 220826 6.997798 2644 30790 10967 1767.766197 -0.140690 0.104926 740828 
1002931200 64377 225327 7.000233 2661 31464 11184 1770.307998 -0.138847 0.103822 755774 
1003536000 66413 233486 7.031334 2750 32378 11576 1808.473160 -0.137463 0.103240 796158 
1004140800 69757 242566 6.954600 2802 34515 12036 1796.159583 -0.134254 0.100380 827856 
1004745600 71026 247263 6.962605 2818 35125 12260 1807.901163 -0.133174 0.100008 846812 
1005350400 71966 251347 6.985160 2832 35484 12456 1824.515855 -0.132886 0.100280 867036 
1005955200 73392 255793 6.970596 2863 36255 12732 1838.876608 -0.131629 0.099757 883442 
1006560000 75404 261615 6.939022 2879 37443 13112 1835.571694 -0.130034 0.098453 903939 
1007164800 76296 265767 6.966735 2890 37645 13403 1849.563463 -0.129203 0.098418 920879 
1007769600 76722 267652 6.977190 2898 37778 13496 1861.764605 -0.129212 0.098569 930198 
1008374400 77574 269824 6.956558 2934 38346 13615 1859.255653 -0.128628 0.097870 936989 
1008979200 78412 272036 6.938632 2997 38874 13729 1863.230067 -0.128114 0.097439 945616 
1009584000 78851 273060 6.925974 2998 39153 13789 1861.203637 -0.127959 0.097078 949039 
1010188800 79610 274954 6.907524 3004 39682 13871 1858.115262 -0.127581 0.096554 956703 
1010793600 80300 277347 6.907771 3013 40015 14006 1862.767945 -0.126983 0.096257 964957 
1011398400 81070 279794 6.902529 3022 40431 14144 1861.783274 -0.126178 0.095761 972743 
1012003200 82155 282989 6.889149 3052 41114 14310 1864.886763 -0.125493 0.095217 984134 
1012608000 84032 286973 6.830089 3066 42483 14482 1849.312571 -0.124113 0.093535 994625 
1013212800 84584 290244 6.862858 3077 42572 14674 1866.826019 -0.124080 0.093823 1013924 
1013817600 84707 290682 6.863234 3081 42612 14700 1867.175959 -0.123959 0.093812 1014884 
1014422400 84964 291466 6.860929 3083 42757 14748 1867.758557 -0.123767 0.093672 1019054 
1015027200 85387 292504 6.851254 3085 43059 14805 1865.337745 -0.123608 0.093406 1022836 
1015632000 85609 293038 6.845962 3085 43207 14830 1864.142438 -0.123503 0.093228 1024649 
1016236800 86096 293738 6.823499 3087 43624 14858 1856.781871 -0.123274 0.092801 1025262 
1016841600 86309 294485 6.823970 3089 43762 14867 1859.784217 -0.123485 0.092817 1030240 
1017446400 86421 295007 6.827206 3091 43802 14899 1861.737008 -0.123417 0.092772 1034143 
1018051200 86486 295234 6.827325 3091 43836 14913 1862.093333 -0.123384 0.092767 1034611 
1018656000 86501 295310 6.827898 3091 43838 14920 1862.171351 -0.123355 0.092787 1034929 
1019260800 86526 295405 6.828121 3091 43846 14924 1862.254120 -0.123344 0.092801 1035189 
1019865600 86546 295512 6.829016 3091 43855 14925 1862.471356 -0.123311 0.092762 1035502 
1020470400 86561 295597 6.829796 3092 43855 14929 1862.988759 -0.123311 0.092765 1036200 
1021075200 86714 296540 6.839495 3093 43904 14973 1882.449824 -0.124733 0.093416 1048997 
1021680000 86744 296648 6.839620 3094 43918 14981 1882.536406 -0.124700 0.093455 1049147 
1022284800 86791 296790 6.839188 3094 43937 14998 1882.579899 -0.124687 0.093434 1049602 
1022889600 86806 296881 6.840103 3094 43928 15013 1882.927655 -0.124672 0.093446 1050008 
1023494400 86822 296946 6.840340 3095 43932 15018 1883.017023 -0.124640 0.093479 1050225 
1024099200 86852 297051 6.840395 3095 43952 15020 1882.838023 -0.124590 0.093423 1050432 
