946684800 0 0 0.000000 0 0 0 0.000000 0.000000 0.000000 0 
947289600 4332 8278 3.821791 383 2772 557 267.977378 -0.378224 0.185530 7372 
947894400 4537 8913 3.929028 394 2786 674 281.053560 -0.364709 0.185278 7839 
948499200 4705 9393 3.992774 403 2838 724 289.693943 -0.355098 0.182257 8180 
949104000 5348 10357 3.873224 532 3354 790 324.067689 -0.334736 0.164527 8698 
949708800 5819 11260 3.870081 536 3657 868 337.636364 -0.335488 0.157056 9448 
950313600 6244 12363 3.959962 546 3830 1015 369.069507 -0.326030 0.163411 11051 
950918400 6502 13222 4.067056 560 3860 1124 380.395263 -0.314514 0.166373 12120 
951523200 6803 14017 4.120829 569 3978 1200 385.387329 -0.301462 0.162967 12775 
952128000 7162 15056 4.204412 585 4089 1314 400.909522 -0.295220 0.162059 13787 
952732800 7561 16118 4.263457 605 4253 1419 418.982410 -0.292372 0.160159 15504 
953337600 7719 16535 4.284234 613 4295 1460 420.072548 -0.286391 0.158894 15800 
953942400 8058 17270 4.286423 622 4499 1512 420.373790 -0.278744 0.153745 16481 
954547200 8314 18371 4.419293 628 4512 1589 443.218908 -0.277999 0.159647 18930 
955152000 8637 19632 4.546023 632 4624 1645 482.303346 -0.277930 0.165899 21764 
955756800 9012 20766 4.608522 649 4796 1723 507.161119 -0.275672 0.165499 24481 
956361600 9189 21537 4.687561 653 4832 1757 523.477201 -0.271929 0.165277 25928 
956966400 9375 22402 4.779093 659 4847 1803 540.973440 -0.265972 0.166225 27687 
957571200 9692 24021 4.956872 677 4871 1888 571.516508 -0.260503 0.168965 31207 
958176000 10101 25162 4.982081 686 5076 1972 587.693892 -0.257597 0.168167 33478 
958780800 10769 27383 5.085523 729 5417 2095 618.860804 -0.252806 0.166881 38809 
959385600 11026 28289 5.131326 740 5502 2156 629.324687 -0.250841 0.167016 40931 
959990400 11226 29077 5.180296 747 5541 2227 640.695528 -0.246294 0.166833 42418 
960595200 12034 31562 5.245471 761 5994 2335 685.589164 -0.255670 0.164769 48895 
961200000 12320 32678 5.304870 775 6078 2391 697.145617 -0.250400 0.163805 51334 
961804800 12899 34690 5.378712 852 6340 2496 745.970695 -0.247515 0.165064 57646 
962409600 13251 36856 5.562750 882 6271 2625 816.730511 -0.245693 0.174185 65036 
963014400 13420 37502 5.588972 884 6324 2669 822.106855 -0.244337 0.174243 66986 
963619200 13653 38934 5.703362 892 6318 2734 846.060353 -0.242106 0.176305 71679 
964224000 14041 40414 5.756570 1120 6486 2795 884.354960 -0.231967 0.176709 75359 
964828800 14519 41941 5.777395 1132 6758 2859 907.068531 -0.231018 0.174990 79800 
965433600 14755 44049 5.970722 1153 6660 2916 951.258014 -0.228560 0.176691 86807 
966038400 15134 45629 6.029999 1183 6789 2988 970.382450 -0.225488 0.175830 91663 
966643200 15524 46607 6.004509 1192 7029 3034 969.458645 -0.223912 0.172625 93879 
967248000 16113 49917 6.195867 1207 7181 3149 1025.467635 -0.225256 0.174765 107867 
967852800 16691 52241 6.259781 1362 7405 3266 1102.378048 -0.216738 0.177120 116125 
968457600 17206 53944 6.270371 1376 7674 3331 1120.937115 -0.216905 0.175751 122166 
969062400 17637 55934 6.342802 1386 7768 3449 1139.794523 -0.213821 0.174530 127826 
969667200 18095 57782 6.386516 1412 7956 3518 1165.287317 -0.211685 0.173543 134586 
970272000 18718 59839 6.393739 1723 8299 3624 1227.970617 -0.203308 0.175225 142491 
970876800 19291 61763 6.403297 1733 8608 3695 1225.550671 -0.199695 0.171291 147356 
971481600 20000 64010 6.401000 1746 8919 3850 1225.272200 -0.195847 0.167747 153362 
972086400 20499 65556 6.396019 1794 9192 3907 1250.514269 -0.194978 0.166537 158924 
972691200 21485 68738 6.398697 1814 9761 4021 1269.421271 -0.197078 0.163469 171927 
973296000 22397 71700 6.402643 1831 10271 4176 1278.864312 -0.195705 0.160489 182575 
973900800 23616 75648 6.406504 1877 10875 4381 1287.301745 -0.191309 0.155555 194245 
974505600 24626 78744 6.395192 1902 11439 4537 1293.456022 -0.188469 0.151082 202416 
975110400 25042 80489 6.428320 1914 11570 4627 1305.648351 -0.186714 0.150877 208119 
975715200 26508 84732 6.392938 1940 12358 4868 1307.325638 -0.184085 0.146069 221089 
976320000 27472 88529 6.445035 1976 12647 5092 1333.501966 -0.180754 0.144291 231513 
976924800 28658 93103 6.497523 2013 13086 5353 1350.749948 -0.175709 0.141096 242697 
977529600 29051 94380 6.497539 2034 13282 5404 1357.506454 -0.174830 0.140523 246717 
978134400 29190 94944 6.505242 2041 13341 5427 1359.725454 -0.174074 0.140350 248184 
978739200 29582 96393 6.517004 2048 13466 5508 1367.013116 -0.173413 0.139926 253163 
979344000 29875 97625 6.535565 2063 13552 5590 1373.172619 -0.172365 0.139460 257345 
979948800 30510 99005 6.490003 2072 14002 5651 1365.828909 -0.172893 0.137210 260167 
980553600 30927 100753 6.515537 2085 14144 5731 1378.497753 -0.172372 0.137045 266784 
981158400 31314 102658 6.556684 2094 14260 5826 1388.808073 -0.170556 0.136679 273075 
981763200 31810 105020 6.602955 2113 14437 5934 1407.162213 -0.169719 0.136042 282609 
982368000 32211 107023 6.645121 2124 14602 6016 1423.571140 -0.168871 0.135803 290865 
982972800 32690 109288 6.686326 2149 14729 6126 1443.536678 -0.168366 0.135381 298947 
983577600 33835 111845 6.611201 2160 15606 6202 1436.724989 -0.169681 0.131630 303309 
984182400 34290 113951 6.646311 2197 15761 6300 1447.052843 -0.167450 0.130499 309114 
984787200 35274 117380 6.655327 2346 16319 6437 1468.681635 -0.163622 0.129253 320211 
985392000 36053 120869 6.705073 2361 16638 6600 1489.156020 -0.162305 0.128477 332193 
985996800 36498 123567 6.771166 2377 16692 6717 1513.093320 -0.161159 0.128408 344020 
986601600 37243 125892 6.760572 2391 17145 6831 1520.228607 -0.161220 0.127184 353078 
987206400 38145 128659 6.745786 2411 17660 6955 1528.858042 -0.159988 0.126143 361576 
987811200 39516 132793 6.720974 2439 18445 7155 1526.145966 -0.157624 0.123483 373033 
988416000 40661 136808 6.729200 2491 19114 7332 1542.272645 -0.156253 0.122330 389117 
989020800 41733 140843 6.749718 2521 19662 7486 1557.608080 -0.153877 0.120987 403006 
989625600 43453 148039 6.813753 2548 20391 7874 1590.781028 -0.153677 0.120505 436150 
990230400 44515 152537 6.853285 2577 20848 8050 1615.140155 -0.151717 0.119375 453034 
990835200 46127 158740 6.882737 2615 21563 8405 1645.920567 -0.151272 0.118436 473780 
991440000 47068 163054 6.928444 2640 21827 8691 1666.270630 -0.149874 0.118258 488930 
992044800 49253 170926 6.940735 2670 22961 9068 1686.995269 -0.148637 0.116712 520141 
992649600 49849 173678 6.968164 2681 23241 9139 1707.943991 -0.149873 0.117100 535228 
993254400 50199 177316 7.064523 2702 23114 9299 1740.762645 -0.149210 0.117809 553805 
993859200 50671 179449 7.082907 2705 23338 9361 1751.449626 -0.149338 0.117396 564984 
994464000 51240 180792 7.056674 2707 23748 9427 1745.890398 -0.149246 0.116584 568753 
995068800 51970 183313 7.054570 2724 24166 9526 1757.085819 -0.149022 0.115929 579437 
995673600 52444 185096 7.058806 2736 24375 9633 1764.207383 -0.148522 0.115677 585694 
996278400 53483 187677 7.018193 2743 25134 9708 1757.915637 -0.148310 0.114524 593912 
996883200 54024 190202 7.041389 2747 25338 9834 1768.224493 -0.147624 0.114328 603364 
997488000 54534 192184 7.048227 2755 25578 9914 1772.081857 -0.146893 0.114018 610343 
998092800 55394 194593 7.025779 2818 26155 10010 1773.894176 -0.145753 0.113208 617355 
998697600 56237 197927 7.039031 2828 26585 10183 1787.454416 -0.145758 0.113162 634988 
999302400 56849 200594 7.057081 2839 26859 10305 1796.398776 -0.145258 0.112689 646437 
999907200 57415 202916 7.068397 2848 27147 10400 1804.808709 -0.144769 0.112433 657655 
1000512000 58747 206294 7.023133 2853 28103 10523 1807.324595 -0.144127 0.111066 668891 
1001116800 60377 210452 6.971264 2869 29274 10673 1801.897378 -0.143743 0.109422 683618 
1001721600 62075 216833 6.986162 2917 30233 10884 1829.916069 -0.144048 0.108642 717841 
1002326400 63113 220826 6.997798 2938 30739 11063 1841.856638 -0.143427 0.108203 735497 
1002931200 64377 225327 7.000233 2965 31429 11264 1851.570592 -0.142363 0.107220 751511 
1003536000 66413 233486 7.031334 2993 32321 11697 1872.646861 -0.140336 0.105957 781724 
1004140800 69757 242566 6.954600 3018 34487 12150 1860.683688 -0.137564 0.102720 810472 
1004745600 71026 247263 6.962605 3037 35087 12398 1869.859404 -0.136655 0.102110 830669 
1005350400 71966 251347 6.985160 3047 35466 12606 1881.648806 -0.135737 0.101916 849094 
1005955200 73392 255793 6.970596 3072 36267 12869 1884.853881 -0.134816 0.101219 865187 
1006560000 75404 261615 6.939022 3090 37509 13172 1880.862792 -0.133325 0.100099 886515 
1007164800 76296 265767 6.966735 3119 37731 13445 1895.649602 -0.132297 0.099937 905257 
1007769600 76722 267652 6.977190 3128 37852 13565 1900.514846 -0.131858 0.099620 912530 
1008374400 77574 269824 6.956558 3133 38421 13671 1899.314409 -0.131657 0.099129 919339 
1008979200 78412 272036 6.938632 3137 38956 13789 1897.769959 -0.131085 0.098489 926306 
1009584000 78851 273060 6.925974 3141 39232 13852 1894.429570 -0.130756 0.098155 929077 
1010188800 79610 274954 6.907524 3314 39728 13957 1901.558045 -0.129123 0.097854 935694 
1010793600 80300 277347 6.907771 3332 40043 14123 1909.106476 -0.128937 0.097841 947416 
1011398400 81070 279794 6.902529 3343 40398 14315 1913.261108 -0.128648 0.097536 957541 
1012003200 82155 282989 6.889149 3356 41110 14434 1912.275333 -0.127889 0.096670 971195 
1012608000 84032 286973 6.830089 3375 42476 14612 1902.216489 -0.126972 0.095143 986236 
1013212800 84584 290244 6.862858 3397 42584 14767 1923.045682 -0.127030 0.095330 1005220 
1013817600 84707 290682 6.863234 3399 42623 14801 1924.937372 -0.126996 0.095442 1007085 
1014422400 84964 291466 6.860929 3402 42802 14822 1926.725272 -0.126773 0.095324 1010881 
1015027200 85387 292504 6.851254 3403 43119 14860 1930.504011 -0.127073 0.095257 1017151 
1015632000 85609 293038 6.845962 3404 43267 14896 1929.347685 -0.127007 0.095059 1018210 
1016236800 86096 293738 6.823499 3405 43698 14910 1921.561722 -0.126777 0.094537 1019297 
1016841600 86309 294485 6.823970 3406 43798 14969 1922.249221 -0.126677 0.094563 1023199 
1017446400 86421 295007 6.827206 3408 43842 14999 1925.848555 -0.126718 0.094488 1025565 
1018051200 86486 295234 6.827325 3408 43875 15011 1926.352057 -0.126717 0.094463 1027428 
1018656000 86501 295310 6.827898 3409 43881 15014 1926.550953 -0.126694 0.094430 1027582 
1019260800 86526 295405 6.828121 3409 43884 15019 1926.697802 -0.126688 0.094462 1028013 
1019865600 86546 295512 6.829016 3409 43884 15032 1927.545837 -0.126694 0.094508 1028880 
1020470400 86561 295597 6.829796 3410 43882 15043 1928.135211 -0.126697 0.094540 1029740 
1021075200 86714 296540 6.839495 3412 43964 15067 1934.268538 -0.126898 0.094624 1037912 
1021680000 86744 296648 6.839620 3412 43980 15071 1934.695748 -0.126910 0.094658 1039097 
1022284800 86791 296790 6.839188 3412 44012 15077 1937.562973 -0.126846 0.094627 1039922 
1022889600 86806 296881 6.840103 3412 44010 15082 1938.446835 -0.126879 0.094655 1040481 
1023494400 86822 296946 6.840340 3413 44014 15085 1938.668010 -0.126879 0.094641 1040578 
1024099200 86852 297051 6.840395 3413 44026 15096 1938.784346 -0.126854 0.094636 1040827 
