[1.4406  1.44131 1.44138 1.44164 1.44141 1.44181 1.44207 1.44219 1.44211
 1.44314 1.44258 1.44236 1.44186 1.44098 1.44066 1.44122 1.44082 1.44097
 1.4413  1.44135 1.44132 1.4409  1.44103 1.44063 1.44097 1.43977 1.43911
 1.43779 1.43714 1.43712 1.43713 1.43742 1.43798 1.43836 1.4378  1.43765
 1.43689 1.43657 1.43602 1.43532 1.43456 1.43436 1.43473 1.4357  1.43439
 1.43435 1.43456 1.43464 1.43467 1.43406 1.43427 1.43365 1.43347 1.43267
 1.43293 1.43206 1.43095 1.42982 1.42983 1.42998 1.42964 1.42943 1.42945
 1.42835 1.4279  1.42741 1.42788 1.42797 1.42751 1.42735 1.42667 1.42728
 1.42682 1.42632 1.42558 1.42606 1.42618 1.42616 1.42605 1.42553 1.42507
 1.42578 1.42424 1.42435 1.42436 1.42438 1.42463 1.42489 1.42485 1.42429
 1.42394 1.42338 1.42308 1.42221 1.4224  1.42263 1.42189 1.42098 1.42076
 1.42098][1.45091 1.45033 1.45032 1.45015 1.45055 1.45078 1.45131 1.45225 1.4528
 1.45357 1.45417 1.4547  1.45402 1.45454 1.45444 1.45469 1.45456 1.45458
 1.45524 1.45598 1.45576 1.45506 1.45419 1.45358 1.45217 1.45189 1.4522
 1.45223 1.45196 1.45211 1.45263 1.45202 1.4515  1.45132 1.45165 1.45076
 1.4496  1.44966 1.4491  1.44908 1.44903 1.44859 1.44841 1.44758 1.44645
 1.44617 1.44564 1.44588 1.44583 1.4457  1.44557 1.44498 1.44443 1.44398
 1.44353 1.44319 1.44277 1.44291 1.44283 1.44288 1.44213 1.44101 1.44093
 1.44165 1.4412  1.44163 1.44036 1.43916 1.43847 1.43744 1.43764 1.43793
 1.43779 1.43787 1.43822 1.43894 1.43827 1.43738 1.43741 1.43633 1.43556
 1.43576 1.43555 1.43548 1.43523 1.43478 1.43476 1.43464 1.43548 1.43541
 1.43529 1.43524 1.43495 1.43405 1.4331  1.4329  1.43209 1.43169 1.43213
 1.43143][1.52703 1.52694 1.52652 1.52686 1.52736 1.528   1.52847 1.52859 1.52834
 1.52853 1.52962 1.53025 1.53052 1.53018 1.5296  1.52976 1.53005 1.52984
 1.53036 1.53046 1.53093 1.53179 1.53252 1.53375 1.53402 1.53377 1.53378
 1.53453 1.53538 1.53557 1.53417 1.5336  1.53419 1.53366 1.53351 1.53295
 1.5325  1.53182 1.53096 1.53014 1.52973 1.53025 1.52919 1.52938 1.52946
 1.5283  1.52815 1.52693 1.52764 1.5269  1.52614 1.52593 1.52564 1.52471
 1.52473 1.52454 1.52454 1.52339 1.52337 1.52402 1.52408 1.52398 1.52352
 1.52288 1.52328 1.52339 1.52347 1.52367 1.52269 1.52243 1.52276 1.5216
 1.52043 1.52073 1.52025 1.51947 1.51954 1.51893 1.51801 1.51786 1.51793
 1.51827 1.51771 1.5169  1.51543 1.51486 1.51479 1.51414 1.51383 1.51247
 1.51184 1.51205 1.51125 1.5103  1.51043 1.5116  1.51174 1.51156 1.51096
 1.51078][1.54521 1.54555 1.54597 1.54597 1.5461  1.54654 1.54629 1.54622 1.54667
 1.54611 1.5461  1.54638 1.54657 1.54722 1.54787 1.54839 1.54834 1.54909
 1.54975 1.55127 1.55169 1.55252 1.55248 1.55295 1.55328 1.55465 1.55445
 1.55447 1.55526 1.55565 1.55491 1.5543  1.55369 1.55361 1.55287 1.55243
 1.5522  1.55205 1.55281 1.5528  1.55171 1.55164 1.55172 1.55162 1.551
 1.55032 1.54986 1.54931 1.54871 1.54852 1.54781 1.54659 1.54688 1.5475
 1.54696 1.54789 1.54749 1.54865 1.54769 1.54805 1.54741 1.5475  1.54704
 1.54575 1.54511 1.54555 1.54488 1.54464 1.54404 1.54324 1.54284 1.5419
 1.54172 1.53984 1.53918 1.53884 1.53786 1.53695 1.53667 1.53562 1.53467
 1.53343 1.53402 1.53413 1.53352 1.533   1.53121 1.53105 1.53112 1.52962
 1.5293  1.52859 1.52753 1.52723 1.52682 1.52693 1.52579 1.52462 1.52428
 1.52426][1.67236 1.67204 1.67253 1.6733  1.67373 1.67412 1.6751  1.67523 1.6757
 1.67564 1.67455 1.67432 1.67435 1.67512 1.67499 1.6757  1.67553 1.67667
 1.67661 1.67797 1.67911 1.68    1.68013 1.68047 1.68123 1.68183 1.68216
 1.68313 1.68357 1.6832  1.68375 1.68467 1.68478 1.68502 1.68624 1.68611
 1.68613 1.68691 1.68666 1.68811 1.68848 1.68947 1.68952 1.68863 1.68861
 1.68916 1.69113 1.69026 1.68981 1.69012 1.69085 1.68927 1.68893 1.68946
 1.68917 1.68935 1.68868 1.68796 1.68777 1.68723 1.68625 1.68698 1.6871
 1.68872 1.68701 1.68771 1.68688 1.68753 1.68539 1.68416 1.68218 1.6817
 1.68118 1.6812  1.68166 1.68119 1.67999 1.67988 1.67891 1.67861 1.67759
 1.67628 1.67439 1.67351 1.67337 1.67189 1.67085 1.66961 1.66906 1.66875
 1.66732 1.66707 1.66611 1.66613 1.66582 1.66565 1.66448 1.66494 1.66496
 1.66469][1.72396 1.72395 1.72374 1.72414 1.72415 1.72435 1.72477 1.72482 1.72521
 1.72504 1.72497 1.72617 1.72586 1.72732 1.72763 1.72842 1.72885 1.72995
 1.73083 1.73113 1.73269 1.73344 1.73435 1.73523 1.73488 1.7344  1.73458
 1.73576 1.73554 1.73631 1.73845 1.73682 1.73744 1.73924 1.7394  1.74064
 1.74091 1.74063 1.74051 1.74139 1.74184 1.74213 1.74345 1.74325 1.74417
 1.74397 1.74446 1.74531 1.74632 1.74766 1.74905 1.74853 1.74893 1.74931
 1.74882 1.74871 1.74861 1.74824 1.7479  1.74803 1.748   1.74762 1.74664
 1.74498 1.74472 1.74514 1.7443  1.74303 1.74237 1.74218 1.74216 1.7429
 1.74169 1.74184 1.74188 1.74132 1.7415  1.74162 1.74198 1.74133 1.74061
 1.73904 1.73812 1.73702 1.73644 1.73673 1.73678 1.73494 1.73449 1.73489
 1.73517 1.73515 1.73572 1.73542 1.73473 1.73496 1.7334  1.73407 1.73357
 1.73319][1.8452  1.84537 1.84543 1.84575 1.84613 1.84704 1.84773 1.84815 1.84839
 1.84852 1.84908 1.84989 1.85074 1.85012 1.8506  1.85033 1.8495  1.85053
 1.8517  1.85212 1.85273 1.85369 1.85427 1.85334 1.85442 1.85522 1.85488
 1.85666 1.85671 1.85704 1.85731 1.85763 1.85887 1.85899 1.85767 1.85887
 1.85891 1.86034 1.86005 1.86134 1.86142 1.86086 1.8613  1.86123 1.86152
 1.86221 1.86334 1.86306 1.86282 1.86192 1.86183 1.86268 1.86269 1.8633
 1.86402 1.8643  1.86629 1.8687  1.86802 1.86824 1.86738 1.87089 1.87227
 1.8733  1.87545 1.87477 1.87572 1.87584 1.87647 1.87693 1.87647 1.87741
 1.87749 1.87693 1.87647 1.87463 1.87417 1.87415 1.87474 1.87392 1.87285
 1.87127 1.87047 1.87157 1.87256 1.8706  1.87189 1.87111 1.87131 1.87071
 1.87016 1.86971 1.87055 1.8701  1.8692  1.86838 1.86866 1.86867 1.86805
 1.86748][1.77673 1.77664 1.77709 1.77771 1.77719 1.77787 1.77821 1.77807 1.77771
 1.77755 1.77808 1.77864 1.77868 1.77845 1.77796 1.77812 1.77749 1.77706
 1.77658 1.7778  1.77861 1.77878 1.78097 1.78192 1.7818  1.78201 1.78145
 1.78235 1.78256 1.78311 1.78333 1.7835  1.78441 1.78441 1.7838  1.7854
 1.78677 1.78751 1.78769 1.789   1.78895 1.79057 1.79095 1.79209 1.79239
 1.79226 1.79294 1.79407 1.79495 1.79616 1.79747 1.7977  1.79991 1.79952
 1.8005  1.80044 1.7997  1.80136 1.80178 1.80248 1.80248 1.80281 1.80318
 1.80205 1.80378 1.80349 1.80273 1.80275 1.8039  1.80346 1.80319 1.8032
 1.80354 1.80547 1.80676 1.80897 1.80959 1.80887 1.80963 1.8107  1.81012
 1.80784 1.80598 1.80617 1.8055  1.80589 1.80588 1.80646 1.80638 1.80422
 1.80424 1.80356 1.80155 1.80091 1.79973 1.7982  1.79744 1.79605 1.79569
 1.79637][1.88139 1.88139 1.8814  1.88179 1.88292 1.8838  1.8841  1.88402 1.88385
 1.88427 1.88469 1.88424 1.88537 1.88511 1.88595 1.88464 1.88412 1.88424
 1.88426 1.88494 1.88523 1.88457 1.88581 1.88577 1.88567 1.88621 1.88747
 1.88805 1.88842 1.88888 1.88988 1.88961 1.89106 1.89233 1.89181 1.89111
 1.88983 1.89035 1.89015 1.88834 1.88919 1.88894 1.89062 1.88989 1.89026
 1.89076 1.893   1.89392 1.89616 1.89761 1.89858 1.89922 1.9005  1.90171
 1.90239 1.90344 1.90383 1.90421 1.90457 1.90503 1.90686 1.90592 1.90684
 1.90673 1.90668 1.90654 1.90675 1.90697 1.90728 1.9069  1.9081  1.90814
 1.90802 1.90839 1.9093  1.9107  1.91109 1.91287 1.91462 1.9154  1.91558
 1.91797 1.91938 1.92042 1.92122 1.92084 1.92119 1.92234 1.92096 1.92161
 1.92078 1.91949 1.91894 1.91933 1.91859 1.91808 1.91797 1.91657 1.91652
 1.9178 ]