0.0 0.0 1,1,1,1,1,1,1,1,1,1
0.0 0.1 36,95,69,37,44,96,49,18,100,94
0.0 0.2 50,46,23,62,44,35,53,51,50,42
0.0 0.3 50,51,46,48,51,47,46,52,50,33
0.0 0.4 51,51,49,63,47,51,55,50,50,50
0.0 0.5 48,51,50,50,49,50,50,50,47,52
0.0 0.6 53,50,51,51,49,50,50,48,50,49
0.0 0.7 50,49,50,52,50,51,51,50,50,50
0.0 0.8 51,50,50,50,50,50,50,49,51,50
0.0 0.9 51,50,48,50,50,50,52,51,50,50
0.0 1.0 50,50,50,52,50,50,49,50,50,50
0.0 1.1 50,49,50,50,50,51,50,50,50,50
0.0 1.2 50,50,50,50,50,50,50,50,50,50
0.0 1.3 50,50,50,50,50,50,50,50,50,50
0.0 1.4 50,50,50,50,50,50,50,50,50,50
0.0 1.5 50,50,50,50,50,50,50,50,50,50
0.0 1.6 50,50,50,50,50,50,50,50,50,50
0.0 1.7 50,50,50,50,50,50,50,50,50,50
0.0 1.8 50,50,50,50,50,50,50,50,50,50
0.0 1.9 50,50,50,50,50,50,50,50,50,50
0.0 2.0 50,50,50,50,50,50,50,50,50,50
0.1 0.0 1,58,99,75,88,68,16,51,96,47
0.1 0.1 1,1,1,1,1,1,1,1,1,1
0.1 0.2 51,5,23,38,51,1,14,47,33,65
0.1 0.3 51,58,35,43,35,8,53,50,35,40
0.1 0.4 50,48,49,57,49,57,49,55,52,49
0.1 0.5 50,52,57,45,44,49,47,27,48,50
0.1 0.6 50,49,54,50,50,50,51,50,49,50
0.1 0.7 50,50,50,51,51,50,50,54,38,50
0.1 0.8 50,51,49,50,50,50,50,50,50,50
0.1 0.9 51,50,50,50,50,50,51,50,50,50
0.1 1.0 50,50,50,49,50,50,51,50,50,50
0.1 1.1 50,50,50,50,50,50,50,50,50,50
0.1 1.2 50,50,50,50,50,51,50,50,50,50
0.1 1.3 50,50,50,50,50,51,50,50,50,50
0.1 1.4 50,50,50,50,50,50,50,50,50,50
0.1 1.5 50,50,50,50,50,50,50,50,50,50
0.1 1.6 50,50,50,50,50,50,50,50,50,50
0.1 1.7 50,50,50,50,50,50,50,50,50,50
0.1 1.8 50,50,50,50,50,50,50,50,50,50
0.1 1.9 50,50,50,50,50,50,50,50,50,50
0.1 2.0 50,50,50,50,50,50,50,50,50,50
0.2 0.0 48,83,48,50,50,44,46,50,73,55
0.2 0.1 8,42,30,58,10,54,61,35,56,46
0.2 0.2 1,1,1,1,1,1,1,1,1,1
0.2 0.3 15,45,52,50,51,46,51,83,41,69
0.2 0.4 19,70,56,49,38,41,49,52,4,53
0.2 0.5 50,57,48,50,53,50,44,50,49,60
0.2 0.6 50,53,51,50,51,49,51,50,44,46
0.2 0.7 50,50,50,48,52,50,49,44,51,50
0.2 0.8 51,49,44,49,50,48,53,51,50,50
0.2 0.9 50,50,50,47,51,50,50,50,53,52
0.2 1.0 50,50,50,50,51,49,50,50,53,50
0.2 1.1 50,49,48,50,49,49,48,50,51,50
0.2 1.2 50,50,50,50,50,50,50,51,50,50
0.2 1.3 50,50,50,50,50,50,50,50,50,50
0.2 1.4 50,50,50,50,50,51,50,50,50,50
0.2 1.5 50,50,50,50,50,50,50,50,50,50
0.2 1.6 50,50,50,50,50,50,50,51,50,50
0.2 1.7 50,50,50,50,50,50,50,50,50,50
0.2 1.8 50,50,50,50,50,50,50,50,50,50
0.2 1.9 50,50,50,50,50,50,50,50,50,50
0.2 2.0 50,50,50,50,50,50,50,50,50,50
0.3 0.0 50,55,50,43,46,64,42,52,52,51
0.3 0.1 61,59,41,50,37,50,50,48,54,90
0.3 0.2 49,57,52,43,26,62,49,40,74,44
0.3 0.3 1,1,1,1,1,1,1,1,1,1
0.3 0.4 61,89,88,32,39,71,98,97,56,35
0.3 0.5 51,62,58,44,47,73,58,31,48,57
0.3 0.6 50,45,45,52,42,51,47,50,52,51
0.3 0.7 52,46,50,47,55,47,52,51,48,55
0.3 0.8 50,50,50,50,50,52,44,51,51,43
0.3 0.9 50,47,48,50,50,50,49,50,49,49
0.3 1.0 50,50,51,50,49,49,51,49,50,50
0.3 1.1 50,50,50,50,50,50,50,50,50,49
0.3 1.2 50,50,50,50,49,51,50,50,50,50
0.3 1.3 50,50,49,50,49,50,50,50,49,50
0.3 1.4 49,50,50,50,50,50,50,50,50,50
0.3 1.5 50,50,51,50,50,50,50,50,50,50
0.3 1.6 50,50,50,50,50,50,50,50,50,50
0.3 1.7 50,50,50,50,50,50,50,50,50,50
0.3 1.8 50,50,50,50,50,50,50,50,50,50
0.3 1.9 50,50,50,50,50,50,50,50,49,50
0.3 2.0 50,50,50,50,50,50,50,50,50,50
0.4 0.0 48,50,50,48,49,49,51,53,52,50
0.4 0.1 49,50,51,46,49,49,51,49,50,49
0.4 0.2 46,37,59,50,50,57,64,56,50,43
0.4 0.3 52,53,45,72,28,45,39,34,55,31
0.4 0.4 1,1,1,1,1,1,1,1,1,1
0.4 0.5 57,55,30,33,38,35,53,7,16,31
0.4 0.6 48,43,55,52,49,50,59,64,60,50
0.4 0.7 58,57,51,47,56,50,50,41,57,48
0.4 0.8 49,50,48,49,49,49,50,52,51,52
0.4 0.9 50,50,50,51,50,49,48,50,50,50
0.4 1.0 49,50,50,47,50,50,51,50,51,49
0.4 1.1 51,50,50,51,50,50,50,50,50,51
0.4 1.2 50,50,50,50,50,50,50,50,50,50
0.4 1.3 52,50,50,50,50,50,50,50,51,50
0.4 1.4 50,50,50,49,50,50,50,49,50,50
0.4 1.5 50,50,50,50,50,50,49,50,50,50
0.4 1.6 50,50,50,50,50,50,50,49,50,50
0.4 1.7 50,50,50,50,50,49,50,50,50,50
0.4 1.8 50,50,50,50,50,50,50,50,50,50
0.4 1.9 50,50,50,50,50,50,50,50,50,50
0.4 2.0 50,50,50,50,50,50,50,50,50,50
0.5 0.0 48,50,50,64,50,51,51,52,51,50
0.5 0.1 50,50,50,52,50,45,49,50,51,56
0.5 0.2 49,48,56,51,50,67,50,57,48,53
0.5 0.3 44,53,51,85,50,32,42,48,63,49
0.5 0.4 45,50,86,16,67,50,42,55,53,69
0.5 0.5 1,1,1,1,1,1,1,1,1,1
0.5 0.6 47,55,76,35,38,51,79,75,59,59
0.5 0.7 57,34,61,72,49,48,65,50,64,40
0.5 0.8 51,50,49,46,50,50,47,53,50,46
0.5 0.9 50,50,48,49,53,50,59,52,48,43
0.5 1.0 48,50,49,42,50,50,52,49,50,50
0.5 1.1 50,47,50,50,50,50,50,50,50,50
0.5 1.2 50,50,49,50,49,50,50,50,50,50
0.5 1.3 50,50,49,50,50,50,50,50,50,50
0.5 1.4 50,50,50,50,50,50,50,50,50,50
0.5 1.5 50,50,50,50,50,50,50,50,50,50
0.5 1.6 50,50,50,50,50,50,50,50,50,50
0.5 1.7 50,50,50,50,50,50,50,50,50,50
0.5 1.8 50,50,50,50,50,50,50,49,50,50
0.5 1.9 50,50,50,50,50,50,50,50,50,50
0.5 2.0 50,50,50,50,50,50,50,50,50,50
0.6 0.0 47,51,50,43,50,49,50,50,50,51
0.6 0.1 48,50,50,51,48,53,50,50,46,61
0.6 0.2 51,50,51,50,48,43,50,50,50,50
0.6 0.3 39,48,50,54,52,51,54,44,50,52
0.6 0.4 50,48,56,59,47,40,54,56,63,50
0.6 0.5 77,47,47,65,27,8,78,49,32,50
0.6 0.6 1,1,1,1,1,1,1,1,1,1
0.6 0.7 52,53,21,8,51,96,68,40,48,47
0.6 0.8 51,50,42,50,70,49,42,44,53,52
0.6 0.9 51,41,50,52,43,55,50,48,54,51
0.6 1.0 50,53,51,50,52,50,50,47,50,50
0.6 1.1 51,51,52,50,50,50,52,50,48,50
0.6 1.2 50,51,50,51,51,50,50,49,50,46
0.6 1.3 50,50,50,50,50,50,50,50,50,50
0.6 1.4 50,50,50,50,50,50,50,50,50,50
0.6 1.5 50,50,51,50,50,50,50,50,50,50
0.6 1.6 50,50,50,50,51,50,50,50,50,50
0.6 1.7 50,50,50,50,50,50,50,50,50,50
0.6 1.8 50,50,50,50,50,50,50,50,50,50
0.6 1.9 50,50,50,49,50,50,50,50,50,50
0.6 2.0 50,50,50,50,50,50,50,50,50,50
0.7 0.0 50,50,49,50,50,50,49,50,50,50
0.7 0.1 50,50,50,50,50,51,50,50,49,52
0.7 0.2 49,49,48,50,50,49,50,50,50,48
0.7 0.3 50,49,50,51,50,50,50,50,54,50
0.7 0.4 49,54,53,48,54,54,46,51,48,51
0.7 0.5 51,53,51,53,52,47,54,50,48,67
0.7 0.6 44,52,14,48,54,96,51,38,50,50
0.7 0.7 1,1,1,1,1,1,1,1,1,1
0.7 0.8 42,70,60,52,68,44,38,59,60,2
0.7 0.9 66,50,43,85,50,50,48,50,47,65
0.7 1.0 50,49,52,54,52,48,47,49,48,50
0.7 1.1 48,50,50,50,50,50,50,50,53,50
0.7 1.2 50,50,49,50,50,49,50,45,50,52
0.7 1.3 50,50,51,50,47,47,50,51,51,50
0.7 1.4 49,50,50,50,49,50,50,52,50,50
0.7 1.5 50,50,50,50,50,50,50,50,50,50
0.7 1.6 50,50,51,50,50,50,50,51,50,50
0.7 1.7 50,50,50,50,50,50,50,50,50,50
0.7 1.8 50,50,50,50,50,50,50,50,50,51
0.7 1.9 50,50,50,50,50,50,50,50,50,50
0.7 2.0 50,50,50,50,50,50,50,50,50,50
0.8 0.0 50,50,51,50,50,49,50,50,50,50
0.8 0.1 51,50,50,49,51,51,50,50,50,50
0.8 0.2 50,50,50,50,50,50,51,52,50,49
0.8 0.3 49,50,50,50,50,51,50,47,51,50
0.8 0.4 50,50,50,50,50,52,50,49,50,51
0.8 0.5 50,52,50,50,50,49,53,47,52,52
0.8 0.6 54,51,51,39,46,45,46,49,50,48
0.8 0.7 48,38,47,42,51,59,53,38,49,20
0.8 0.8 
0.8 0.9 
0.8 1.0 
0.8 1.1 
0.8 1.2 
0.8 1.3 
0.8 1.4 
0.8 1.5 
0.8 1.6 
0.8 1.7 
0.8 1.8 
0.8 1.9 
0.8 2.0 
0.9 0.0 50,50,49,50,50,50,50,50,50,50
0.9 0.1 50,50,49,50,50,50,50,50,50,50
0.9 0.2 50,50,50,50,50,49,48,50,50,50
0.9 0.3 50,50,50,49,50,50,47,50,50,50
0.9 0.4 50,50,50,50,49,49,49,50,49,50
0.9 0.5 49,48,50,47,48,50,50,51,56,52
0.9 0.6 48,64,49,53,49,59,50,52,57,49
0.9 0.7 48,56,47,44,57,55,51,50,50,36
0.9 0.8 
0.9 0.9 
0.9 1.0 
0.9 1.1 
0.9 1.2 
0.9 1.3 
0.9 1.4 
0.9 1.5 
0.9 1.6 
0.9 1.7 
0.9 1.8 
0.9 1.9 
0.9 2.0 
1.0 0.0 50,50,50,50,50,50,50,50,50,50
1.0 0.1 50,50,50,50,51,50,50,50,50,50
1.0 0.2 50,50,50,50,50,50,49,50,50,50
1.0 0.3 50,50,50,50,50,50,51,50,50,50
1.0 0.4 50,50,50,50,50,49,50,50,50,50
1.0 0.5 50,50,50,49,47,50,51,50,50,50
1.0 0.6 50,49,50,50,50,50,50,50,51,50
1.0 0.7 47,48,48,46,55,54,49,50,49,58
1.0 0.8 
1.0 0.9 
1.0 1.0 
1.0 1.1 
1.0 1.2 
1.0 1.3 
1.0 1.4 
1.0 1.5 
1.0 1.6 
1.0 1.7 
1.0 1.8 
1.0 1.9 
1.0 2.0 
1.1 0.0 50,50,50,50,50,50,50,50,50,50
1.1 0.1 50,50,50,50,50,50,50,50,50,50
1.1 0.2 50,50,50,49,50,50,50,50,50,50
1.1 0.3 50,50,50,50,50,50,50,50,50,50
1.1 0.4 50,50,50,50,50,50,50,50,50,50
1.1 0.5 49,50,50,50,50,50,50,50,50,50
1.1 0.6 48,50,50,50,49,50,50,50,50,50
1.1 0.7 50,50,50,50,50,49,50,50,50,51
1.1 0.8 
1.1 0.9 
1.1 1.0 
1.1 1.1 
1.1 1.2 
1.1 1.3 
1.1 1.4 
1.1 1.5 
1.1 1.6 
1.1 1.7 
1.1 1.8 
1.1 1.9 
1.1 2.0 
1.2 0.0 50,50,50,50,50,50,50,50,50,50
1.2 0.1 50,50,50,50,50,50,50,50,50,50
1.2 0.2 50,50,50,50,50,50,50,50,50,50
1.2 0.3 50,50,50,50,50,50,50,50,50,50
1.2 0.4 50,50,50,50,50,50,50,50,50,50
1.2 0.5 50,50,50,50,50,50,50,50,50,50
1.2 0.6 50,50,50,50,50,50,50,50,50,50
1.2 0.7 50,50,50,50,51,50,50,50,50,50
1.2 0.8 
1.2 0.9 
1.2 1.0 
1.2 1.1 
1.2 1.2 
1.2 1.3 
1.2 1.4 
1.2 1.5 
1.2 1.6 
1.2 1.7 
1.2 1.8 
1.2 1.9 
1.2 2.0 
1.3 0.0 50,50,50,50,50,50,50,50,50,50
1.3 0.1 50,50,50,50,50,50,50,50,50,50
1.3 0.2 50,50,50,50,50,50,50,50,50,50
1.3 0.3 50,50,50,50,50,50,50,50,50,50
1.3 0.4 50,50,50,50,50,50,50,50,50,50
1.3 0.5 50,50,50,50,50,50,50,50,50,50
1.3 0.6 50,50,50,50,50,50,50,50,50,50
1.3 0.7 50,50,50,50,50,50,50,50,50,50
1.3 0.8 
1.3 0.9 
1.3 1.0 
1.3 1.1 
1.3 1.2 
1.3 1.3 
1.3 1.4 
1.3 1.5 
1.3 1.6 
1.3 1.7 
1.3 1.8 
1.3 1.9 
1.3 2.0 
1.4 0.0 50,50,50,50,50,50,50,50,50,50
1.4 0.1 50,50,50,50,50,50,50,50,50,50
1.4 0.2 50,50,50,50,50,50,50,50,50,50
1.4 0.3 50,50,50,50,50,50,50,50,50,50
1.4 0.4 50,50,50,50,50,50,50,50,50,50
1.4 0.5 50,50,50,50,50,50,50,50,50,50
1.4 0.6 50,50,50,50,50,50,50,50,50,50
1.4 0.7 50,50,50,50,50,50,50,50,50,50
1.4 0.8 
1.4 0.9 
1.4 1.0 
1.4 1.1 
1.4 1.2 
1.4 1.3 
1.4 1.4 
1.4 1.5 
1.4 1.6 
1.4 1.7 
1.4 1.8 
1.4 1.9 
1.4 2.0 
1.5 0.0 50,50,50,50,50,50,50,50,50,50
1.5 0.1 50,50,50,50,50,50,50,50,50,50
1.5 0.2 50,50,50,50,50,50,50,50,50,50
1.5 0.3 50,50,50,50,50,50,50,50,50,50
1.5 0.4 50,50,50,50,50,50,50,50,50,50
1.5 0.5 50,50,50,50,50,50,50,50,50,50
1.5 0.6 50,50,50,50,50,50,50,50,50,50
1.5 0.7 50,50,50,50,50,50,50,50,50,50
1.5 0.8 
1.5 0.9 
1.5 1.0 
1.5 1.1 
1.5 1.2 
1.5 1.3 
1.5 1.4 
1.5 1.5 
1.5 1.6 
1.5 1.7 
1.5 1.8 
1.5 1.9 
1.5 2.0 
1.6 0.0 50,50,50,50,50,50,50,50,50,50
1.6 0.1 50,50,50,50,50,50,50,50,50,50
1.6 0.2 50,50,50,50,50,50,50,50,50,50
1.6 0.3 50,50,50,50,50,50,50,50,50,50
1.6 0.4 50,50,50,50,50,50,50,50,50,50
1.6 0.5 50,50,50,50,50,50,50,50,50,50
1.6 0.6 50,50,50,50,50,50,50,44,50,50
1.6 0.7 50,50,50,50,50,50,50,50,50,50
1.6 0.8 
1.6 0.9 
1.6 1.0 
1.6 1.1 
1.6 1.2 
1.6 1.3 
1.6 1.4 
1.6 1.5 
1.6 1.6 
1.6 1.7 
1.6 1.8 
1.6 1.9 
1.6 2.0 
1.7 0.0 50,50,50,50,50,50,50,50,50,50
1.7 0.1 50,50,50,50,50,50,50,50,50,50
1.7 0.2 50,50,50,50,50,50,50,50,50,50
1.7 0.3 50,50,50,50,50,50,50,50,50,50
1.7 0.4 50,50,50,50,50,50,50,50,50,50
1.7 0.5 50,50,50,50,50,50,50,50,50,50
1.7 0.6 50,50,50,26,50,50,50,50,1,50
1.7 0.7 50,50,50,50,50,49,50,50,50,50
1.7 0.8 
1.7 0.9 
1.7 1.0 
1.7 1.1 
1.7 1.2 
1.7 1.3 
1.7 1.4 
1.7 1.5 
1.7 1.6 
1.7 1.7 
1.7 1.8 
1.7 1.9 
1.7 2.0 
1.8 0.0 50,50,50,50,50,50,50,50,50,50
1.8 0.1 50,50,50,50,50,48,50,50,50,50
1.8 0.2 50,1,50,50,50,50,50,50,50,50
1.8 0.3 50,50,50,50,50,50,50,44,50,50
1.8 0.4 50,50,50,50,50,1,49,50,50,50
1.8 0.5 50,50,50,50,50,50,50,50,50,50
1.8 0.6 50,50,50,50,1,50,50,50,50,50
1.8 0.7 1,50,1,50,5,50,50,50,48,1
1.8 0.8 
1.8 0.9 
1.8 1.0 
1.8 1.1 
1.8 1.2 
1.8 1.3 
1.8 1.4 
1.8 1.5 
1.8 1.6 
1.8 1.7 
1.8 1.8 
1.8 1.9 
1.8 2.0 
1.9 0.0 50,50,50,50,50,50,50,50,50,50
1.9 0.1 50,50,50,50,50,50,50,50,50,50
1.9 0.2 50,50,50,50,1,49,50,50,50,50
1.9 0.3 50,50,50,50,50,50,1,50,50,50
1.9 0.4 50,50,50,50,1,50,1,50,50,50
1.9 0.5 49,50,50,50,1,1,50,50,50,49
1.9 0.6 26,50,50,50,50,13,1,50,50,50
1.9 0.7 50,50,50,1,50,50,1,50,50,1
1.9 0.8 
1.9 0.9 
1.9 1.0 
1.9 1.1 
1.9 1.2 
1.9 1.3 
1.9 1.4 
1.9 1.5 
1.9 1.6 
1.9 1.7 
1.9 1.8 
1.9 1.9 
1.9 2.0 
2.0 0.0 49,50,50,50,50,50,50,50,50,50
2.0 0.1 50,50,50,1,50,50,50,50,50,50
2.0 0.2 49,1,1,50,50,50,50,50,50,50
2.0 0.3 50,50,50,50,50,50,50,50,50,50
2.0 0.4 50,50,1,46,50,50,50,1,50,50
2.0 0.5 50,50,50,43,2,50,2,1,50,50
2.0 0.6 1,1,1,50,1,1,50,1,50,50
2.0 0.7 50,1,1,1,50,50,50,50,1,1
2.0 0.8 
2.0 0.9 
2.0 1.0 
2.0 1.1 
2.0 1.2 
2.0 1.3 
2.0 1.4 
2.0 1.5 
2.0 1.6 
2.0 1.7 
2.0 1.8 
2.0 1.9 
2.0 2.0 
