0.8 0.8 1,1,1,1,1,1,1,1,1,1
0.8 0.9 53,61,94,22,43,23,68,50,18,45
0.8 1.0 47,53,56,59,47,50,49,47,50,39
0.8 1.1 53,45,50,50,50,50,49,52,49,50
0.8 1.2 49,50,51,50,49,50,50,50,50,50
0.8 1.3 50,49,50,50,50,50,50,50,51,51
0.8 1.4 48,50,50,50,50,50,49,50,50,50
0.8 1.5 50,50,50,50,50,50,51,50,50,50
0.8 1.6 50,50,50,50,50,50,50,50,50,50
0.8 1.7 50,50,50,50,50,50,50,50,50,50
0.8 1.8 50,50,50,50,50,50,50,50,50,50
0.8 1.9 50,50,50,50,50,50,50,50,50,50
0.8 2.0 50,50,50,50,50,50,50,50,50,50
0.9 0.8 51,73,59,75,49,58,58,52,64,41
0.9 0.9 1,1,1,1,1,1,1,1,1,1
0.9 1.0 76,60,80,47,48,6,50,45,44,50
0.9 1.1 49,53,50,44,50,46,49,48,50,52
0.9 1.2 50,50,51,53,49,50,51,50,49,50
0.9 1.3 49,49,52,50,50,50,50,50,50,50
0.9 1.4 50,50,50,52,50,48,50,50,50,50
0.9 1.5 51,51,50,50,50,50,50,50,50,50
0.9 1.6 50,50,50,50,50,50,51,50,51,50
0.9 1.7 50,50,50,50,50,50,50,50,50,50
0.9 1.8 50,50,50,50,50,50,50,50,50,50
0.9 1.9 50,50,50,50,50,50,50,50,50,50
0.9 2.0 50,50,50,50,50,50,50,50,50,50
1.0 0.8 50,49,54,50,47,53,50,46,50,50
1.0 0.9 54,52,81,53,37,39,40,50,50,62
1.0 1.0 1,1,1,1,1,1,1,1,1,1
1.0 1.1 47,49,54,23,52,46,25,42,47,49
1.0 1.2 46,47,50,52,52,49,57,49,50,48
1.0 1.3 50,50,51,50,50,48,49,50,50,51
1.0 1.4 50,51,50,50,50,50,50,50,50,50
1.0 1.5 50,49,50,50,50,50,50,50,50,50
1.0 1.6 50,50,50,50,50,50,50,50,50,50
1.0 1.7 50,50,50,50,49,50,50,50,50,49
1.0 1.8 50,50,50,50,51,49,50,50,50,50
1.0 1.9 50,50,50,50,50,50,50,50,50,50
1.0 2.0 50,50,50,50,50,50,50,50,50,50
1.1 0.8 50,52,50,52,50,51,50,48,50,50
1.1 0.9 40,37,50,52,43,51,45,49,50,49
1.1 1.0 55,51,67,44,52,39,54,9,50,71
1.1 1.1 1,1,1,1,1,1,1,1,1,1
1.1 1.2 50,42,49,47,49,51,71,55,56,53
1.1 1.3 50,52,50,49,47,50,52,58,50,50
1.1 1.4 50,49,50,50,51,49,50,50,50,50
1.1 1.5 50,50,50,50,50,50,46,50,50,50
1.1 1.6 50,50,50,50,50,50,50,50,50,51
1.1 1.7 50,50,50,50,50,50,50,50,50,50
1.1 1.8 50,50,50,50,50,50,50,50,50,50
1.1 1.9 50,50,50,50,50,50,50,50,50,50
1.1 2.0 50,50,50,50,50,50,50,50,50,50
1.2 0.8 50,50,50,50,50,50,50,49,50,50
1.2 0.9 49,50,50,49,50,55,50,50,53,50
1.2 1.0 41,49,51,51,50,50,49,50,52,50
1.2 1.1 57,51,50,48,50,50,6,38,68,48
1.2 1.2 1,1,1,1,1,1,1,1,1,1
1.2 1.3 55,50,51,50,54,32,44,53,66,35
1.2 1.4 53,49,50,50,50,58,51,49,54,50
1.2 1.5 50,50,50,52,50,50,48,50,50,49
1.2 1.6 51,50,50,50,51,50,50,50,49,50
1.2 1.7 50,50,50,50,50,50,50,50,50,50
1.2 1.8 50,50,50,50,50,50,50,50,49,50
1.2 1.9 50,50,50,50,50,50,50,50,50,50
1.2 2.0 50,50,50,50,50,50,50,50,50,50
1.3 0.8 50,50,50,50,50,50,50,50,50,50
1.3 0.9 50,50,50,50,50,50,50,50,50,50
1.3 1.0 50,50,50,50,49,51,51,49,50,50
1.3 1.1 50,50,51,46,50,46,50,50,50,50
1.3 1.2 53,50,36,47,41,46,47,35,48,42
1.3 1.3 1,1,1,1,1,1,1,1,1,1
1.3 1.4 50,50,49,59,49,50,46,30,49,50
1.3 1.5 50,50,50,50,47,55,47,52,49,54
1.3 1.6 50,50,50,50,50,50,50,50,50,50
1.3 1.7 50,50,50,51,50,50,50,50,50,50
1.3 1.8 50,50,51,50,50,50,50,50,50,50
1.3 1.9 50,50,50,50,50,50,50,50,50,50
1.3 2.0 50,50,50,50,50,50,50,50,50,50
1.4 0.8 50,50,50,50,50,50,50,50,50,50
1.4 0.9 50,50,50,50,50,50,50,50,50,50
1.4 1.0 49,50,50,50,50,50,51,50,50,51
1.4 1.1 49,50,50,50,50,49,50,50,50,50
1.4 1.2 50,49,50,52,50,50,49,50,49,50
1.4 1.3 51,51,45,50,38,51,50,47,53,50
1.4 1.4 1,1,1,1,1,1,1,1,1,1
1.4 1.5 51,51,50,53,53,52,47,49,48,50
1.4 1.6 51,48,50,52,50,53,52,50,49,50
1.4 1.7 50,50,50,50,50,50,48,50,50,50
1.4 1.8 50,50,49,50,50,50,49,50,50,50
1.4 1.9 50,50,50,50,50,50,50,50,50,50
1.4 2.0 50,50,50,50,50,50,50,50,50,50
1.5 0.8 50,50,50,50,50,50,50,50,50,50
1.5 0.9 50,50,50,50,50,50,50,50,50,50
1.5 1.0 50,50,50,50,50,50,50,50,50,50
1.5 1.1 51,50,50,50,50,50,50,50,50,50
1.5 1.2 50,50,50,50,50,51,50,50,50,50
1.5 1.3 50,53,51,50,49,50,50,49,50,48
1.5 1.4 56,48,50,50,52,51,50,52,50,60
1.5 1.5 1,1,1,1,1,1,1,1,1,1
1.5 1.6 50,53,51,52,44,48,49,51,51,57
1.5 1.7 50,50,57,49,49,49,49,49,48,50
1.5 1.8 50,50,50,50,51,50,50,50,50,50
1.5 1.9 50,50,50,50,50,50,50,50,50,50
1.5 2.0 50,50,50,50,50,50,50,51,50,50
1.6 0.8 50,50,50,50,50,50,50,50,50,50
1.6 0.9 50,50,50,50,50,50,50,50,50,50
1.6 1.0 50,50,50,50,50,50,50,50,50,50
1.6 1.1 50,50,50,50,50,50,50,50,50,50
1.6 1.2 50,51,50,50,50,50,53,50,50,50
1.6 1.3 50,50,50,50,50,50,50,50,50,50
1.6 1.4 50,50,48,52,50,50,49,49,49,50
1.6 1.5 50,50,45,46,50,43,52,50,44,41
1.6 1.6 1,1,1,1,1,1,1,1,1,1
1.6 1.7 53,50,53,51,41,48,48,61,44,51
1.6 1.8 49,55,54,51,49,49,50,50,50,51
1.6 1.9 49,50,49,50,50,51,51,50,50,51
1.6 2.0 50,50,49,50,50,50,50,51,50,50
1.7 0.8 50,50,50,50,50,50,50,50,50,50
1.7 0.9 50,50,50,50,50,50,50,50,50,50
1.7 1.0 50,50,50,50,50,50,50,50,50,50
1.7 1.1 50,50,50,50,50,50,50,50,50,50
1.7 1.2 50,50,50,50,50,50,50,50,50,50
1.7 1.3 50,50,50,50,50,50,50,50,50,50
1.7 1.4 50,50,50,50,50,50,49,50,50,50
1.7 1.5 52,50,49,50,49,50,46,50,50,50
1.7 1.6 49,50,54,49,80,49,49,40,50,46
1.7 1.7 1,1,1,1,1,1,1,1,1,1
1.7 1.8 46,41,50,46,40,49,54,50,47,58
1.7 1.9 48,54,54,50,50,49,54,50,47,50
1.7 2.0 50,50,50,48,50,50,55,50,50,50
1.8 0.8 50,50,50,50,50,50,50,50,50,50
1.8 0.9 50,50,50,50,50,50,50,50,50,50
1.8 1.0 50,50,50,50,50,50,50,50,50,50
1.8 1.1 50,50,50,50,50,50,50,50,50,50
1.8 1.2 50,50,50,50,50,50,50,50,50,50
1.8 1.3 50,50,50,50,50,50,49,50,50,50
1.8 1.4 50,49,50,50,50,50,50,50,50,50
1.8 1.5 50,50,50,50,50,50,50,50,54,50
1.8 1.6 50,50,52,50,48,42,47,46,51,50
1.8 1.7 54,62,43,73,50,54,49,55,52,50
1.8 1.8 1,1,1,1,1,1,1,1,1,1
1.8 1.9 50,78,63,48,49,49,49,61,42,53
1.8 2.0 53,49,50,55,50,49,52,47,50,52
1.9 0.8 50,50,50,50,50,50,50,50,50,50
1.9 0.9 50,50,50,50,50,50,50,50,50,50
1.9 1.0 50,50,50,50,50,50,50,50,50,50
1.9 1.1 50,50,50,50,50,50,50,50,50,50
1.9 1.2 50,50,50,50,50,50,50,50,50,50
1.9 1.3 50,50,50,50,50,50,50,50,50,50
1.9 1.4 50,50,50,50,50,51,50,50,50,50
1.9 1.5 50,51,50,50,50,50,50,50,50,50
1.9 1.6 50,50,49,49,49,50,50,51,50,52
1.9 1.7 51,51,52,47,51,49,50,48,51,53
1.9 1.8 74,70,50,49,49,46,54,49,50,49
1.9 1.9 1,1,1,1,1,1,1,1,1,1
1.9 2.0 52,79,44,54,42,44,25,51,43,100
2.0 0.8 50,50,50,50,50,50,50,50,50,50
2.0 0.9 50,50,50,50,50,50,50,50,50,50
2.0 1.0 50,50,50,50,50,50,50,50,50,50
2.0 1.1 50,50,50,50,50,50,50,50,50,50
2.0 1.2 50,50,50,50,50,50,50,50,50,50
2.0 1.3 50,50,50,50,50,50,50,50,50,50
2.0 1.4 50,50,50,50,50,50,50,50,50,49
2.0 1.5 50,51,50,50,50,51,50,50,50,50
2.0 1.6 50,50,50,50,50,50,50,50,50,52
2.0 1.7 51,46,48,48,50,55,52,52,50,54
2.0 1.8 54,48,50,50,43,48,50,51,50,52
2.0 1.9 53,12,49,74,47,42,55,48,44,54
2.0 2.0 1,1,1,1,1,1,1,1,1,1