1470836137 0 0 0.000000 0 0 0 0 0 0 0.000000 0.000000 0.000000 0.000000 0.000000 0.000000 0.000000 0 0 
1471440937 78 192 2.461538 27 23 22 26 12 14 20.333333 19.102564 0.190516 -0.615117 0.371339 -0.652872 0.033000 46 31 
1472045737 590 2694 4.566102 179 104 130 188 82 89 156.806780 108.128814 3.382151 2.313630 4.083418 2.723946 0.041510 2152 1240 
1472650537 1580 10299 6.518354 450 182 343 470 157 210 421.839873 267.486709 6.378902 4.046447 7.657748 5.591218 0.043292 13055 6084 
1473255337 2535 18916 7.461933 700 246 529 738 257 315 660.474951 383.143984 8.171983 4.928399 11.193564 7.642771 0.039074 28019 11529 
1473860137 3563 26730 7.502105 890 279 774 1051 334 452 798.963233 444.952007 9.378497 5.909464 13.658225 9.899795 0.038247 45062 17439 
1474464937 4182 32948 7.878527 985 302 909 1238 387 537 932.426590 509.057867 10.440299 6.439409 15.406943 11.141001 0.037775 61597 22843 
1475069737 5073 40858 8.054011 1111 334 1085 1525 486 629 1069.466588 553.727972 11.268793 7.058313 17.334533 12.738776 0.035361 79997 29085 
1475674537 5607 47214 8.420546 1208 352 1202 1684 526 684 1213.361869 625.039415 12.200084 7.528018 19.026620 14.056278 0.034948 101994 35878 
1476279337 6962 58828 8.449871 1421 388 1474 2126 661 878 1441.311979 678.679402 12.764819 7.876977 21.029840 15.673971 0.034296 135475 44971 
1476884137 8238 70813 8.595897 1613 397 1732 2568 778 1053 1621.395363 736.546613 13.904418 8.374270 23.085457 16.930313 0.034426 171397 54706 
1477488937 9057 82847 9.147289 1811 511 1868 2788 853 1126 1865.207353 844.867064 14.808434 8.855727 24.677783 18.153378 0.034427 212056 66201 
1478093737 9833 95353 9.697244 1961 586 2034 3018 891 1247 2108.964812 974.214685 15.775579 9.349266 26.524389 19.727884 0.035063 271125 81486 
1478698537 11037 108537 9.833922 2242 680 2255 3393 1013 1408 2310.438616 1047.551237 16.392961 9.711007 28.617353 21.442602 0.036241 333309 96948 
1479303337 12049 121418 10.077019 2548 802 2481 3737 1079 1524 2545.538717 1143.325587 17.177574 10.191960 30.716999 23.293000 0.036385 402953 114937 
1479908137 17725 154108 8.694386 4024 1178 3618 5796 1469 2402 2995.952948 996.834189 15.492294 9.580567 31.589240 24.682897 0.034110 478736 129763 
1480512937 20899 185121 8.857888 4548 1521 4228 6705 1805 2758 3440.885640 1048.338724 15.392445 9.025414 33.548947 24.630304 0.032436 547410 141650 
1481117737 23226 212332 9.141996 4981 1772 4661 7387 1988 3084 3924.165246 1136.969172 15.599152 8.673095 35.959562 24.922316 0.031778 621215 153686 
1481722537 25682 240780 9.375438 5422 1940 5085 8160 2184 3351 4518.598941 1201.022895 15.488370 8.354185 37.702485 25.396676 0.031635 700403 166607 
1482327337 26710 264307 9.895432 5751 2034 5233 8416 2258 3461 5080.586185 1323.981468 15.815138 8.236634 39.994416 25.909204 0.031893 788256 179920 
1482932137 27205 281140 10.334130 5835 2065 5307 8501 2311 3474 5426.059033 1428.245323 16.441441 8.320089 42.369809 26.686898 0.031758 860879 191595 
1483536937 27840 300111 10.779849 6109 2106 5418 8635 2354 3539 5874.965841 1547.625898 16.913041 8.323585 44.546387 27.435700 0.032147 948238 205576 
1484141737 28828 321814 11.163244 6305 2202 5600 8873 2469 3689 6299.872277 1681.016720 17.721281 8.421076 47.564844 28.469516 0.032244 1059610 221933 
1484746537 29317 340759 11.623256 6489 2283 5725 8943 2498 3729 6707.316267 1838.141181 18.403937 8.496634 49.974262 29.317063 0.032553 1172799 238458 
1485351337 29739 361274 12.148156 6657 2310 5783 9012 2534 3747 7173.379804 2019.314167 19.372589 8.770066 52.928956 30.568370 0.032830 1324536 261000 
1485956137 30166 379588 12.583306 6866 2315 5838 9100 2552 3804 7693.203806 2172.990453 20.078145 8.938266 55.392048 31.722081 0.033323 1478792 282517 
1486560937 30908 398290 12.886308 7113 2445 5995 9303 2621 3891 8192.561667 2320.690824 20.704523 9.053250 57.383442 32.692379 0.033432 1637126 302853 
1487165737 31718 415037 13.085220 7266 2523 6129 9553 2683 3999 8576.124503 2432.371303 21.351323 9.243332 59.779183 33.946896 0.034055 1780407 322755 
1487770537 32232 430902 13.368764 7316 2591 6218 9705 2721 4032 8936.025254 2559.224311 22.043489 9.449788 61.673295 34.900363 0.034219 1922456 343476 
1488375337 32958 448356 13.603859 7375 2679 6361 9902 2756 4116 9296.277505 2683.983009 22.803125 9.678655 63.684843 35.863426 0.034575 2078859 366011 
1488980137 33506 463445 13.831702 7445 2708 6440 10092 2815 4146 9616.814929 2790.831165 23.459544 9.886288 65.298286 36.769224 0.034735 2221161 385901 
1489584937 33877 476583 14.068040 7535 2758 6495 10187 2850 4191 9935.691679 2901.980547 24.059612 10.104705 67.014162 37.754909 0.035008 2365279 405522 
1490189737 34167 489221 14.318524 7633 2770 6541 10251 2874 4213 10238.081102 3013.795270 24.654206 10.363355 68.383450 38.621344 0.035128 2505009 428486 
1490794537 34498 501195 14.528234 7695 2802 6578 10364 2886 4255 10523.465853 3115.464114 25.225273 10.606030 69.722746 39.494908 0.035241 2647765 449859 
1491399337 34747 510392 14.688808 7722 2813 6608 10433 2894 4315 10713.309005 3197.351253 25.705206 10.811378 70.909344 40.180757 0.035457 2754883 466807 
1492004137 35030 519180 14.821011 7751 2820 6665 10525 2913 4339 10902.313503 3269.966714 26.244361 11.039656 72.116010 40.991037 0.035745 2866222 485341 
1492608937 35337 528348 14.951694 7819 2826 6726 10653 2938 4362 11087.693353 3349.777287 26.745021 11.314068 73.049816 41.887433 0.035762 2981526 506775 
1493213737 36453 542335 14.877651 7969 2842 6937 11089 2993 4544 11221.389762 3383.927386 27.379780 11.660645 74.262454 42.926586 0.036169 3117282 531016 
1493818537 36712 551866 15.032306 8004 2860 6981 11157 3014 4565 11436.286718 3463.256483 27.950889 11.941624 75.504193 43.862221 0.036323 3235290 552331 
1494423337 37091 563038 15.179909 8135 2875 7037 11290 3040 4586 11651.175595 3556.256882 28.417511 12.219538 76.382374 44.735889 0.036471 3371346 577474 
1495028137 37565 575161 15.311087 8214 2888 7119 11428 3082 4635 11832.026434 3647.506695 29.020818 12.529383 77.426162 45.607495 0.036495 3513257 604726 
1495632937 38777 591195 15.246022 8423 2911 7381 11791 3210 4815 11919.227351 3690.237589 29.583618 12.904474 78.453748 46.699385 0.036472 3676653 636121 
1496237737 39525 605678 15.323922 8535 2931 7528 12043 3276 4904 12081.909880 3770.241164 30.172540 13.248926 79.412695 47.654314 0.036518 3844281 667847 
1496842537 41157 631488 15.343392 8743 2943 7842 12430 3453 5126 12094.037418 3805.862040 30.775607 13.635257 80.620604 48.922201 0.036732 4059614 708624 
1497447337 41853 649558 15.519987 8821 2954 7946 12610 3494 5157 12241.418441 3900.068239 31.388600 13.923457 81.677163 49.812527 0.036929 4245525 744899 
1498052137 42434 665368 15.680068 8901 2969 8053 12778 3556 5192 12395.975821 4010.433237 31.915005 14.194304 82.712787 50.690144 0.037036 4432698 780026 
1498656937 42880 678971 15.834212 8961 2980 8128 12909 3591 5214 12533.194380 4107.314389 32.441167 14.473350 83.717847 51.470190 0.037119 4598738 813306 
1499261737 43323 691467 15.960737 9038 2993 8203 13018 3631 5282 12656.132055 4193.179073 32.898969 14.692709 84.721345 52.095753 0.037135 4753297 842584 
1499866537 43798 704010 16.074022 9060 2996 8318 13145 3649 5354 12767.711083 4278.317686 33.454942 14.986577 85.935143 53.043814 0.037310 4917048 873408 
1500471337 44183 715399 16.191725 9088 3011 8401 13287 3688 5377 12882.561189 4366.038273 33.953698 15.221999 86.956345 53.698966 0.037251 5075915 903859 
1501076137 44548 725567 16.287308 9122 3015 8484 13371 3721 5440 12988.836962 4444.335705 34.389049 15.450878 87.766889 54.394649 0.037258 5217761 932398 
1501680937 44943 736989 16.398305 9160 3020 8558 13465 3759 5491 13122.232806 4528.988385 34.867684 15.710907 88.543261 55.045013 0.037326 5373955 964420 
1502285737 45644 748947 16.408444 9213 3028 8713 13708 3815 5594 13197.314455 4584.025743 35.335741 15.980223 89.293907 55.703712 0.037307 5537959 995475 
1502890537 46738 764786 16.363259 9342 3035 8945 14137 3927 5703 13263.197783 4634.314434 35.846267 16.315702 90.113854 56.554284 0.037311 5737654 1034930 
1503495337 50541 795303 15.735799 9765 3046 9816 15494 4274 6253 13002.087157 4490.571674 36.406077 16.763847 91.253504 57.802632 0.036557 5970450 1080579 
1504100137 52620 821831 15.618225 9946 3056 10240 16200 4437 6513 13090.340384 4496.427233 37.046180 17.097405 92.580655 58.786256 0.036286 6217334 1124198 
1504704937 55095 850617 15.439096 10567 3069 10705 17061 4621 6861 13248.126926 4490.230130 37.268182 17.385582 93.131077 59.804824 0.036592 6465240 1171908 
1505309737 56825 880031 15.486687 10889 3086 10996 17635 4740 7026 13478.948438 4554.689151 37.748995 17.723048 94.065058 60.675741 0.036560 6730104 1224697 
1505914537 58007 903931 15.583137 11126 3095 11251 18041 4832 7163 13700.850673 4642.470064 38.215718 18.040250 94.799995 61.533988 0.036562 6977808 1274963 
1506519337 58816 927377 15.767427 11264 3110 11362 18261 4910 7295 13950.162660 4776.821834 38.851768 18.414007 95.872621 62.455858 0.036629 7262949 1336713 
1507124137 59411 949977 15.989918 11340 3123 11457 18401 4962 7397 14217.725623 4925.739863 39.589849 18.817836 97.043265 63.423168 0.036600 7561389 1398943 
1507728937 59860 969713 16.199683 11426 3130 11533 18511 5007 7438 14475.826946 5070.422102 40.288043 19.238013 98.275655 64.549068 0.036680 7844301 1461000 
1508333737 60356 988254 16.373749 11491 3137 11639 18664 5041 7479 14690.516701 5199.037809 40.970425 19.608235 99.412606 65.490032 0.036666 8132106 1521713 
1508938537 60794 1005938 16.546666 11558 3153 11726 18795 5076 7519 14904.018225 5328.581867 41.614456 19.985601 100.439251 66.445100 0.036679 8415306 1585261 
1509543337 61437 1023571 16.660498 11679 3160 11850 19036 5128 7582 15074.680616 5436.289321 42.197604 20.383327 101.509855 67.500957 0.036734 8700716 1649563 
1510148137 62317 1044942 16.768169 11822 3168 12047 19334 5206 7707 15271.092864 5549.729640 42.881018 20.841194 102.689454 68.693129 0.036756 9036698 1725146 
1510752937 62913 1064513 16.920398 11882 3173 12116 19550 5254 7786 15466.548138 5676.926025 43.605126 21.284148 103.808711 69.710323 0.036864 9361812 1799583 
1511357737 65321 1094930 16.762297 12026 3194 12669 20383 5510 8065 15359.245694 5696.466343 44.426882 21.842369 105.265945 71.025928 0.036134 9711134 1877197 
1511962537 66959 1125127 16.803223 12253 3206 12961 20863 5645 8285 15462.235024 5777.601592 45.106706 22.308851 106.600617 72.081407 0.035824 10046762 1952242 
1512567337 68174 1157784 16.982779 12457 3215 13220 21176 5770 8440 15735.277261 5924.643911 45.874329 22.770254 108.105679 73.193817 0.035679 10460744 2039617 
1513172137 69235 1187341 17.149433 12649 3221 13376 21500 5845 8547 15996.231343 6066.050220 46.720220 23.318348 109.959670 74.656500 0.035571 10878917 2135193 
1513776937 73254 1227595 16.758061 12956 3229 14267 23000 6222 9082 15740.093770 5976.520149 47.538327 23.865247 111.795045 76.011556 0.034641 11264228 2220253 
1514381737 75798 1265253 16.692433 13212 3239 14767 23819 6422 9386 15765.988298 6009.457255 48.188539 24.265467 113.322080 77.078495 0.034238 11598959 2296497 
1514986537 77125 1296815 16.814457 13384 3245 14958 24235 6526 9566 15961.642178 6105.940966 48.854584 24.593164 115.035896 77.988936 0.034125 11944209 2369370 
1515591337 78420 1328662 16.942897 13522 3265 15195 24589 6637 9734 16164.444606 6217.107243 49.546346 24.925665 116.953749 79.024584 0.034068 12341673 2450724 
1516196137 80823 1371583 16.970207 13785 3289 15592 25316 6845 10073 16301.724571 6309.011853 50.304310 25.335672 118.897956 80.209442 0.033952 12800427 2544358 
1516800937 82113 1408503 17.153228 13927 3310 15778 25726 6955 10183 16565.386955 6464.071085 51.173624 25.788669 121.014647 81.471176 0.033875 13262870 2642619 
1517405737 83193 1443227 17.347938 14159 3341 15952 26040 7035 10284 16875.891758 6625.248434 51.984889 26.217719 122.983031 82.623768 0.033939 13743442 2747978 
1518010537 84131 1477391 17.560602 14253 3362 16095 26294 7095 10396 17176.424707 6804.763654 52.861314 26.628995 125.080683 83.756605 0.034004 14268992 2855983 
1518615337 84945 1507446 17.746142 14392 3377 16192 26529 7168 10503 17465.148720 6962.577150 53.604630 26.961193 126.974961 84.672244 0.034053 14739878 2950590 
1519220137 86000 1540955 17.918081 14526 3396 16353 26851 7253 10627 17742.113314 7119.012105 54.445463 27.350009 128.840799 85.728185 0.034098 15264395 3057191 
1519824937 87884 1580467 17.983558 14732 3432 16719 27431 7428 10857 17987.158243 7229.675356 55.233364 27.765523 130.676555 86.854607 0.034047 15797709 3165449 
1520429737 92315 1632133 17.680041 15155 3454 17591 29097 7845 11423 17902.580458 7171.645897 56.037370 28.241539 132.721903 88.172120 0.033390 16315479 3271215 
1521034537 93847 1675141 17.849702 15367 3487 17825 29545 7948 11588 18227.657624 7318.236246 56.831462 28.596021 134.695177 89.050864 0.033297 16864155 3378149 
1521639337 95539 1717830 17.980406 15574 3502 18116 30059 8107 11840 18488.118507 7468.517359 57.750072 29.030714 136.682682 90.061379 0.033232 17445646 3500532 
1522244137 97405 1762275 18.092244 15826 3529 18472 30692 8244 12049 18770.166552 7608.272173 58.720056 29.477282 138.940432 91.300547 0.033095 18076223 3623862 
1522848937 98942 1803367 18.226506 15973 3540 18781 31225 8353 12198 19034.440066 7755.861869 59.649592 29.878665 140.939778 92.305499 0.032992 18681779 3746312 
1523453737 100964 1847504 18.298641 16166 3557 19149 31923 8527 12434 19242.241809 7878.172002 60.549356 30.329716 142.775513 93.342608 0.032907 19305902 3874140 
1524058537 102377 1889104 18.452426 16331 3569 19401 32372 8626 12599 19539.370542 8043.102943 61.493994 30.797481 144.720635 94.441881 0.032908 19961544 4013495 
1524663337 103252 1926782 18.660965 16457 3591 19561 32589 8660 12683 19885.190447 8223.588347 62.382664 31.236900 146.535557 95.422914 0.033003 20581550 4144678 
1525268137 103995 1962172 18.867946 16589 3609 19676 32807 8729 12782 20227.895457 8410.660859 63.231775 31.662931 148.203847 96.375751 0.033061 21206143 4277498 
1525872937 104104 1967928 18.903481 16639 3614 19692 32839 8735 12804 20300.080535 8443.168774 63.356874 31.726617 148.421902 96.541436 0.033109 21315306 4300787 
