514912927 783 807 2.0613026819923372 0.0026359369334940375 368 0.009303705684657661 197.33588761174968 -0.3979518970638509
515342254 785 808 2.0585987261146497 0.0026257636812686857 368 0.009280001975906942 196.83566878980892 -0.3972610061954274
515342254 785 808 2.0585987261146497 0.0026257636812686857 368 0.009280001975906942 196.83566878980892 -0.3972610061954274
515342254 785 808 2.0585987261146497 0.0026257636812686857 368 0.009280001975906942 196.83566878980892 -0.3972610061954274
515342254 785 808 2.0585987261146497 0.0026257636812686857 368 0.009280001975906942 196.83566878980892 -0.3972610061954274
515342254 785 808 2.0585987261146497 0.0026257636812686857 368 0.009280001975906942 196.83566878980892 -0.3972610061954274
515342254 785 808 2.0585987261146497 0.0026257636812686857 368 0.009280001975906942 196.83566878980892 -0.3972610061954274
515342254 785 808 2.0585987261146497 0.0026257636812686857 368 0.009280001975906942 196.83566878980892 -0.3972610061954274
515342254 785 808 2.0585987261146497 0.0026257636812686857 368 0.009280001975906942 196.83566878980892 -0.3972610061954274
515342254 785 808 2.0585987261146497 0.0026257636812686857 368 0.009280001975906942 196.83566878980892 -0.3972610061954274
515342254 785 808 2.0585987261146497 0.0026257636812686857 368 0.009280001975906942 196.83566878980892 -0.3972610061954274
515342254 785 808 2.0585987261146497 0.0026257636812686857 368 0.009280001975906942 196.83566878980892 -0.3972610061954274
515342254 785 808 2.0585987261146497 0.0026257636812686857 368 0.009280001975906942 196.83566878980892 -0.3972610061954274
515342254 785 808 2.0585987261146497 0.0026257636812686857 368 0.009280001975906942 196.83566878980892 -0.3972610061954274
515342254 785 808 2.0585987261146497 0.0026257636812686857 368 0.009280001975906942 196.83566878980892 -0.3972610061954274
515342254 785 808 2.0585987261146497 0.0026257636812686857 368 0.009280001975906942 196.83566878980892 -0.3972610061954274
515342254 785 808 2.0585987261146497 0.0026257636812686857 368 0.009280001975906942 196.83566878980892 -0.3972610061954274
515342254 785 808 2.0585987261146497 0.0026257636812686857 368 0.009280001975906942 196.83566878980892 -0.3972610061954274
515342254 785 808 2.0585987261146497 0.0026257636812686857 368 0.009280001975906942 196.83566878980892 -0.3972610061954274
515342254 785 808 2.0585987261146497 0.0026257636812686857 368 0.009280001975906942 196.83566878980892 -0.3972610061954274
515342254 785 808 2.0585987261146497 0.0026257636812686857 368 0.009280001975906942 196.83566878980892 -0.3972610061954274
515342254 785 808 2.0585987261146497 0.0026257636812686857 368 0.009280001975906942 196.83566878980892 -0.3972610061954274
515342254 785 808 2.0585987261146497 0.0026257636812686857 368 0.009280001975906942 196.83566878980892 -0.3972610061954274
515342254 785 808 2.0585987261146497 0.0026257636812686857 368 0.009280001975906942 196.83566878980892 -0.3972610061954274
515342254 785 808 2.0585987261146497 0.0026257636812686857 368 0.009280001975906942 196.83566878980892 -0.3972610061954274
515342254 785 808 2.0585987261146497 0.0026257636812686857 368 0.009280001975906942 196.83566878980892 -0.3972610061954274
515342254 785 808 2.0585987261146497 0.0026257636812686857 368 0.009280001975906942 196.83566878980892 -0.3972610061954274
515342254 785 808 2.0585987261146497 0.0026257636812686857 368 0.009280001975906942 196.83566878980892 -0.3972610061954274
515342254 785 808 2.0585987261146497 0.0026257636812686857 368 0.009280001975906942 196.83566878980892 -0.3972610061954274
515342254 785 808 2.0585987261146497 0.0026257636812686857 368 0.009280001975906942 196.83566878980892 -0.3972610061954274
515342254 785 808 2.0585987261146497 0.0026257636812686857 368 0.009280001975906942 196.83566878980892 -0.3972610061954274
515342254 785 808 2.0585987261146497 0.0026257636812686857 368 0.009280001975906942 196.83566878980892 -0.3972610061954274
515342254 785 808 2.0585987261146497 0.0026257636812686857 368 0.009280001975906942 196.83566878980892 -0.3972610061954274
515342254 785 808 2.0585987261146497 0.0026257636812686857 368 0.009280001975906942 196.83566878980892 -0.3972610061954274
852139323 787 809 2.0559085133418042 0.002615659686185502 368 0.00925641874343958 196.33799237611183 -0.39657250337281125
852139323 787 809 2.0559085133418042 0.002615659686185502 368 0.00925641874343958 196.33799237611183 -0.39657250337281125
852139323 787 809 2.0559085133418042 0.002615659686185502 368 0.00925641874343958 196.33799237611183 -0.39657250337281125
884050320 873 893 2.0458190148911797 0.0023461227234990592 368 0.008344560768713573 184.98510882016038 -0.38425981917046437
884050320 873 893 2.0458190148911797 0.0023461227234990592 368 0.008344560768713573 184.98510882016038 -0.38425981917046437
904674000 880 899 2.043181818181818 0.0023244389285344918 368 0.007520607823204867 183.55454545454546 -0.38085671053142306
914427360 908 991 2.182819383259912 0.0024066365857330894 382 0.019503593494302963 193.18281938325993 -0.3526886342250663
924857940 1068 1531 2.8670411985018727 0.002687011432522842 444 0.1336701456202004 243.37078651685394 -0.284688462192528
934911540 1712 4777 5.580607476635514 0.0032616057724345494 618 0.2480168315014261 441.71378504672896 -0.19223412042973226
944891100 3394 13675 8.058338243959929 0.0023749891670969436 849 0.2704728437921955 871.8597525044196 -0.20525801410433273
954906540 8839 45603 10.31858807557416 0.0011675252405039783 1493 0.2363252563085946 1737.694083041068 -0.1585202076393793
964887000 15894 115092 14.482446206115515 9.112468511996172E-4 2653 0.25097828096242847 3451.984774128602 -0.12604765311690472
974912880 28683 261900 18.2616881079385 6.366950738420787E-4 3901 0.24408637601679725 5928.182547153366 -0.10282596156398874
984900300 41337 435628 21.07690446815202 5.098922118287212E-4 5247 0.24356760698475885 8387.478675278806 -0.0905841643801375
994912729 60437 694752 22.99094925294108 3.804181159067622E-4 6779 0.23763180747132653 11466.38463193077 -0.08806411937412008
1004912458 80480 926132 23.01520874751491 2.859778171636689E-4 8283 0.22521698595044592 13151.84666998012 -0.08538187296117629
1014912924 94795 1115352 23.531874043989664 2.482422309849744E-4 9448 0.22193846593401145 14667.915607363258 -0.08353118942092966
1024912920 96414 1134038 23.52434293774763 2.4399554974689752E-4 9528 0.22130245841235358 14778.086501960297 -0.0834305120700886
1034198421 96459 1134487 23.522678029007142 2.438644594435624E-4 9530 0.22122965047743065 14780.052146507842 -0.08343380940738303
1040459085 96461 1134488 23.522211049024996 2.4385456198450128E-4 9530 0.22122506355317156 14779.745721068619 -0.08343360730351664
1040459085 96461 1134488 23.522211049024996 2.4385456198450128E-4 9530 0.22122506355317156 14779.745721068619 -0.08343360730351664
1040459085 96461 1134488 23.522211049024996 2.4385456198450128E-4 9530 0.22122506355317156 14779.745721068619 -0.08343360730351664
1040459085 96461 1134488 23.522211049024996 2.4385456198450128E-4 9530 0.22122506355317156 14779.745721068619 -0.08343360730351664
1075862510 96482 1134522 23.517796065587362 2.437557246047135E-4 9530 0.2211858633892048 14777.369955017517 -0.0834370840682004
1075862510 96482 1134522 23.517796065587362 2.437557246047135E-4 9530 0.2211858633892048 14777.369955017517 -0.0834370840682004
1075862510 96482 1134522 23.517796065587362 2.437557246047135E-4 9530 0.2211858633892048 14777.369955017517 -0.0834370840682004
1075862510 96482 1134522 23.517796065587362 2.437557246047135E-4 9530 0.2211858633892048 14777.369955017517 -0.0834370840682004
1075862510 96482 1134522 23.517796065587362 2.437557246047135E-4 9530 0.2211858633892048 14777.369955017517 -0.0834370840682004
1075862510 96482 1134522 23.517796065587362 2.437557246047135E-4 9530 0.2211858633892048 14777.369955017517 -0.0834370840682004
1135851261 96484 1134523 23.517329298121968 2.4374583396165095E-4 9530 0.22118127846603847 14777.063658223125 -0.08343688196736422
1135851261 96484 1134523 23.517329298121968 2.4374583396165095E-4 9530 0.22118127846603847 14777.063658223125 -0.08343688196736422
1135851261 96484 1134523 23.517329298121968 2.4374583396165095E-4 9530 0.22118127846603847 14777.063658223125 -0.08343688196736422
1171229570 96485 1134524 23.517106285951183 2.4374099628903428E-4 9530 0.22117804386615894 14776.910773695394 -0.08343667726370604
1171229570 96485 1134524 23.517106285951183 2.4374099628903428E-4 9530 0.22117804386615894 14776.910773695394 -0.08343667726370604
1171229570 96485 1134524 23.517106285951183 2.4374099628903428E-4 9530 0.22117804386615894 14776.910773695394 -0.08343667726370604
1171229570 96485 1134524 23.517106285951183 2.4374099628903428E-4 9530 0.22117804386615894 14776.910773695394 -0.08343667726370604
1171229570 96485 1134524 23.517106285951183 2.4374099628903428E-4 9530 0.22117804386615894 14776.910773695394 -0.08343667726370604
1171229570 96485 1134524 23.517106285951183 2.4374099628903428E-4 9530 0.22117804386615894 14776.910773695394 -0.08343667726370604
1171229570 96485 1134524 23.517106285951183 2.4374099628903428E-4 9530 0.22117804386615894 14776.910773695394 -0.08343667726370604
1171229570 96485 1134524 23.517106285951183 2.4374099628903428E-4 9530 0.22117804386615894 14776.910773695394 -0.08343667726370604
1171229570 96485 1134524 23.517106285951183 2.4374099628903428E-4 9530 0.22117804386615894 14776.910773695394 -0.08343667726370604
1171229570 96485 1134524 23.517106285951183 2.4374099628903428E-4 9530 0.22117804386615894 14776.910773695394 -0.08343667726370604
1171229570 96485 1134524 23.517106285951183 2.4374099628903428E-4 9530 0.22117804386615894 14776.910773695394 -0.08343667726370604
1171229570 96485 1134524 23.517106285951183 2.4374099628903428E-4 9530 0.22117804386615894 14776.910773695394 -0.08343667726370604
1171229570 96485 1134524 23.517106285951183 2.4374099628903428E-4 9530 0.22117804386615894 14776.910773695394 -0.08343667726370604
1171229570 96485 1134524 23.517106285951183 2.4374099628903428E-4 9530 0.22117804386615894 14776.910773695394 -0.08343667726370604
1171229570 96485 1134524 23.517106285951183 2.4374099628903428E-4 9530 0.22117804386615894 14776.910773695394 -0.08343667726370604
1171229570 96485 1134524 23.517106285951183 2.4374099628903428E-4 9530 0.22117804386615894 14776.910773695394 -0.08343667726370604
1171229570 96485 1134524 23.517106285951183 2.4374099628903428E-4 9530 0.22117804386615894 14776.910773695394 -0.08343667726370604
1171229570 96485 1134524 23.517106285951183 2.4374099628903428E-4 9530 0.22117804386615894 14776.910773695394 -0.08343667726370604
1171229570 96485 1134524 23.517106285951183 2.4374099628903428E-4 9530 0.22117804386615894 14776.910773695394 -0.08343667726370604
1171229570 96485 1134524 23.517106285951183 2.4374099628903428E-4 9530 0.22117804386615894 14776.910773695394 -0.08343667726370604
1171229570 96485 1134524 23.517106285951183 2.4374099628903428E-4 9530 0.22117804386615894 14776.910773695394 -0.08343667726370604
1171229570 96485 1134524 23.517106285951183 2.4374099628903428E-4 9530 0.22117804386615894 14776.910773695394 -0.08343667726370604
1171229570 96485 1134524 23.517106285951183 2.4374099628903428E-4 9530 0.22117804386615894 14776.910773695394 -0.08343667726370604
1171229570 96485 1134524 23.517106285951183 2.4374099628903428E-4 9530 0.22117804386615894 14776.910773695394 -0.08343667726370604
1171229570 96485 1134524 23.517106285951183 2.4374099628903428E-4 9530 0.22117804386615894 14776.910773695394 -0.08343667726370604
1171229570 96485 1134524 23.517106285951183 2.4374099628903428E-4 9530 0.22117804386615894 14776.910773695394 -0.08343667726370604
1171229570 96485 1134524 23.517106285951183 2.4374099628903428E-4 9530 0.22117804386615894 14776.910773695394 -0.08343667726370604
1171229570 96485 1134524 23.517106285951183 2.4374099628903428E-4 9530 0.22117804386615894 14776.910773695394 -0.08343667726370604
1171229570 96485 1134524 23.517106285951183 2.4374099628903428E-4 9530 0.22117804386615894 14776.910773695394 -0.08343667726370604
1171229570 96485 1134524 23.517106285951183 2.4374099628903428E-4 9530 0.22117804386615894 14776.910773695394 -0.08343667726370604
1171229570 96485 1134524 23.517106285951183 2.4374099628903428E-4 9530 0.22117804386615894 14776.910773695394 -0.08343667726370604
1171229570 96485 1134524 23.517106285951183 2.4374099628903428E-4 9530 0.22117804386615894 14776.910773695394 -0.08343667726370604
1171229570 96485 1134524 23.517106285951183 2.4374099628903428E-4 9530 0.22117804386615894 14776.910773695394 -0.08343667726370604
1171229570 96485 1134524 23.517106285951183 2.4374099628903428E-4 9530 0.22117804386615894 14776.910773695394 -0.08343667726370604
1171229570 96485 1134524 23.517106285951183 2.4374099628903428E-4 9530 0.22117804386615894 14776.910773695394 -0.08343667726370604
1171229570 96485 1134524 23.517106285951183 2.4374099628903428E-4 9530 0.22117804386615894 14776.910773695394 -0.08343667726370604
1171229570 96485 1134524 23.517106285951183 2.4374099628903428E-4 9530 0.22117804386615894 14776.910773695394 -0.08343667726370604
1171229570 96485 1134524 23.517106285951183 2.4374099628903428E-4 9530 0.22117804386615894 14776.910773695394 -0.08343667726370604
1171229570 96485 1134524 23.517106285951183 2.4374099628903428E-4 9530 0.22117804386615894 14776.910773695394 -0.08343667726370604
1171229570 96485 1134524 23.517106285951183 2.4374099628903428E-4 9530 0.22117804386615894 14776.910773695394 -0.08343667726370604
1171229570 96485 1134524 23.517106285951183 2.4374099628903428E-4 9530 0.22117804386615894 14776.910773695394 -0.08343667726370604
1171229570 96485 1134524 23.517106285951183 2.4374099628903428E-4 9530 0.22117804386615894 14776.910773695394 -0.08343667726370604
1171229570 96485 1134524 23.517106285951183 2.4374099628903428E-4 9530 0.22117804386615894 14776.910773695394 -0.08343667726370604
1171229570 96485 1134524 23.517106285951183 2.4374099628903428E-4 9530 0.22117804386615894 14776.910773695394 -0.08343667726370604
1609275226 96486 1134526 23.516904006798914 2.437363736000302E-4 9531 0.2211757515118884 14776.955185208217 -0.08343649429500265
1609275226 96486 1134526 23.516904006798914 2.437363736000302E-4 9531 0.2211757515118884 14776.955185208217 -0.08343649429500265
1609275226 96486 1134526 23.516904006798914 2.437363736000302E-4 9531 0.2211757515118884 14776.955185208217 -0.08343649429500265
1609275226 96486 1134526 23.516904006798914 2.437363736000302E-4 9531 0.2211757515118884 14776.955185208217 -0.08343649429500265
1609275226 96486 1134526 23.516904006798914 2.437363736000302E-4 9531 0.2211757515118884 14776.955185208217 -0.08343649429500265
1609275226 96486 1134526 23.516904006798914 2.437363736000302E-4 9531 0.2211757515118884 14776.955185208217 -0.08343649429500265
1609275226 96486 1134526 23.516904006798914 2.437363736000302E-4 9531 0.2211757515118884 14776.955185208217 -0.08343649429500265
1609275226 96486 1134526 23.516904006798914 2.437363736000302E-4 9531 0.2211757515118884 14776.955185208217 -0.08343649429500265
1609275226 96486 1134526 23.516904006798914 2.437363736000302E-4 9531 0.2211757515118884 14776.955185208217 -0.08343649429500265
1609275226 96486 1134526 23.516904006798914 2.437363736000302E-4 9531 0.2211757515118884 14776.955185208217 -0.08343649429500265
1609275226 96486 1134526 23.516904006798914 2.437363736000302E-4 9531 0.2211757515118884 14776.955185208217 -0.08343649429500265
1716720597 96487 1134527 23.516681003658523 2.437315362193326E-4 9531 0.2211734395798099 14776.809228186181 -0.08343634301313138
