820800000 9545 40002 8.381770560502881 8.782240738163119E-4 178 0.19357319107500132 196.77695128339445 0.01228561287822284 282.8497834540447 1633 1197 35935
821800000 9608 40476 8.425478767693589 8.770145485264483E-4 182 0.1911879729152761 198.73084929225647 0.012716200777445808 284.5206495142312 1631 1200 36090
822800000 9684 41165 8.501652209830649 8.779977496468707E-4 184 0.18826182388025417 201.54729450640232 0.01409857330921594 286.93204770467867 1614 1197 36355
823800000 9802 42400 8.651295653948173 8.826951998722757E-4 185 0.18394058054578705 208.71618037135278 0.01613869483418189 291.20439557122074 1600 1204 36938
824800000 9899 43254 8.739064551974947 8.829121592215546E-4 185 0.18055869683835796 212.53823618547327 0.0175672620902709 294.12242349062745 1591 1215 37238
825800000 10029 44457 8.865689500448699 8.840934882776923E-4 190 0.1765825793993757 220.43095024429155 0.022595325807153295 298.1845066397649 1593 1231 37883
826800000 10164 45355 8.924635970090515 8.78149755986472E-4 194 0.17302501293086126 223.65623770169225 0.02275146568706924 301.18100869742767 1612 1241 38217
827800000 10269 46370 9.031064368487682 8.795349014888665E-4 195 0.16997748766475315 229.7808939526731 0.022351807601538497 304.53242848668845 1593 1259 38661
828800000 10368 47275 9.119405864197532 8.796571683416158E-4 197 0.16741402289844354 233.59510030864197 0.023864388110729592 307.48983723043597 1573 1280 39003
829800000 10474 48180 9.199923620393355 8.784420529354869E-4 201 0.16484027552739236 237.64693526828336 0.024903224290837238 310.41907157905104 1564 1287 39360
830800000 10571 49028 9.27594361933592 8.775727170611087E-4 203 0.1622304322520397 242.42417935862264 0.026242483743459666 313.13894679518864 1564 1292 39756
831800000 10693 49978 9.347797624614234 8.742796132261723E-4 203 0.15926298253484306 245.9319180772468 0.027802976366362673 316.15818825391824 1569 1305 40115
832800000 10810 50920 9.4209065679926 8.715798471637154E-4 203 0.1564278569266431 250.13561517113783 0.02905824251879388 319.1238004286111 1570 1322 40485
833800000 10905 51697 9.481338835396608 8.695285065477446E-4 203 0.15452834021843648 253.0002751031637 0.029788062504721838 321.54937412472134 1569 1327 40742
834800000 11051 53073 9.605103610532984 8.692401457495913E-4 204 0.1519881443188312 260.0237082616958 0.02986147033422782 325.8005524857194 1552 1334 41301
835800000 11168 54187 9.70397564469914 8.689868043968067E-4 205 0.15007810677501254 265.00232808022923 0.030409033777904392 329.2020656071283 1547 1335 41756
836800000 11282 55087 9.765467115759616 8.656561577661216E-4 206 0.14809370370286506 267.89381315369616 0.031241811084029618 331.92469025367785 1546 1341 42089
837800000 11408 56008 9.819074333800842 8.607937524152575E-4 207 0.14576297056491203 270.367110799439 0.03198083937254753 334.6879143321432 1545 1341 42358
838800000 11516 57039 9.906043765196248 8.602730147803951E-4 208 0.14379125015007554 274.63424800277875 0.03254003290765936 337.7543486026494 1542 1334 42761
839800000 11630 58067 9.98572656921754 8.586917679265234E-4 212 0.1416470051402686 278.8397248495271 0.0333522986577339 340.78438931382993 1545 1327 43144
840800000 11776 59259 10.064368206521738 8.54723414566602E-4 213 0.1391387344705754 282.6706861413044 0.03339893006586878 344.26443324862936 1539 1338 43532
841800000 11888 60082 10.10800807537012 8.50341387681511E-4 214 0.13811451910877443 285.032133243607 0.033537802736598746 346.6467943022119 1536 1348 43821
842800000 12007 61301 10.21087698842342 8.504811751143945E-4 216 0.13611194298561893 289.8422586824353 0.033943672875175135 350.1456839659744 1533 1341 44329
843800000 12165 62837 10.330785039046445 8.492917657880997E-4 216 0.13411529908200148 295.9391697492807 0.03464593556344042 354.5052891001769 1520 1350 44984
844800000 12303 64215 10.438917337234821 8.485544901020014E-4 220 0.13186725009507774 301.62627001544337 0.03486419388205717 358.37131581643087 1513 1364 45543
845800000 12437 65584 10.546594837983436 8.480697039227594E-4 222 0.12994230036156623 307.14641794645013 0.0354909208916366 362.17123022128635 1508 1346 46096
846800000 12579 67175 10.680499244773035 8.491412978830525E-4 224 0.12839163882415158 315.56912314174417 0.03428632153649775 366.53785616222507 1501 1331 46858
847800000 12695 68406 10.77684127609295 8.489712680079525E-4 224 0.1268881560792386 320.86081134304845 0.03399753712045505 369.88106196451855 1493 1338 47400
848800000 12789 69261 10.831339432324654 8.469924485708988E-4 228 0.1255201142329262 323.8060833528814 0.034105514965609325 372.1854376517168 1488 1339 47720
849800000 12920 70734 10.94953560371517 8.475528758971414E-4 233 0.12397047931150773 330.25727554179565 0.03507282716931863 376.1223205288407 1482 1328 48353
850800000 13040 72174 11.069631901840491 8.489632565258448E-4 236 0.12245297170391083 336.9472392638037 0.035082863902205746 379.931572786469 1476 1331 49012
851800000 13138 73272 11.154209164256356 8.490682168117801E-4 239 0.12137822826145296 341.13822499619425 0.034713408221825635 382.8106581588344 1471 1323 49443
852800000 13205 74117 11.225596365013253 8.501663408825547E-4 240 0.12070202365200343 345.1198788337751 0.03422844152879255 385.0116881342695 1459 1315 49805
853800000 13283 75050 11.300158096815478 8.507873887076855E-4 242 0.11961061757406333 348.9124444779041 0.034868923136069756 387.4274125562103 1454 1310 50239
854800000 13396 76227 11.380561361600478 8.496126436431861E-4 243 0.11835331657747784 353.1452672439534 0.0352507429588538 390.45358238848314 1446 1313 50664
855800000 13518 77636 11.486314543571535 8.497680360709872E-4 244 0.11667199588856847 359.41248705429797 0.035455434805579694 394.04568263083405 1451 1309 51338
856800000 13616 78707 11.560957696827263 8.491338741701992E-4 246 0.11597380123994663 363.852526439483 0.03574129176246411 396.7543320494434 1449 1318 51847
857800000 13727 79969 11.651344066438407 8.488521103335572E-4 249 0.1148004891903024 368.66365556931595 0.03625356374230421 399.9224924907325 1432 1320 52399
858800000 13826 81239 11.75162736872559 8.5002729611035E-4 250 0.11362655510469566 374.83914364241286 0.03695110420334492 403.0855988496736 1438 1306 53033
859800000 13919 82329 11.829729147208852 8.49958984567384E-4 255 0.11275659660348929 379.52554062791864 0.036727628918975797 405.7807289657802 1433 1312 53504
860800000 14039 83764 11.933043664078639 8.500529750732753E-4 257 0.1116355524696338 385.1211624759598 0.0367616870448981 409.3018446085969 1433 1300 54135
861800000 14128 84897 12.01826160815402 8.507299220042486E-4 258 0.11132214071347679 392.23867497168743 0.036943317874537834 412.06067514384335 1419 1311 54865
862800000 14234 85976 12.080370942812984 8.487578825836425E-4 258 0.11062548889100435 396.1361528734017 0.03734983148416759 414.67095388994875 1428 1308 55332
863800000 14358 87467 12.183730324557738 8.486264766008036E-4 259 0.10966137845911202 402.182894553559 0.037598415848336994 418.25112073968194 1416 1317 56010
864800000 14466 88706 12.264067468546937 8.478442771204243E-4 260 0.1089187394881147 406.63777132586756 0.03763324178284778 421.2030389254095 1407 1316 56552
865800000 14596 90057 12.339956152370512 8.454920282542317E-4 261 0.10785561548009753 410.9842422581529 0.03802661652340369 424.39839773495845 1412 1312 57122
866800000 14741 91764 12.450172986907265 8.446521700751198E-4 263 0.1066094609926335 417.90244895190284 0.037926999398790476 428.4016806689722 1404 1314 57946
867800000 14887 93363 12.542889769597636 8.425963838235681E-4 264 0.1054107936222125 423.11291731040507 0.038464440150534074 432.11803942904305 1402 1313 58602
868800000 15010 95027 12.6618254497002 8.436155273302818E-4 265 0.10435178404401842 429.925383077948 0.03884927442318938 435.951832201678 1387 1304 59366
869800000 15147 96672 12.764507823331353 8.427642825387134E-4 268 0.10326128459654506 436.1760084505183 0.03909438117054859 439.70899467716146 1379 1308 60088
870800000 15279 98480 12.890896001047189 8.437554654435914E-4 270 0.10229881820086797 444.50278159565414 0.0387770188920818 443.80175754496514 1367 1303 61013
871800000 15412 100107 12.99078640020763 8.429554474211686E-4 272 0.10125345048662245 450.5189462756294 0.03916440030440741 447.45279080591285 1360 1307 61740
872800000 15523 101160 13.033563099916254 8.39683230248438E-4 273 0.10043769473735456 453.1106100624879 0.03958642204064815 449.79995553579147 1366 1300 62164
873800000 15641 102322 13.083818170193721 8.365612640788824E-4 273 0.09966962508960793 456.11278051275497 0.03964855886770504 452.37594984702713 1371 1307 62605
874800000 15769 104001 13.190563764347772 8.365400662321012E-4 275 0.09920252081101202 465.6824148646078 0.039480610744714914 456.07236267943273 1373 1306 63613
875800000 15903 105399 13.255234861346915 8.33557719868376E-4 277 0.09827433235352963 469.8619128466327 0.03960374694358755 459.12743329058435 1380 1295 64206
876800000 16016 106623 13.31456043956044 8.313806081523846E-4 279 0.0975867156872148 473.47902097902096 0.04004242971384085 461.7856645674484 1372 1313 64752
877800000 16172 108250 13.387336136532278 8.278607468018229E-4 279 0.09686811230621044 478.3872124659906 0.04000811725536833 465.29560496527364 1390 1310 65503
878800000 16321 109960 13.47466454261381 8.256534646209442E-4 281 0.09590243998088277 484.19079713252864 0.040114150592754805 468.95628794163747 1397 1313 66306
879800000 16431 111229 13.538920333515915 8.240365388628068E-4 284 0.09537922956835901 488.3694236504169 0.04013969921749698 471.654534590732 1396 1317 66863
880800000 16620 113418 13.648375451263538 8.212513058104301E-4 285 0.09438596514474076 495.52611311672683 0.040220213474915306 476.2730309391872 1400 1313 67843
881800000 16780 115450 13.760429082240762 8.200982825103261E-4 287 0.09377151251237957 506.1301549463647 0.0386202804681232 480.52055106935853 1405 1316 69013
882800000 16935 117198 13.840921169176262 8.173450554609815E-4 287 0.0931910029721212 511.5054030115146 0.0389595856923855 484.1446064968606 1392 1322 69733
883800000 17013 118401 13.918885558102627 8.181804348755366E-4 288 0.09295056169266466 516.1947922177159 0.039327182172260215 486.62305740685986 1375 1324 70336
884800000 17104 119801 14.008536014967259 8.19068936149638E-4 289 0.09272670627473324 523.1882600561272 0.03941808483979725 489.4915729611696 1358 1325 71111
885800000 17208 120949 14.057298930729893 8.169523409501885E-4 289 0.09214721676802973 525.9544397954439 0.03982007166363386 491.8312718809165 1349 1336 71597
886800000 17319 122462 14.141925053409551 8.166026708285916E-4 289 0.09146388744281497 531.2056123332756 0.03978607342680006 494.89796928255834 1342 1323 72274
887800000 17415 123748 14.211656617858168 8.161052381910055E-4 291 0.09102126640570746 537.0541487223658 0.039478822603660785 497.48969838580575 1349 1316 72956
888800000 17532 125294 14.293178188455396 8.153087780762875E-4 292 0.09025840845019892 542.2433264887063 0.03974000533663852 500.5876546619982 1330 1330 73681
889800000 17742 127333 14.35384962236501 8.09077821000226E-4 293 0.0893917448727048 548.6241686393868 0.037972597742258064 504.6444292766938 1386 1330 74679
890800000 17844 128657 14.420197265187177 8.081711183762359E-4 296 0.0887253231416524 553.1358439811702 0.03807151789177636 507.26127390132984 1378 1327 75278
891800000 17945 130093 14.499080523822792 8.080183082825899E-4 298 0.0882242766175552 558.6567846196713 0.03813915344642863 510.08430675722616 1372 1330 76021
892800000 18032 131329 14.566215616681456 8.078429159049113E-4 299 0.08789738845036801 563.1311002661935 0.038258689361712866 512.5017073142293 1368 1340 76664
893800000 18167 132874 14.628061870424396 8.052439651229987E-4 299 0.08709753333471751 567.7497660593384 0.03833642222850521 515.5075169190068 1361 1341 77308
894800000 18266 134008 14.672944268038979 8.033366694792761E-4 299 0.0868930074264269 570.3002299353991 0.038703774268053125 517.702617339337 1349 1347 77797
895800000 18411 135782 14.750095051871163 8.012001657724695E-4 299 0.0866897418594699 575.1122698386833 0.03872244960381223 521.118028857187 1325 1355 78517
896800000 18546 137335 14.81020166073547 7.9860887898277E-4 302 0.08612966742550204 579.7266256874798 0.038549932105366724 524.0896869811502 1325 1366 79195
897800000 18699 139351 14.904647307342639 7.971252169934024E-4 304 0.08569029620598448 586.2933846729771 0.03876958977628459 527.9223427740106 1322 1376 80209
898800000 18829 141164 14.994317276541505 7.963839641247878E-4 304 0.08512779619673247 594.8772637952095 0.038034730404654236 531.3454620112983 1313 1384 81199
899800000 18954 142753 15.063100137174212 7.94760731133552E-4 305 0.08479361144815588 599.0918012029123 0.038405841316447586 534.3276148581505 1310 1378 81943
900800000 19109 144710 15.145742843686222 7.92638834189147E-4 307 0.08438631078178749 605.3017949657229 0.0386194823322608 537.9776947049013 1305 1386 82955
901800000 19254 146587 15.226654201724317 7.90871770722709E-4 309 0.08407680645272918 612.53713514075 0.03827540239630381 541.4554459971753 1304 1381 83985
902800000 19369 148017 15.283907274510817 7.891319328020868E-4 310 0.08361838855507968 616.3046104600135 0.038512351916484784 544.0900660736235 1294 1384 84630
903800000 19463 149187 15.330319066947542 7.877052238694657E-4 311 0.08348042569969923 619.4173560088373 0.038512526839551725 546.2362126406487 1290 1380 85197
904800000 19633 151436 15.426679570111547 7.857925616397487E-4 313 0.08296329535900111 626.8131207660572 0.03857483612104798 550.3380779121139 1297 1382 86322
905800000 19769 153143 15.493247002883303 7.837538953299931E-4 317 0.08275298301042375 631.6072638980222 0.038535978690267404 553.4311158581527 1285 1392 87081
906800000 19937 155267 15.575763655514871 7.812883053528728E-4 322 0.08220335927009188 637.9421176706626 0.038662691937380665 557.2557761028593 1288 1393 88097
907800000 20062 157015 15.652975775097199 7.802689684012361E-4 326 0.08185202818947195 644.3009670022929 0.03814785975334137 560.3837970534123 1275 1393 89026
908800000 20185 158533 15.708000990834778 7.782402393398126E-4 327 0.08133667975504819 648.4130790190736 0.038084712795583044 563.0861390586701 1277 1382 89689
909800000 20347 160547 15.780901361380057 7.75626725714148E-4 330 0.0810806281643285 653.2997493487984 0.038049434195591474 566.6515684263126 1277 1391 90663
910800000 20457 162171 15.85481742190937 7.750692912548578E-4 331 0.08069189882519245 658.7297257662414 0.03800522371327372 569.510315973293 1273 1392 91533
911800000 20593 164078 15.93531782644588 7.738596458064239E-4 333 0.08017288818815038 665.2269217695333 0.03791039140053437 572.8490202487912 1276 1392 92533
912800000 20732 166358 16.048427551611034 7.741270344706495E-4 337 0.07988072422282971 674.7709820567239 0.03751282483507872 576.8153950788761 1269 1393 93809
913800000 20875 168598 16.153101796407185 7.738383537610035E-4 340 0.0798993574624584 683.7262754491018 0.03740357390599739 580.6858014451533 1258 1401 95079
914800000 21000 170388 16.22742857142857 7.72771492520052E-4 341 0.07953402806499404 689.5070476190476 0.037331202718362294 583.7602247498539 1263 1395 96009
915800000 21091 171842 16.29529183063866 7.726548995087084E-4 342 0.07938978599721193 694.9290218576645 0.0371881287766471 586.2456822868719 1258 1382 96790
916800000 21190 173383 16.36460594620104 7.7231610487522E-4 342 0.0791414881794178 699.6503067484663 0.037295773407600305 588.8684063523871 1250 1377 97541
917800000 21303 174907 16.42087968830681 7.70860937391175E-4 342 0.07876055982241383 704.3265267802657 0.037359895457291493 591.4507587280618 1251 1377 98326
918800000 21424 176710 16.496452576549665 7.700346625845897E-4 345 0.07846582372345351 709.9730209111277 0.0373567427212422 594.4913792478408 1246 1369 99240
919800000 21553 178334 16.548415533800398 7.678366524591871E-4 346 0.07813197944693227 714.3718275878068 0.03761572417909288 597.2168785290651 1246 1364 100089
920800000 21674 180300 16.637445787579587 7.676577210159917E-4 347 0.0777395634896513 720.8943434529851 0.03771134177434466 600.4997918400971 1240 1358 101180
921800000 21803 182226 16.715681328257578 7.667040330363076E-4 349 0.07748042428674341 727.0386644039811 0.03783052209001948 603.6986002965386 1241 1348 102250
922800000 21941 184524 16.82001731917415 7.666370701537898E-4 349 0.07712357030184097 734.8433526275011 0.03770543965747262 607.4932098385956 1243 1344 103476
923800000 22069 186696 16.919298563595994 7.666892588180168E-4 350 0.0769494681243593 742.4264805836241 0.03777884641304119 611.0580987107527 1244 1343 104695
924800000 22203 188726 17.0000450389587 7.656988126726736E-4 353 0.07670896494847626 748.866999954961 0.037562253763805294 614.3712232844243 1242 1346 105802
925800000 22319 190634 17.08266499395134 7.654209603885358E-4 354 0.0763103743143787 756.2057439849456 0.037445928839082696 617.4690275633264 1251 1338 106904
926800000 22452 192697 17.16524140388384 7.645646698981711E-4 356 0.07585715744327527 762.6098343132015 0.03759266882883766 620.8010953598584 1249 1320 108008
927800000 22613 195239 17.26785477380268 7.63658887926883E-4 360 0.07546983097678966 771.6954848980674 0.037621998688779794 624.8823889341097 1245 1324 109457
928800000 22761 198031 17.400905056895567 7.645388865068351E-4 363 0.0753053154065015 782.3389130530293 0.037477140124332876 629.334569207826 1230 1317 111096
929800000 22909 200546 17.508053603387314 7.642768292032178E-4 363 0.07502350642907833 790.8199397616658 0.03760980156592663 633.3182454343156 1224 1313 112495
930800000 23041 202733 17.597586910290353 7.637841540924632E-4 364 0.07485614036570365 798.2101471290308 0.03758877397367985 636.7621219890517 1220 1319 113761
931800000 23163 204427 17.651167810732634 7.620744240882754E-4 368 0.07462003578547949 803.0187799507836 0.03756106391682807 639.4169218905612 1228 1322 114654
932800000 23331 206972 17.742231365993742 7.604899856834008E-4 371 0.07447272648474643 810.3224036689384 0.03758732382456334 643.3847993230801 1223 1321 115979
933800000 23487 209411 17.83207731936816 7.592641283900264E-4 377 0.07417893973917375 817.5225443862562 0.03770594115633886 647.1645849395654 1223 1324 117300
934800000 23598 211197 17.89956775997966 7.585526872051387E-4 378 0.07408754862897278 823.7282820578015 0.03771559628147773 649.9184564235733 1223 1323 118357
935800000 23726 213151 17.967714743319565 7.573325497711092E-4 379 0.07383017190594439 829.0085138666442 0.0377685323006557 652.9180653037562 1221 1324 119404
936800000 23859 215567 18.07007837713232 7.57401222949632E-4 382 0.07374551328596184 838.1838300012574 0.037534414524643255 656.6079499975614 1213 1328 120825
937800000 24004 217946 18.159140143309447 7.565362722705266E-4 384 0.07346681512919424 845.4664222629561 0.03748813849547229 660.2211750618121 1211 1322 122103
938800000 24161 220329 18.23840072844667 7.54900692402594E-4 386 0.07321093833789931 852.339886594098 0.03739867691943851 663.8207589402429 1215 1320 123381
939800000 24282 222528 18.328638497652584 7.548551747313777E-4 386 0.07297751850047246 860.0265217033193 0.03745746272098495 667.1251756604603 1218 1310 124691
940800000 24427 224395 18.37270233757727 7.521781027420483E-4 387 0.07267102335353945 863.7761493429402 0.0376253246375203 669.9179054182683 1224 1308 125593
941800000 24583 227200 18.484318431436357 7.519452620387421E-4 390 0.07233212792607929 873.6552902412236 0.03738652348601756 674.0919818541087 1218 1309 127197
942800000 24712 229901 18.606426027840726 7.529612734345322E-4 393 0.07220752648817566 884.5766429265134 0.03724368924437312 678.0870150651758 1216 1298 128921
943800000 24840 231963 18.676570048309177 7.519050705869471E-4 394 0.07194176058295416 890.4260869565218 0.03741909323091004 681.1211346008872 1219 1293 129999
944800000 24971 233981 18.74021865363822 7.50509357374378E-4 395 0.0717266370416303 895.4779544271355 0.03751934129206288 684.0774809917368 1223 1287 131088
945800000 25135 236751 18.8383528943704 7.495167062294263E-4 396 0.0717366666349193 905.2670777799881 0.0370497097710166 688.1148160009345 1228 1291 132718
946800000 25238 238474 18.898010935890323 7.488216085862156E-4 399 0.07166037623611499 910.2107140026943 0.036854500064554443 690.6142193728709 1220 1294 133634
947800000 25354 240402 18.9636349293997 7.479838650021575E-4 401 0.07158336840803078 915.5517078173069 0.03667464188629142 693.4003172771123 1213 1291 134601
948800000 25490 242305 19.01176932130247 7.458813339598443E-4 405 0.07145760860044982 919.8775205963123 0.03676301320254858 696.1393538653018 1213 1283 135559
949800000 25631 244886 19.108579454566737 7.4555518745871E-4 405 0.07117809855812582 927.8391791190355 0.036824604141453186 699.8371239081276 1217 1280 136992
950800000 25765 247102 19.18121482631477 7.444967717091588E-4 406 0.07096482128176797 934.222938094314 0.03662716512651793 702.9964438032385 1221 1273 138256
951800000 25875 249327 19.271652173913044 7.448269372309285E-4 408 0.07081950254438905 942.7511497584541 0.03653901415499627 706.1543740571179 1223 1268 139632
952800000 25993 251301 19.33605201400377 7.43923207679431E-4 411 0.07079146880351725 950.1019505251414 0.03598192694924187 708.9442855401262 1229 1271 140825
953800000 26123 254229 19.463997243808137 7.451189512215045E-4 413 0.0707663378777666 965.7212418175554 0.03511383306789252 713.0624096108278 1223 1269 142894
954800000 26237 256274 19.53531272630255 7.4459950931173E-4 416 0.07078629668168673 972.8115257079696 0.03521152177759213 715.9245770330839 1218 1265 144107
955800000 26367 258400 19.600257898130238 7.433914093199665E-4 421 0.07048827472704373 978.6938976751242 0.034906622871962306 718.8880302244571 1224 1259 145200
956800000 26466 260124 19.65722058490138 7.427629164897556E-4 424 0.07041379010660338 984.0133000831255 0.034730821652417344 721.2821916559426 1228 1251 146191
957800000 26566 261973 19.722427162538583 7.424215005661051E-4 425 0.07029235272895157 992.833320785967 0.03458437148501115 723.8411427930855 1229 1248 147467
958800000 26707 264687 19.821544913318604 7.422131698239573E-4 427 0.0701043169556107 1002.8719811285431 0.0343277985699846 727.5809233343051 1231 1243 149113
959800000 26834 267049 19.903778788104642 7.417649457050887E-4 430 0.07007213526083073 1010.0045464708951 0.034056042277554974 730.8200872991929 1226 1252 150394
960800000 26949 269047 19.967123084344504 7.40950092190311E-4 433 0.07004300140441842 1016.5913391962596 0.03400964821357593 733.5489077082727 1216 1264 151528
961800000 27115 271821 20.04949290060852 7.394516818104492E-4 433 0.06987844833420698 1024.529964964042 0.03400944483670986 737.3208256925882 1218 1261 153143
962800000 27241 273934 20.111890165559267 7.383219590880788E-4 434 0.06981443038935649 1029.87863881649 0.0341668887873651 740.1810589308537 1219 1255 154314
963800000 27362 275985 20.172867480447337 7.372854603430918E-4 434 0.06973999831796501 1035.0266793363057 0.03409062955393966 742.9468352446223 1217 1261 155450
964800000 27542 279604 20.303826882579333 7.372218467949361E-4 437 0.06967113985118571 1047.3648972478397 0.033981799801843196 747.8021128614174 1213 1249 157594
965800000 27647 281445 20.359894382754007 7.364499161815093E-4 437 0.06957203827996514 1052.1035917097695 0.033896638961304175 750.2599549489497 1209 1252 158597
966800000 27785 283788 20.427424869533922 7.352226054396026E-4 438 0.0693329093495854 1058.2851898506387 0.0339537935148794 753.3763999489232 1201 1268 159909
967800000 27914 286033 20.493874041699506 7.342053538386955E-4 438 0.06907357005588037 1064.2638819230494 0.03390822905564159 756.3504478745286 1201 1270 161144
968800000 28050 288075 20.540106951871657 7.322937342461998E-4 439 0.06894760259236185 1069.3167914438502 0.033814367784494447 759.0454531844586 1204 1270 162263
969800000 28182 289960 20.57767369242779 7.301967173779422E-4 439 0.0687143664715167 1072.7565822155987 0.03385895165437396 761.5247862019988 1197 1271 163172
970800000 28312 292192 20.640858999717434 7.290755889836966E-4 440 0.06868536948031313 1078.56583780729 0.03398214783487537 764.4501291778294 1189 1275 164456
971800000 28456 294388 20.690750632555524 7.271393650520304E-4 441 0.06842464093080737 1083.6240511667136 0.03407716102202004 767.3174049896171 1177 1290 165607
972800000 28583 296492 20.74603785466886 7.258427630910663E-4 442 0.06826326525884195 1088.2834552006436 0.034266330408662 770.05454352273 1171 1290 166712
973800000 28750 299330 20.82295652173913 7.243019416932461E-4 446 0.0681104969917183 1096.812104347826 0.034124978305925036 773.7312194812873 1167 1284 168380
974800000 28875 301580 20.88865800865801 7.234417818334144E-4 447 0.06801613757594765 1103.2140606060607 0.03415948719954094 776.633761820847 1165 1293 169703
975800000 29035 304558 20.978680902359223 7.225556555197087E-4 449 0.06783732662942443 1111.767177544343 0.034254076916643075 780.4588394015408 1167 1292 171449
976800000 29193 307244 21.049155619497824 7.210590442414985E-4 452 0.06760002605210587 1118.0434350700511 0.034289093184821276 783.8928498206882 1159 1299 172873
977800000 29357 309916 21.11360152604149 7.192261045796938E-4 452 0.0674023371938375 1124.143611404435 0.03426698916184729 787.2941000668047 1155 1310 174288
978800000 29458 311469 21.14664946703782 7.178819793949763E-4 455 0.06728400954032784 1127.6033675062802 0.03420475273489233 789.2642143160932 1158 1307 175157
979800000 29596 314109 21.226449520205435 7.172309349621704E-4 457 0.06714644675337136 1134.670022976078 0.034044814706637096 792.6020439034963 1147 1312 176654
980800000 29722 316468 21.295202207119306 7.16503556647465E-4 459 0.0670108008280902 1141.7883722495121 0.034032845698803535 795.5727496590114 1137 1323 178077
981800000 29882 319944 21.413827722374673 7.166369171839856E-4 461 0.06687514374369084 1156.9286527006225 0.0327607619323051 799.929996937232 1137 1322 180465
982800000 30034 322862 21.499766930811745 7.158714391107031E-4 463 0.06685873347450569 1164.7054671372446 0.032747368451478916 803.569536505709 1135 1318 182172
983800000 30161 325310 21.57156592951162 7.152375971323482E-4 467 0.06668639354242666 1171.701601405789 0.03263323892396141 806.6101908604924 1138 1314 183621
984800000 30299 328230 21.666061586190963 7.150987387349318E-4 468 0.06649936301178282 1180.4750651836694 0.03270195048450935 810.2221917474243 1136 1308 185384
985800000 30413 330454 21.731101831453653 7.145568141343435E-4 470 0.06635020246475717 1186.5832374313616 0.032784659537020436 812.9624837592446 1130 1317 186705
986800000 30544 332866 21.79583551597695 7.136114826957715E-4 471 0.06626597076096649 1193.233237297014 0.03262837877171574 815.924016070124 1128 1318 188089
987800000 30674 335461 21.87266088544044 7.130916729840719E-4 475 0.066248681475523 1200.4543261394015 0.03253776096978368 819.0982847009265 1123 1304 189567
988800000 30796 338297 21.97019093388752 7.13433704623722E-4 477 0.06616299872249824 1210.0247434731784 0.03230951280999948 822.5533417353552 1118 1305 191395
989800000 30895 340097 22.016313319307333 7.126404259502599E-4 477 0.0660652062674978 1214.26153099207 0.03230599656415977 824.7387465131004 1117 1307 192408
990800000 31062 343457 22.11428755392441 7.119631548863336E-4 478 0.06589244597145544 1223.9243448586697 0.03234875844232659 828.8027509606854 1125 1291 194462
991800000 31207 346206 22.18771429486974 7.110079566387791E-4 482 0.06593690777911329 1231.634376902618 0.03228996801115688 832.112973099206 1123 1304 196185
992800000 31333 348608 22.25181118948074 7.10194407936957E-4 483 0.06584874401693126 1237.7559761274056 0.032347174875777714 834.9946107610516 1120 1304 197619
993800000 31499 352151 22.359503476300834 7.098705783319841E-4 490 0.06569443069157757 1249.4369345058574 0.03219829403713148 839.2270253036421 1116 1300 199847
994800000 31628 354804 22.43606930567851 7.093960636696023E-4 494 0.06559737417363552 1256.8426078158593 0.03211257268806814 842.3823359971409 1113 1294 201406
995800000 31740 357122 22.502961562696914 7.090003327986676E-4 499 0.06544778905274748 1263.744486452426 0.031980630384592174 845.1295758639618 1116 1298 202778
996800000 31873 359600 22.56455306999655 7.079741801580242E-4 504 0.0652536021439301 1270.3400370219308 0.03188472604901712 848.0566018845676 1117 1294 204201
997800000 31964 361715 22.63264923038418 7.080890163746889E-4 507 0.06515785356748949 1276.7872606682517 0.03175354337366431 850.5468828935886 1109 1289 205448
998800000 32059 363870 22.700021834742195 7.080922651051904E-4 508 0.06505626555604677 1283.1085186687046 0.03169071366735956 853.0767843517956 1103 1291 206705
999800000 32174 366470 22.780505998632435 7.08062847686956E-4 512 0.06501594418745389 1291.3371044943121 0.031629163239750756 856.119150585945 1110 1286 208378
1000800000 32276 368840 22.855372412938408 7.081447687974719E-4 512 0.0649142711439649 1298.7986119717436 0.03162042104123262 858.8829955238374 1105 1288 209849
1001800000 32425 371672 22.925026985350808 7.07038828810474E-4 515 0.06473771689026867 1305.7284194294525 0.03150302982247914 862.1739963603634 1102 1288 211470
1002800000 32566 374450 22.996376589080636 7.061684811632316E-4 518 0.06454830420164691 1313.308296996868 0.031263809840766404 865.3900854527974 1094 1289 213109
1003800000 32699 377369 23.081378635432277 7.058957317093485E-4 520 0.0645054912891377 1322.1081990274931 0.031191387598803987 868.7565827088737 1094 1283 214872
1004800000 32864 380458 23.15348101265823 7.045455683491534E-4 523 0.06451694859027605 1329.1602361246348 0.03123021878467079 872.304992534148 1088 1284 216627
1005800000 33016 383605 23.23752120184153 7.03847378520113E-4 524 0.06435485908109177 1338.0516113399565 0.031169638732258854 875.9052460169422 1079 1283 218462
1006800000 33162 386533 23.311802665701705 7.029885306746391E-4 525 0.06436800037851087 1345.934744587178 0.031194673336612563 879.2417187554285 1073 1285 220266
1007800000 33400 390604 23.389461077844313 7.003042329963266E-4 530 0.06415932638326723 1354.9795808383233 0.03110423111067299 883.8597173760098 1070 1292 222632
1008800000 33545 393664 23.470800417349828 6.997018965343974E-4 532 0.06413658515212636 1362.728454315099 0.03113977670360818 887.3150511515062 1065 1292 224390
1009800000 33638 395735 23.529044532968665 6.994989010009414E-4 533 0.06394725392135248 1368.6635352874725 0.03129361761867123 889.6459970122947 1070 1283 225655
1010800000 33740 398141 23.60053349140486 6.995030525920999E-4 536 0.06391739249467727 1381.6577949021932 0.030699532307723595 892.3463453166601 1065 1284 227588
1011800000 33863 400911 23.678410064081742 6.992620064993722E-4 541 0.06393590973424525 1390.4640463042258 0.030512833099910822 895.4451406981893 1066 1279 229336
1012800000 33972 403667 23.764688567055224 6.995581103604611E-4 543 0.0637973067150059 1399.7117626280467 0.030395609489295573 898.5176681624018 1068 1266 231129
1013800000 34114 407203 23.87307263879932 6.998233118986697E-4 544 0.06369368769656604 1413.566922671044 0.03056360575740785 902.4444581247092 1065 1262 233652
1014800000 34217 409586 23.940497413566355 6.996872052129517E-4 547 0.06363851010088666 1420.87810152848 0.0304806747121089 905.0812118257676 1062 1260 235132
1015800000 34333 412198 24.011767104534997 6.993990185405743E-4 547 0.06348095846010297 1429.2617015699182 0.030347539346547426 907.9625542939533 1064 1254 236791
1016800000 34343 412365 24.014500771627407 6.992749627752433E-4 547 0.06347076645049783 1429.5805258713567 0.03034841415907996 908.1464639583199 1065 1254 236885
