[1.2451  1.24626 1.24804 1.24923 1.24852 1.25054 1.25068 1.25225 1.25441
 1.25517 1.25485 1.2541  1.25186 1.25087 1.25125 1.24958 1.24858 1.2492
 1.2482  1.24802 1.2484  1.24961 1.24909 1.24886 1.24758 1.24653 1.24471
 1.24383 1.24339 1.24353 1.24308 1.24297 1.24261 1.24209 1.24153 1.24198
 1.24162 1.2414  1.24131 1.24169 1.24068 1.23969 1.23991 1.23923 1.23882
 1.23805 1.23717 1.23653 1.2358  1.23629 1.23616 1.23671 1.23604 1.23409
 1.23299 1.23284 1.23249 1.2316  1.2319  1.23254 1.23183 1.23062 1.2303
 1.23013 1.22973 1.22995 1.22904 1.22903 1.22898 1.22856 1.22872 1.22765
 1.22694 1.22697 1.2265  1.22662 1.22622 1.22536 1.22385 1.22251 1.2224
 1.22118 1.22019 1.21939 1.21891 1.21788 1.21819 1.21777 1.21696 1.21678
 1.21598 1.21528 1.21518 1.21558 1.21633 1.21534 1.21587 1.21515 1.21525
 1.21512][1.25621 1.25735 1.2578  1.25835 1.26024 1.26299 1.26463 1.26495 1.26592
 1.26701 1.26798 1.2673  1.26711 1.2675  1.26892 1.27133 1.27183 1.27296
 1.27367 1.27548 1.27538 1.27296 1.27274 1.27272 1.27156 1.27198 1.27056
 1.26953 1.26849 1.26743 1.26658 1.26608 1.26484 1.26359 1.26276 1.26178
 1.26102 1.26114 1.25985 1.25835 1.25812 1.25682 1.25445 1.25535 1.255
 1.25424 1.25385 1.25266 1.25076 1.25009 1.24926 1.24846 1.24906 1.2489
 1.24805 1.24727 1.24693 1.24691 1.24673 1.24759 1.24682 1.24601 1.24508
 1.24484 1.24493 1.24548 1.24535 1.2451  1.24369 1.24337 1.24342 1.24319
 1.24264 1.24209 1.24164 1.24121 1.24044 1.23919 1.23911 1.23821 1.23778
 1.23722 1.23575 1.23513 1.23408 1.23396 1.23299 1.2327  1.23342 1.23281
 1.23181 1.23286 1.23258 1.23183 1.23071 1.23052 1.22954 1.22891 1.22764
 1.22775][1.23417 1.23512 1.23598 1.23754 1.2365  1.23738 1.23849 1.23925 1.23994
 1.23981 1.24054 1.24003 1.24149 1.24446 1.24576 1.24845 1.25048 1.25225
 1.2529  1.25368 1.25526 1.25558 1.25666 1.25832 1.25739 1.25818 1.25784
 1.25683 1.25716 1.25855 1.2575  1.25558 1.25505 1.25311 1.25158 1.25234
 1.25058 1.25156 1.25088 1.2503  1.25031 1.24805 1.24784 1.24555 1.24499
 1.24563 1.24486 1.2446  1.24364 1.24315 1.24257 1.24329 1.24131 1.23986
 1.24016 1.23966 1.24004 1.23984 1.23903 1.23923 1.23784 1.23714 1.23708
 1.23669 1.23633 1.23543 1.23512 1.23531 1.23481 1.23427 1.23349 1.23298
 1.23225 1.23224 1.23174 1.23145 1.23116 1.2302  1.22973 1.22788 1.22654
 1.22775 1.22692 1.22662 1.22635 1.22688 1.2274  1.22608 1.22552 1.22547
 1.22353 1.2233  1.22272 1.22237 1.2222  1.2215  1.22182 1.22106 1.21998
 1.22001][1.22186 1.22155 1.22302 1.2239  1.22513 1.22618 1.22709 1.22658 1.22747
 1.22857 1.22943 1.22983 1.23132 1.23138 1.23151 1.23184 1.23438 1.23463
 1.23345 1.23221 1.23266 1.23234 1.23304 1.2337  1.23494 1.23573 1.23601
 1.23605 1.23729 1.23694 1.23735 1.23829 1.23929 1.23994 1.24084 1.2416
 1.2424  1.24429 1.24445 1.24428 1.24189 1.24149 1.24011 1.24043 1.24076
 1.23922 1.23888 1.23931 1.23912 1.23744 1.237   1.23545 1.2343  1.23371
 1.23271 1.23287 1.2312  1.2308  1.23023 1.23028 1.22988 1.22873 1.22819
 1.22892 1.22877 1.22894 1.2299  1.22862 1.22824 1.22793 1.22719 1.22738
 1.22671 1.22737 1.22666 1.2255  1.22461 1.22477 1.22492 1.22503 1.22513
 1.22411 1.22359 1.22241 1.22195 1.22092 1.22138 1.22085 1.22073 1.21955
 1.21863 1.21703 1.21609 1.21497 1.21472 1.21344 1.21311 1.21297 1.2137
 1.21354][1.27058 1.27145 1.27333 1.27505 1.27688 1.27674 1.27781 1.27811 1.28138
 1.2821  1.28437 1.28427 1.28522 1.28365 1.28534 1.28666 1.28822 1.28834
 1.29011 1.2919  1.29207 1.29129 1.29016 1.29054 1.29128 1.29147 1.29126
 1.29085 1.29327 1.29337 1.29257 1.29318 1.29363 1.29286 1.2939  1.29419
 1.29639 1.29801 1.29896 1.29962 1.30001 1.29979 1.30137 1.30269 1.30373
 1.3044  1.30572 1.3079  1.30763 1.30771 1.30709 1.30615 1.30491 1.30306
 1.30279 1.30233 1.30052 1.2997  1.29975 1.29895 1.29704 1.2974  1.29709
 1.29709 1.2963  1.29514 1.29433 1.29423 1.29349 1.29353 1.29379 1.29328
 1.29149 1.29    1.2895  1.28834 1.28794 1.2882  1.2881  1.28882 1.28783
 1.28636 1.28544 1.28563 1.28561 1.28528 1.2846  1.28312 1.28277 1.28262
 1.28137 1.28023 1.28037 1.27921 1.27926 1.27812 1.27757 1.27684 1.277
 1.27626][1.25368 1.25604 1.25726 1.25804 1.25617 1.25777 1.25772 1.26005 1.25971
 1.25862 1.25928 1.25947 1.25863 1.25956 1.26007 1.26017 1.2622  1.26257
 1.26316 1.26408 1.26555 1.26529 1.26536 1.26645 1.26651 1.26846 1.26938
 1.27061 1.27071 1.27184 1.27171 1.27139 1.2741  1.27637 1.27813 1.2784
 1.27964 1.28008 1.28072 1.28146 1.28195 1.28366 1.28537 1.28514 1.28562
 1.28674 1.2864  1.28764 1.28827 1.28939 1.2916  1.29113 1.29258 1.29407
 1.29395 1.29527 1.29552 1.29639 1.29728 1.29869 1.2977  1.2973  1.29531
 1.2924  1.29148 1.29245 1.28897 1.28891 1.28874 1.28683 1.28645 1.28565
 1.28466 1.28344 1.28416 1.28224 1.28204 1.28153 1.28175 1.28001 1.27911
 1.27834 1.27756 1.27699 1.27724 1.27757 1.27835 1.27978 1.2787  1.27749
 1.27625 1.27594 1.2754  1.27473 1.27474 1.27428 1.27411 1.27327 1.27278
 1.27193][1.23949 1.23917 1.23961 1.24092 1.24147 1.24215 1.24297 1.24373 1.24461
 1.24587 1.24871 1.24958 1.25156 1.25238 1.25429 1.25467 1.25553 1.25656
 1.25597 1.25695 1.25769 1.25964 1.2598  1.26174 1.26141 1.26226 1.26446
 1.26609 1.26676 1.26848 1.26907 1.26986 1.27044 1.2713  1.27242 1.27326
 1.27388 1.27585 1.27835 1.28167 1.28301 1.2851  1.28614 1.28568 1.28828
 1.28779 1.28945 1.28877 1.28879 1.28991 1.29048 1.29289 1.29395 1.29462
 1.29689 1.2977  1.29962 1.30074 1.29969 1.2999  1.3014  1.30314 1.30505
 1.30742 1.30695 1.3066  1.30786 1.30973 1.31179 1.31235 1.31261 1.31212
 1.31055 1.30868 1.30587 1.30298 1.30132 1.29976 1.29791 1.29822 1.29706
 1.29695 1.29657 1.29491 1.29159 1.29119 1.28954 1.28907 1.28922 1.2895
 1.28871 1.28899 1.28824 1.28768 1.28625 1.28566 1.28451 1.28378 1.283
 1.28269][1.24169 1.24343 1.24541 1.24582 1.24662 1.24773 1.24834 1.24853 1.25041
 1.25149 1.25351 1.25364 1.25462 1.25526 1.25553 1.2562  1.25652 1.25679
 1.25705 1.25846 1.25958 1.25963 1.25908 1.26137 1.26211 1.26247 1.26324
 1.26349 1.26461 1.26461 1.26626 1.26597 1.26508 1.26581 1.26683 1.26756
 1.26701 1.26747 1.26842 1.26918 1.27038 1.27183 1.27371 1.27514 1.2756
 1.27465 1.27688 1.27691 1.27795 1.27869 1.27942 1.28097 1.28328 1.28401
 1.28487 1.28646 1.28855 1.28983 1.29009 1.2892  1.29089 1.29273 1.2948
 1.29667 1.29769 1.29886 1.29914 1.29978 1.30078 1.30124 1.30203 1.30272
 1.30266 1.30233 1.30346 1.30342 1.30488 1.30512 1.30618 1.30821 1.30699
 1.30707 1.305   1.30478 1.30425 1.30441 1.30366 1.30282 1.30227 1.30155
 1.30098 1.30009 1.29902 1.29873 1.29762 1.29734 1.29647 1.29586 1.29409
 1.2944 ][1.27784 1.27825 1.27825 1.27934 1.27888 1.27881 1.27974 1.28049 1.28186
 1.28236 1.28439 1.28338 1.28407 1.28587 1.28583 1.28545 1.28712 1.28855
 1.2908  1.29133 1.29357 1.29547 1.29576 1.29644 1.29883 1.2987  1.29972
 1.30149 1.30219 1.30319 1.30388 1.30503 1.30603 1.30764 1.30775 1.30846
 1.30847 1.30953 1.31221 1.31441 1.31473 1.31751 1.3184  1.32063 1.32007
 1.32134 1.31988 1.32151 1.3234  1.32409 1.32489 1.32595 1.32757 1.32796
 1.32786 1.32968 1.33208 1.33262 1.33393 1.33553 1.33748 1.33727 1.33755
 1.33944 1.34105 1.34245 1.34244 1.34535 1.34684 1.34886 1.34957 1.3505
 1.35224 1.35302 1.3549  1.35477 1.35631 1.35842 1.35882 1.36062 1.36108
 1.36306 1.36502 1.36717 1.36785 1.36775 1.36882 1.36961 1.37021 1.37059
 1.36831 1.36717 1.3648  1.36309 1.36221 1.36122 1.35964 1.36022 1.35972
 1.35932]