[1.19741 1.19909 1.20036 1.19972 1.20101 1.20139 1.20208 1.20256 1.20273
 1.20458 1.20265 1.20122 1.19984 1.20027 1.19965 1.19922 1.19845 1.19844
 1.19705 1.19625 1.19593 1.19594 1.19575 1.1951  1.19452 1.1942  1.19443
 1.1944  1.1942  1.19362 1.19348 1.19283 1.19298 1.1932  1.19198 1.19152
 1.19047 1.18966 1.18852 1.18882 1.18748 1.18643 1.18592 1.18654 1.18606
 1.18595 1.18585 1.18546 1.1849  1.18401 1.18355 1.18362 1.18339 1.18272
 1.18215 1.18184 1.18155 1.1806  1.18038 1.18031 1.17991 1.17924 1.17903
 1.1789  1.17834 1.17817 1.17922 1.17901 1.17911 1.17895 1.17894 1.17805
 1.17819 1.178   1.17813 1.17693 1.17669 1.17583 1.17506 1.17436 1.17465
 1.17487 1.17364 1.17269 1.17234 1.17206 1.17193 1.17179 1.17103 1.16959
 1.16922 1.16819 1.16839 1.16784 1.16717 1.16663 1.16588 1.16517 1.1647
 1.16438][1.28041 1.28087 1.28157 1.28162 1.28116 1.28206 1.28134 1.28197 1.28375
 1.28468 1.28681 1.28742 1.28756 1.28828 1.28889 1.29036 1.29128 1.29304
 1.29311 1.29338 1.29078 1.29089 1.28926 1.28906 1.28823 1.28902 1.28807
 1.28681 1.28633 1.28488 1.2836  1.28204 1.28201 1.28167 1.28166 1.2812
 1.28142 1.28056 1.27971 1.27899 1.27935 1.2783  1.27897 1.27831 1.27761
 1.27692 1.27622 1.27551 1.2747  1.27315 1.27255 1.27183 1.27162 1.27124
 1.27151 1.27157 1.27065 1.27055 1.26833 1.26871 1.26827 1.2669  1.26575
 1.26524 1.26494 1.26358 1.26232 1.26193 1.26156 1.2616  1.26232 1.2629
 1.26304 1.26304 1.26193 1.26223 1.26201 1.26253 1.26246 1.2626  1.26142
 1.2611  1.26138 1.26035 1.25986 1.25928 1.25856 1.25818 1.25877 1.25778
 1.25753 1.25737 1.25807 1.25736 1.25738 1.25612 1.25614 1.25653 1.25603
 1.25533][1.25078 1.25107 1.25191 1.25292 1.25175 1.25292 1.25446 1.25437 1.25475
 1.25604 1.25632 1.25724 1.25717 1.25866 1.25959 1.2599  1.26039 1.26138
 1.26222 1.26202 1.26248 1.2641  1.26542 1.26655 1.26665 1.26828 1.26935
 1.26989 1.27044 1.27176 1.27024 1.26792 1.26725 1.26724 1.26674 1.26551
 1.26409 1.26384 1.26331 1.2624  1.26107 1.26035 1.25934 1.25865 1.25812
 1.25711 1.25686 1.25639 1.25621 1.25659 1.25632 1.25534 1.25452 1.25274
 1.25132 1.25012 1.24946 1.24834 1.24773 1.24709 1.24675 1.24609 1.24563
 1.24572 1.24532 1.24483 1.24472 1.24406 1.24445 1.24403 1.24351 1.24237
 1.2418  1.24167 1.24097 1.24056 1.24019 1.24045 1.23989 1.2401  1.24011
 1.23824 1.23728 1.23712 1.23556 1.23459 1.23313 1.23279 1.23178 1.23078
 1.2304  1.22947 1.22761 1.22626 1.22629 1.2258  1.22533 1.22494 1.22518
 1.22448][1.24415 1.24461 1.24582 1.24573 1.24695 1.24794 1.24877 1.24944 1.24902
 1.2504  1.2512  1.25252 1.25445 1.25504 1.25494 1.25565 1.25753 1.25915
 1.26027 1.26073 1.26046 1.26166 1.2623  1.26277 1.2632  1.265   1.2643
 1.26442 1.26419 1.26566 1.26679 1.26919 1.27097 1.27162 1.27211 1.27221
 1.27305 1.27543 1.27633 1.27683 1.27679 1.27533 1.27475 1.27498 1.27353
 1.2733  1.27282 1.27168 1.26932 1.26866 1.26863 1.26846 1.26894 1.26847
 1.26798 1.26729 1.26713 1.26684 1.26608 1.26512 1.26547 1.26539 1.26487
 1.26346 1.26183 1.26054 1.2603  1.25992 1.25989 1.25955 1.25879 1.25836
 1.25854 1.25829 1.25634 1.25678 1.25679 1.25606 1.2538  1.25315 1.25338
 1.25251 1.25203 1.25216 1.25207 1.25224 1.25008 1.2494  1.24866 1.24698
 1.24607 1.24489 1.24396 1.24362 1.2429  1.24243 1.24228 1.24203 1.2406
 1.24065][1.23039 1.23094 1.23185 1.23386 1.23513 1.236   1.23532 1.23565 1.23746
 1.23746 1.2383  1.24022 1.24193 1.24212 1.2424  1.24367 1.24532 1.24592
 1.24879 1.25115 1.2517  1.25358 1.25429 1.255   1.25649 1.25664 1.25695
 1.25884 1.25936 1.2609  1.26266 1.26435 1.26545 1.2667  1.26714 1.26772
 1.26832 1.26781 1.26858 1.27005 1.26835 1.26972 1.27139 1.27328 1.2745
 1.27587 1.27715 1.27732 1.27878 1.27949 1.27895 1.27684 1.2745  1.27231
 1.27053 1.26908 1.26821 1.26784 1.26854 1.26697 1.26726 1.26707 1.26662
 1.26631 1.26571 1.26466 1.26357 1.26225 1.26126 1.25951 1.25972 1.25835
 1.25786 1.25729 1.25683 1.25561 1.2565  1.25513 1.25455 1.25453 1.25483
 1.25445 1.25365 1.25306 1.25231 1.25122 1.24969 1.24915 1.24693 1.2457
 1.24458 1.24617 1.24501 1.24449 1.24366 1.24295 1.24249 1.24251 1.24066
 1.2408 ][1.29205 1.29316 1.29304 1.29438 1.29711 1.29806 1.29805 1.29912 1.30037
 1.3013  1.30046 1.30134 1.30178 1.30193 1.30483 1.30559 1.30565 1.30531
 1.30577 1.30821 1.30897 1.30982 1.31171 1.31068 1.3107  1.31132 1.31126
 1.31279 1.31322 1.31481 1.31605 1.31719 1.31914 1.31941 1.31999 1.32184
 1.32321 1.32456 1.32647 1.32828 1.32955 1.32978 1.33142 1.33163 1.33079
 1.33129 1.33259 1.33313 1.33283 1.33348 1.33497 1.3353  1.33465 1.33566
 1.33466 1.33613 1.33778 1.33836 1.33959 1.34183 1.33989 1.33833 1.33756
 1.33624 1.33708 1.33658 1.33576 1.33455 1.33367 1.33257 1.33198 1.33174
 1.33178 1.32992 1.32897 1.32641 1.32727 1.32599 1.32489 1.32405 1.32265
 1.32145 1.32133 1.32127 1.32035 1.32006 1.32008 1.3197  1.31866 1.31856
 1.31822 1.31818 1.3172  1.31711 1.31584 1.31578 1.31566 1.31321 1.31318
 1.313  ][1.17751 1.17781 1.17985 1.18038 1.17888 1.17846 1.17975 1.18035 1.1815
 1.18166 1.183   1.18402 1.18459 1.18462 1.18441 1.18478 1.18559 1.18681
 1.18726 1.18796 1.18877 1.18674 1.18655 1.18701 1.18798 1.18892 1.18863
 1.18998 1.19026 1.18986 1.19171 1.19317 1.19382 1.19429 1.19611 1.19687
 1.19773 1.1987  1.19872 1.19868 1.19961 1.19971 1.20146 1.20214 1.20214
 1.20325 1.20413 1.20376 1.20454 1.20444 1.2074  1.20771 1.2084  1.20867
 1.20929 1.21002 1.21126 1.21223 1.21248 1.21183 1.21172 1.212   1.21296
 1.21518 1.2158  1.21482 1.21568 1.21581 1.2168  1.21758 1.21755 1.21656
 1.21453 1.21394 1.21389 1.21194 1.2117  1.20993 1.20939 1.20846 1.20728
 1.20654 1.20686 1.20638 1.2052  1.20351 1.2016  1.20086 1.20109 1.20077
 1.1997  1.19852 1.19757 1.19744 1.19615 1.19458 1.19392 1.19253 1.19306
 1.1926 ][1.26322 1.26365 1.2638  1.26426 1.26585 1.26633 1.26801 1.26845 1.26966
 1.27108 1.27255 1.27373 1.27549 1.27594 1.27647 1.27607 1.27777 1.27813
 1.27806 1.27801 1.27883 1.2793  1.27869 1.28033 1.28138 1.28229 1.28326
 1.28384 1.2836  1.28435 1.28636 1.28687 1.28738 1.28973 1.29246 1.29279
 1.29232 1.29236 1.29339 1.2948  1.29471 1.29749 1.29986 1.30002 1.30096
 1.30353 1.3045  1.3053  1.30698 1.30765 1.30841 1.30896 1.31183 1.31447
 1.31492 1.31634 1.31885 1.31841 1.31963 1.31996 1.32078 1.32282 1.32246
 1.32461 1.32666 1.3269  1.32808 1.32871 1.32959 1.33039 1.33178 1.333
 1.33352 1.33369 1.33332 1.33319 1.33378 1.33591 1.33686 1.33882 1.33824
 1.33717 1.3364  1.33465 1.33251 1.33205 1.33062 1.33172 1.33116 1.33159
 1.32991 1.32957 1.32714 1.32598 1.3262  1.32622 1.32415 1.32295 1.32183
 1.32125][1.27758 1.27905 1.2784  1.27974 1.28006 1.27993 1.2812  1.28284 1.28261
 1.28443 1.28591 1.28606 1.28774 1.28785 1.28782 1.28821 1.28915 1.28956
 1.29015 1.28892 1.2908  1.29228 1.29351 1.29457 1.29432 1.29573 1.29573
 1.29685 1.2976  1.29868 1.30046 1.3     1.30059 1.30238 1.30304 1.30239
 1.30241 1.30182 1.30391 1.3052  1.30596 1.30657 1.30778 1.30972 1.31088
 1.31255 1.3135  1.31472 1.31533 1.31689 1.31773 1.31925 1.31976 1.31921
 1.32082 1.32098 1.32305 1.32437 1.32495 1.32553 1.32616 1.3277  1.32952
 1.33113 1.33215 1.33171 1.33317 1.33505 1.33581 1.33608 1.33694 1.33849
 1.34062 1.34263 1.34149 1.34142 1.34344 1.34691 1.34872 1.34957 1.35189
 1.35023 1.35004 1.35098 1.35182 1.35315 1.35528 1.35667 1.35746 1.35696
 1.35642 1.3549  1.35298 1.35247 1.35192 1.35192 1.35182 1.35056 1.34785
 1.34662]