[1.31615 1.31575 1.31672 1.31678 1.31678 1.31529 1.31542 1.31659 1.31854
 1.3183  1.3187  1.31867 1.31858 1.31859 1.31797 1.31838 1.31725 1.31746
 1.31841 1.31802 1.31848 1.31789 1.31768 1.31624 1.31638 1.31529 1.3133
 1.31353 1.31347 1.31154 1.31198 1.31191 1.31179 1.31078 1.31091 1.3114
 1.31039 1.31055 1.30979 1.30916 1.30842 1.30706 1.30656 1.30506 1.30427
 1.30348 1.30245 1.30179 1.301   1.29992 1.29837 1.29812 1.29745 1.29778
 1.29716 1.29672 1.29681 1.29583 1.29459 1.2936  1.29289 1.29246 1.29242
 1.29115 1.28995 1.28885 1.28837 1.28824 1.28802 1.28764 1.28763 1.28858
 1.28674 1.28516 1.285   1.28366 1.28277 1.2819  1.2812  1.28066 1.2794
 1.27797 1.27757 1.27727 1.27793 1.27769 1.2768  1.27683 1.27798 1.27786
 1.27702 1.27631 1.27591 1.27491 1.27318 1.2724  1.27117 1.27064 1.27005
 1.26927][1.29529 1.29627 1.29732 1.29736 1.29714 1.29652 1.29653 1.29801 1.29764
 1.29661 1.29752 1.29756 1.29847 1.29864 1.29806 1.29754 1.29866 1.29945
 1.3003  1.30097 1.30034 1.30057 1.29942 1.29899 1.2988  1.2981  1.29876
 1.2979  1.29766 1.29869 1.29624 1.29696 1.29596 1.29599 1.29513 1.29588
 1.29473 1.29418 1.29419 1.29431 1.29326 1.29352 1.29232 1.29127 1.29017
 1.28961 1.28941 1.2877  1.28739 1.28537 1.28441 1.28291 1.27995 1.28025
 1.2801  1.27995 1.27951 1.27921 1.27723 1.2768  1.27587 1.27558 1.27322
 1.27389 1.27408 1.27273 1.27203 1.2715  1.27129 1.27165 1.27209 1.27048
 1.27116 1.27131 1.2706  1.27001 1.26878 1.26721 1.26684 1.26612 1.26616
 1.26607 1.2652  1.26509 1.2635  1.26276 1.26298 1.26237 1.26185 1.26312
 1.26161 1.26137 1.2587  1.25716 1.25748 1.25535 1.25422 1.25448 1.25407
 1.2529 ][1.25525 1.25531 1.25613 1.25667 1.25714 1.25656 1.25726 1.25802 1.25802
 1.25937 1.25948 1.25939 1.26048 1.26075 1.26083 1.26113 1.26198 1.26202
 1.26238 1.26283 1.26294 1.26402 1.26426 1.26505 1.26515 1.26508 1.26557
 1.26572 1.2662  1.26638 1.26603 1.26482 1.26518 1.26474 1.26498 1.26506
 1.26509 1.2654  1.26535 1.26473 1.26382 1.26408 1.26335 1.26328 1.26196
 1.26139 1.26103 1.26133 1.26008 1.25956 1.25804 1.25737 1.25604 1.25538
 1.25546 1.25585 1.25538 1.25399 1.25286 1.25098 1.25015 1.2495  1.24811
 1.24779 1.24706 1.24723 1.24799 1.24761 1.24718 1.24722 1.24626 1.24518
 1.24449 1.24428 1.24345 1.2414  1.24168 1.24068 1.24002 1.2392  1.23819
 1.23805 1.23789 1.23633 1.23545 1.23477 1.23436 1.23334 1.23267 1.2321
 1.23129 1.23134 1.23075 1.2303  1.2314  1.23108 1.23066 1.23066 1.22942
 1.23009][1.25457 1.25532 1.25659 1.2548  1.25504 1.25602 1.2563  1.2567  1.25807
 1.25862 1.25916 1.25921 1.25959 1.25975 1.25977 1.26063 1.26054 1.26078
 1.26119 1.26215 1.26265 1.26392 1.26483 1.2648  1.26603 1.26672 1.26704
 1.26652 1.26645 1.2662  1.26739 1.26818 1.2686  1.2677  1.26752 1.26859
 1.26883 1.2697  1.27043 1.27126 1.27073 1.26993 1.27016 1.26968 1.26913
 1.26863 1.26739 1.2659  1.2657  1.26452 1.26326 1.26329 1.26196 1.26213
 1.26123 1.26078 1.26059 1.26011 1.26049 1.2603  1.26018 1.26005 1.25935
 1.25945 1.25892 1.25886 1.25943 1.25914 1.25882 1.25821 1.25943 1.25841
 1.25825 1.25728 1.25731 1.25689 1.25685 1.25713 1.25747 1.25667 1.25589
 1.25494 1.25498 1.25545 1.25426 1.25415 1.25337 1.25273 1.25176 1.25172
 1.25077 1.25048 1.24996 1.2486  1.24886 1.24804 1.24566 1.24522 1.24456
 1.2439 ][1.235   1.23557 1.23552 1.2366  1.23658 1.23759 1.23842 1.23909 1.23967
 1.24049 1.2407  1.24098 1.24059 1.24093 1.24203 1.24275 1.24234 1.24325
 1.2444  1.24471 1.24562 1.24608 1.2463  1.24696 1.24726 1.24752 1.24758
 1.24814 1.24797 1.24894 1.24945 1.24928 1.24897 1.24904 1.24918 1.25092
 1.25208 1.25234 1.25307 1.25326 1.25351 1.25414 1.25379 1.25366 1.25403
 1.25415 1.25429 1.25454 1.2534  1.25359 1.25342 1.25279 1.25249 1.25185
 1.25166 1.25059 1.24924 1.24855 1.24738 1.2472  1.24636 1.24646 1.24746
 1.24715 1.24634 1.2454  1.24403 1.2438  1.24376 1.24314 1.24118 1.24054
 1.24007 1.23853 1.23798 1.23898 1.23866 1.23807 1.23754 1.23748 1.23674
 1.2361  1.2359  1.2355  1.23414 1.23435 1.23394 1.2335  1.23369 1.2322
 1.23226 1.23153 1.23173 1.23152 1.23109 1.23038 1.22918 1.22911 1.2286
 1.22769][1.24977 1.2501  1.25005 1.2508  1.2504  1.25054 1.24993 1.25018 1.25066
 1.25131 1.252   1.2523  1.25323 1.25402 1.25561 1.25658 1.25687 1.25715
 1.25776 1.25738 1.25766 1.25744 1.25824 1.25876 1.25912 1.25986 1.26016
 1.26165 1.26186 1.26191 1.26264 1.26251 1.26268 1.26211 1.26242 1.26194
 1.26171 1.26221 1.2622  1.26333 1.26449 1.2645  1.26494 1.26523 1.26431
 1.26487 1.26492 1.26502 1.26528 1.26476 1.26489 1.2661  1.26693 1.26767
 1.2683  1.2683  1.2691  1.26942 1.26947 1.26884 1.26924 1.26784 1.26796
 1.26771 1.26673 1.26578 1.26515 1.26485 1.26511 1.26562 1.26507 1.26385
 1.26479 1.26368 1.26327 1.2633  1.26377 1.26352 1.26311 1.26244 1.26168
 1.26152 1.26101 1.26061 1.25946 1.25873 1.25915 1.25821 1.25741 1.25684
 1.25622 1.25602 1.25592 1.25495 1.25491 1.2536  1.25242 1.25209 1.25196
 1.25135][1.25891 1.25937 1.25876 1.25931 1.25972 1.26001 1.26037 1.26118 1.2604
 1.2615  1.2619  1.26214 1.26312 1.26325 1.26408 1.26424 1.26393 1.26341
 1.26391 1.26375 1.26421 1.26451 1.26405 1.26442 1.26406 1.26538 1.26514
 1.26534 1.26544 1.2661  1.26648 1.26642 1.2664  1.26685 1.26667 1.2665
 1.2672  1.26683 1.26714 1.26749 1.26693 1.26725 1.2672  1.26779 1.26862
 1.26928 1.26977 1.2711  1.27199 1.27262 1.27323 1.27424 1.27504 1.27529
 1.27439 1.27504 1.27488 1.27479 1.27558 1.27628 1.27617 1.27586 1.27655
 1.27694 1.27826 1.27803 1.27822 1.2789  1.27881 1.27892 1.27863 1.2782
 1.27731 1.27697 1.27704 1.27695 1.27679 1.27693 1.27625 1.2749  1.27581
 1.27531 1.27541 1.27522 1.27502 1.27505 1.27412 1.27362 1.27353 1.27316
 1.27231 1.27218 1.27149 1.27111 1.27085 1.27143 1.27142 1.27046 1.26865
 1.26784][1.25771 1.2578  1.25906 1.25947 1.25991 1.26035 1.2608  1.26108 1.26112
 1.26136 1.2616  1.26291 1.26366 1.26447 1.26579 1.26626 1.26719 1.26774
 1.26874 1.26903 1.26982 1.27033 1.2708  1.27115 1.27066 1.27145 1.2722
 1.27346 1.27412 1.27423 1.2743  1.27387 1.27371 1.27348 1.27307 1.27374
 1.27334 1.27378 1.27407 1.27355 1.27295 1.27253 1.27348 1.27421 1.27458
 1.27511 1.27397 1.27403 1.27424 1.27548 1.27611 1.27746 1.27833 1.27907
 1.27949 1.27966 1.28024 1.28081 1.28101 1.28148 1.28218 1.28282 1.28267
 1.28316 1.28342 1.2848  1.28489 1.28549 1.28667 1.28637 1.28715 1.28774
 1.28839 1.28902 1.28999 1.28999 1.28958 1.28992 1.29065 1.29047 1.29097
 1.2911  1.29151 1.2921  1.29158 1.29118 1.29054 1.28933 1.28993 1.29
 1.28852 1.28749 1.2868  1.28704 1.28722 1.28736 1.28676 1.2861  1.28457
 1.28475][1.20771 1.20807 1.20887 1.20855 1.2089  1.20964 1.2102  1.21105 1.21055
 1.20954 1.21009 1.21026 1.21141 1.21178 1.21167 1.21241 1.21248 1.21279
 1.21286 1.21329 1.21475 1.21517 1.21493 1.21625 1.21641 1.21599 1.21715
 1.21727 1.2174  1.21769 1.2167  1.21591 1.21597 1.2174  1.21806 1.2192
 1.2183  1.21891 1.21853 1.21852 1.21803 1.21775 1.2184  1.21924 1.22039
 1.21976 1.2198  1.22041 1.22129 1.22216 1.22318 1.22291 1.22317 1.22269
 1.22329 1.22385 1.22406 1.22377 1.22305 1.22368 1.22365 1.22413 1.22489
 1.22595 1.22626 1.2271  1.2279  1.22851 1.22924 1.22896 1.22933 1.2297
 1.23096 1.23113 1.23189 1.23274 1.23393 1.23422 1.23526 1.23528 1.2353
 1.23679 1.23701 1.23794 1.23785 1.23783 1.23832 1.23816 1.23905 1.23913
 1.23753 1.23718 1.23649 1.23502 1.23553 1.235   1.23425 1.23305 1.23173
 1.23138]