747411840 0 0 0.000000 0 0 0 0.000000 0.000000 0.000000 0 
748016640 2349 3826 3.257556 65 1027 467 29.375053 -0.148050 0.084245 661 
748621440 2449 4024 3.286239 70 1073 478 31.364639 -0.155593 0.095486 742 
749226240 2470 4071 3.296356 70 1073 481 31.383806 -0.153505 0.099183 760 
749831040 2511 4157 3.311031 70 1080 491 31.503783 -0.149704 0.103224 793 
750435840 2563 4229 3.300039 70 1094 511 31.181428 -0.145915 0.107309 810 
751040640 2626 4356 3.317593 70 1104 526 31.312262 -0.145429 0.117504 863 
751645440 2676 4467 3.338565 70 1120 536 31.690583 -0.142776 0.121001 916 
752250240 2729 4689 3.436424 70 1120 551 33.904727 -0.125571 0.130291 1100 
752855040 2779 4836 3.480389 71 1126 556 34.448363 -0.122117 0.136745 1170 
753459840 2847 5037 3.538462 73 1131 577 35.846154 -0.113414 0.148419 1289 
754064640 2906 5242 3.607708 74 1131 585 37.046800 -0.109871 0.155801 1420 
754669440 2944 5332 3.622283 74 1134 598 37.209918 -0.108324 0.160010 1460 
755274240 2994 5505 3.677355 74 1132 604 37.889780 -0.105362 0.164750 1548 
755879040 3039 5639 3.711089 74 1139 609 38.793024 -0.095016 0.167548 1634 
756483840 3086 5802 3.760207 74 1138 613 39.517174 -0.092285 0.173856 1723 
757088640 3108 5854 3.767053 74 1138 620 39.496782 -0.090679 0.175714 1752 
757693440 3133 5937 3.789978 74 1138 625 39.879987 -0.086622 0.177153 1795 
758298240 3170 6058 3.822082 75 1140 629 40.465615 -0.081182 0.180651 1870 
758903040 3235 6233 3.853478 75 1169 626 41.218547 -0.084226 0.180777 1950 
759507840 3303 6391 3.869815 76 1185 648 41.628217 -0.086023 0.183366 2031 
760112640 3337 6471 3.878334 76 1186 656 41.606233 -0.083442 0.185386 2065 
760717440 3400 6651 3.912353 76 1190 678 42.043529 -0.082136 0.191113 2173 
761322240 3459 6879 3.977450 76 1190 693 43.632264 -0.075445 0.195281 2308 
761927040 3511 7100 4.044432 77 1183 713 45.400741 -0.064411 0.202146 2496 
762531840 3546 7235 4.080654 77 1179 725 45.987592 -0.063261 0.204793 2579 
763136640 3622 7402 4.087245 78 1211 736 46.045279 -0.061490 0.206166 2655 
763741440 3701 7595 4.104296 78 1236 756 46.495542 -0.061027 0.208949 2750 
764346240 3749 7768 4.144038 78 1218 777 47.081355 -0.060452 0.217506 2853 
764951040 3826 7990 4.176686 78 1245 777 47.719289 -0.059500 0.220637 2981 
765555840 3871 8184 4.228365 78 1244 784 48.779644 -0.056612 0.224590 3119 
766160640 3903 8298 4.252114 78 1230 792 48.961312 -0.054576 0.228227 3181 
766765440 3944 8481 4.300710 78 1240 787 50.117140 -0.055165 0.228824 3316 
767370240 3996 8632 4.320320 79 1241 810 50.504505 -0.054940 0.231367 3398 
767975040 4030 8770 4.352357 79 1232 819 51.025806 -0.052903 0.234316 3480 
768579840 4086 9001 4.405776 80 1222 839 52.061185 -0.052121 0.238148 3621 
769184640 4170 9219 4.421583 80 1260 840 52.438849 -0.050371 0.237309 3750 
769789440 4256 9526 4.476504 81 1268 841 53.371711 -0.049761 0.241724 3938 
770394240 4330 9741 4.499307 82 1293 838 53.680831 -0.048168 0.240938 4075 
770999040 4382 9990 4.559562 83 1279 847 54.834322 -0.047298 0.244972 4237 
771603840 4452 10319 4.635669 84 1268 865 56.155436 -0.042540 0.248839 4454 
772208640 4504 10510 4.666963 84 1260 876 56.561279 -0.040319 0.252006 4570 
772813440 4569 10817 4.734953 85 1252 884 57.862552 -0.037422 0.253457 4761 
773418240 4634 11083 4.783341 86 1263 867 58.793267 -0.034651 0.250282 4914 
774023040 4684 11322 4.834330 86 1264 863 59.765158 -0.033900 0.250246 5053 
774627840 4740 11519 4.860338 87 1266 869 60.245992 -0.032562 0.252716 5170 
775232640 4827 11793 4.886265 88 1294 884 62.049720 -0.038939 0.251837 5343 
775837440 4871 11971 4.915212 89 1287 896 62.418805 -0.037339 0.254215 5451 
776442240 4926 12136 4.927324 89 1293 902 62.657734 -0.035944 0.255354 5549 
777047040 4976 12296 4.942122 89 1299 905 62.960209 -0.034843 0.256010 5645 
777651840 5044 12624 5.005551 89 1293 917 64.286281 -0.033658 0.257803 5862 
778256640 5085 12772 5.023402 89 1298 925 64.969912 -0.034846 0.258898 5951 
778861440 5152 13011 5.050854 89 1318 924 65.722050 -0.033656 0.258131 6092 
779466240 5207 13240 5.085462 89 1315 934 66.366046 -0.031086 0.259267 6239 
780071040 5275 13549 5.137062 91 1313 933 67.527204 -0.029265 0.260187 6450 
780675840 5355 13841 5.169374 93 1330 948 68.545658 -0.028069 0.260142 6620 
781280640 5406 14055 5.199778 95 1330 943 69.199038 -0.027784 0.261533 6753 
781885440 5461 14299 5.236770 95 1325 965 70.045413 -0.026253 0.262560 6906 
782490240 5514 14601 5.295974 97 1323 971 71.635836 -0.023219 0.263804 7128 
783095040 5575 14880 5.338117 98 1326 979 72.805022 -0.020812 0.263639 7321 
783699840 5644 15122 5.358611 99 1347 979 73.165131 -0.019630 0.262768 7464 
784304640 5684 15312 5.387755 99 1355 981 73.923997 -0.017867 0.261045 7590 
784909440 5748 15634 5.439805 99 1351 992 74.887613 -0.016118 0.262401 7802 
785514240 5813 15935 5.482539 99 1365 985 75.906761 -0.014935 0.261839 8024 
786119040 5896 16330 5.539349 99 1384 988 77.716079 -0.011305 0.261601 8309 
786723840 5970 16643 5.575544 100 1383 996 78.441206 -0.009357 0.261585 8528 
787328640 6007 16823 5.601132 100 1378 1004 79.021142 -0.007224 0.263508 8655 
787933440 6055 17044 5.629727 101 1379 1010 79.639637 -0.006115 0.264161 8797 
788538240 6095 17247 5.659393 101 1372 1018 80.379327 -0.005094 0.265026 8921 
789143040 6130 17429 5.686460 101 1373 1027 80.928548 -0.005076 0.264338 9043 
789747840 6191 17663 5.706025 101 1373 1036 81.346794 -0.003261 0.265564 9182 
790352640 6279 18019 5.739449 101 1388 1035 82.169772 -0.002998 0.263638 9396 
790957440 6335 18352 5.793844 102 1387 1039 84.000000 -0.004042 0.263059 9627 
791562240 6399 18644 5.827160 102 1405 1044 84.991092 -0.002069 0.262650 9858 
792167040 6456 18907 5.857187 103 1415 1045 85.824040 -0.000579 0.262119 10041 
792771840 6515 19277 5.917728 105 1412 1044 87.212586 -0.000397 0.262734 10299 
793376640 6584 19690 5.981166 105 1405 1048 88.586877 0.000212 0.263602 10582 
793981440 6639 20021 6.031330 105 1407 1050 90.049405 -0.001336 0.263455 10831 
794586240 6699 20468 6.110763 106 1411 1035 92.050754 0.000172 0.262060 11147 
795191040 6791 20977 6.177882 108 1411 1044 93.956707 0.000574 0.262496 11503 
795795840 6868 21458 6.248690 108 1391 1055 95.713162 0.002760 0.265409 11872 
796400640 6933 21874 6.310111 108 1385 1070 97.537574 0.005447 0.266769 12196 
797005440 7016 22310 6.359749 109 1404 1083 99.449259 0.008320 0.265782 12518 
797610240 7090 22737 6.413822 109 1399 1081 100.913681 0.008580 0.265077 12790 
798215040 7136 23071 6.466087 111 1395 1076 103.095291 0.007545 0.265149 13048 
798819840 7228 23541 6.513835 113 1411 1085 105.000277 0.008818 0.265202 13400 
799424640 7291 23860 6.545056 113 1419 1074 105.662598 0.010013 0.264529 13604 
800029440 7362 24295 6.600109 114 1417 1072 107.217061 0.010851 0.263678 13905 
800634240 7421 24613 6.633338 115 1423 1072 108.353322 0.011976 0.263230 14123 
801239040 7474 25008 6.691999 116 1406 1090 110.223174 0.013402 0.264930 14405 
801843840 7522 25367 6.744749 116 1396 1099 111.797128 0.013936 0.265177 14676 
802448640 7610 25881 6.801840 119 1409 1095 113.369514 0.015281 0.264303 15061 
803053440 7670 26267 6.849283 122 1407 1088 114.886571 0.014822 0.264079 15348 
803658240 7724 26599 6.887364 122 1401 1100 116.030036 0.015671 0.264513 15570 
804263040 7811 27115 6.942773 122 1399 1120 118.655742 0.016825 0.266346 15962 
804867840 7881 27579 6.998858 125 1391 1127 120.281436 0.017135 0.266684 16298 
805472640 7954 28092 7.063616 128 1388 1112 122.215489 0.017590 0.265624 16651 
806077440 8007 28447 7.105533 129 1385 1100 123.387536 0.017741 0.265690 16905 
806682240 8089 29107 7.196687 131 1370 1109 126.292249 0.018823 0.266001 17413 
807287040 8163 29575 7.246110 131 1370 1108 127.942668 0.019491 0.265712 17756 
807891840 8228 30147 7.327905 133 1362 1123 130.947253 0.020657 0.265839 18199 
808496640 8266 30424 7.361239 136 1365 1115 132.129930 0.021121 0.265478 18411 
809101440 8322 30846 7.413122 136 1361 1116 133.785628 0.021446 0.263866 18711 
809706240 8372 31190 7.451027 136 1358 1124 135.208791 0.022508 0.263352 18952 
810311040 8418 31511 7.486576 136 1348 1128 136.283203 0.023006 0.263594 19184 
810915840 8474 31817 7.509323 137 1350 1135 136.965778 0.023415 0.263268 19381 
811520640 8533 32212 7.549982 138 1354 1133 138.697058 0.024525 0.263335 19703 
812125440 8610 32677 7.590476 140 1359 1136 140.203252 0.025607 0.263129 20026 
812730240 8669 33092 7.634560 140 1362 1130 142.184104 0.029069 0.261565 20395 
813335040 8716 33396 7.663148 140 1360 1138 143.295089 0.029552 0.261386 20619 
813939840 8795 33987 7.728709 140 1370 1141 145.709835 0.029363 0.260103 21057 
814544640 8853 34462 7.785383 140 1375 1139 147.956625 0.029630 0.259102 21430 
815149440 8924 35044 7.853877 141 1363 1145 150.196773 0.030191 0.258628 21867 
815754240 8999 35544 7.899544 141 1376 1137 151.851095 0.031266 0.257616 22234 
816359040 9058 35972 7.942592 141 1370 1141 153.370722 0.031527 0.257785 22530 
816963840 9132 36566 8.008322 142 1359 1145 155.506789 0.031731 0.257868 22984 
817568640 9191 37069 8.066369 142 1351 1157 158.241105 0.031927 0.257434 23389 
818173440 9274 37774 8.146215 143 1348 1153 161.081950 0.032590 0.256827 23949 
818778240 9325 38134 8.178874 143 1344 1159 162.080429 0.033303 0.256012 24187 
819383040 9416 38855 8.252974 179 1357 1162 167.836873 0.026955 0.254256 24770 
819987840 9500 39532 8.322526 180 1356 1163 170.225053 0.027156 0.253223 25255 
820592640 9531 39755 8.342252 180 1359 1171 171.021928 0.027240 0.252792 25418 
821197440 9561 40184 8.405815 182 1351 1170 175.838929 0.026100 0.252586 25845 
821802240 9608 40476 8.425479 183 1351 1172 176.450042 0.026404 0.252527 26063 
822407040 9647 40850 8.468954 183 1342 1175 178.094537 0.026934 0.251735 26319 
823011840 9708 41429 8.535023 184 1325 1170 180.290482 0.027710 0.251493 26756 
823616640 9773 42054 8.606160 184 1315 1165 182.926225 0.027086 0.250587 27201 
824221440 9841 42763 8.690783 185 1309 1170 187.053145 0.028876 0.250128 27785 
824826240 9907 43331 8.747552 186 1308 1169 189.052993 0.029637 0.249807 28226 
825431040 9979 43994 8.817316 186 1294 1179 191.724421 0.029743 0.249683 28708 
826035840 10047 44592 8.876680 187 1305 1170 196.259779 0.030416 0.248300 29207 
826640640 10133 45054 8.892529 187 1335 1172 197.284911 0.030101 0.247385 29526 
827245440 10206 45746 8.964531 187 1334 1177 200.323339 0.030506 0.246941 30090 
827850240 10277 46441 9.037852 187 1330 1180 204.860757 0.031640 0.245966 30684 
828455040 10331 46984 9.095731 188 1315 1188 206.960798 0.032172 0.246580 31104 
829059840 10388 47416 9.128995 188 1309 1194 207.940701 0.032801 0.246046 31414 
829664640 10460 48022 9.182027 190 1301 1208 210.213002 0.033247 0.246436 31878 
830269440 10522 48632 9.243870 191 1293 1209 213.656149 0.032714 0.247040 32391 
830874240 10592 49211 9.292107 192 1304 1199 216.184856 0.032211 0.246302 32843 
831479040 10648 49654 9.326446 192 1300 1206 217.637491 0.032554 0.246562 33186 
832083840 10719 50149 9.357030 192 1312 1200 218.608639 0.033374 0.245516 33541 
832688640 10803 50868 9.417384 193 1317 1201 221.984634 0.032088 0.244389 34103 
833293440 10856 51289 9.448968 193 1316 1205 223.441599 0.032523 0.243693 34387 
833898240 10931 51953 9.505626 193 1314 1212 226.210777 0.031492 0.243019 34892 
834503040 11009 52618 9.559088 194 1303 1217 228.106640 0.031711 0.242813 35392 
835107840 11074 53233 9.614051 196 1291 1241 231.674914 0.031733 0.242799 35895 
835712640 11155 54023 9.685881 197 1297 1230 234.674496 0.031865 0.241773 36486 
836317440 11243 54738 9.737259 198 1306 1232 236.814907 0.032571 0.241158 37044 
836922240 11297 55144 9.762592 198 1304 1241 237.934496 0.033037 0.241440 37362 
837527040 11361 55723 9.809524 199 1296 1235 239.756359 0.033636 0.241691 37795 
838131840 11436 56301 9.846275 201 1298 1246 241.223505 0.034028 0.241584 38197 
838736640 11510 56983 9.901477 203 1298 1241 243.290356 0.034911 0.240927 38701 
839341440 11569 57653 9.966808 204 1288 1241 245.870516 0.034956 0.240536 39221 
839946240 11650 58218 9.994506 204 1291 1246 247.002918 0.035690 0.239909 39634 
840551040 11723 58835 10.037533 204 1280 1243 248.555489 0.035981 0.240118 40091 
841155840 11806 59479 10.076063 205 1280 1239 250.053363 0.036386 0.240004 40563 
841760640 11885 60042 10.103828 205 1276 1245 251.195120 0.036629 0.239586 40935 
842365440 11955 60776 10.167461 205 1266 1243 253.628273 0.037166 0.238871 41486 
842970240 12039 61568 10.228092 205 1272 1244 256.198521 0.037876 0.237569 42098 
843575040 12114 62342 10.292554 207 1263 1237 258.947829 0.037432 0.237490 42694 
844179840 12205 63243 10.363458 207 1264 1235 262.009013 0.037744 0.236517 43381 
844784640 12300 64203 10.439512 210 1264 1225 265.439675 0.038702 0.235047 44109 
845389440 12377 65052 10.511756 210 1254 1221 268.482508 0.038976 0.234201 44746 
845994240 12460 65781 10.558748 210 1245 1220 270.340770 0.039311 0.234060 45287 
846599040 12554 66962 10.667835 213 1242 1213 277.041102 0.037688 0.233007 46270 
847203840 12626 67625 10.712023 213 1242 1218 278.966102 0.037919 0.232380 46734 
847808640 12697 68420 10.777349 214 1238 1206 281.867843 0.038168 0.231262 47369 
848413440 12754 68948 10.811981 214 1230 1212 283.390466 0.038514 0.231080 47768 
849018240 12823 69612 10.857366 214 1227 1211 285.298448 0.038587 0.230105 48240 
849623040 12897 70425 10.921144 215 1214 1205 288.221912 0.038581 0.229911 48868 
850227840 12971 71378 11.005782 216 1204 1202 292.661630 0.038779 0.229205 49666 
850832640 13046 72232 11.073432 218 1202 1204 295.946190 0.038877 0.228288 50335 
851437440 13118 73112 11.146821 220 1191 1210 299.092087 0.039416 0.227346 51009 
852042240 13151 73449 11.170101 220 1184 1215 300.049426 0.039718 0.227352 51239 
852647040 13194 73991 11.215856 221 1181 1216 302.531302 0.040173 0.226955 51688 
853251840 13244 74547 11.257475 222 1178 1215 304.403805 0.040269 0.226282 52069 
853856640 13291 75121 11.304040 222 1170 1214 306.472952 0.040285 0.225440 52496 
854461440 13353 75777 11.349809 223 1163 1220 308.376245 0.040853 0.225433 53004 
855066240 13436 76702 11.417386 223 1166 1224 311.571152 0.041661 0.224541 53743 
855671040 13499 77332 11.457441 225 1165 1227 313.941181 0.041603 0.224396 54212 
856275840 13557 78021 11.510069 226 1159 1214 316.314819 0.042041 0.223591 54749 
856880640 13627 78828 11.569384 229 1165 1198 319.809643 0.041576 0.222152 55390 
857485440 13674 79422 11.616498 229 1158 1199 322.114963 0.041763 0.222010 55857 
858090240 13751 80383 11.691222 229 1153 1209 326.056141 0.042236 0.221421 56635 
858695040 13815 81131 11.745349 231 1151 1210 328.831270 0.041834 0.220892 57189 
859299840 13876 81708 11.776881 231 1147 1214 330.416691 0.042223 0.220461 57635 
859904640 13937 82512 11.840712 231 1141 1212 333.612686 0.042079 0.219889 58237 
860509440 13993 83191 11.890374 231 1129 1211 335.915386 0.042298 0.219137 58756 
861114240 14064 83948 11.937998 233 1124 1214 338.241041 0.041975 0.219030 59344 
861719040 14116 84807 12.015727 233 1115 1215 344.427317 0.039509 0.218506 60105 
862323840 14180 85383 12.042736 233 1119 1213 345.828914 0.039484 0.218427 60542 
862928640 14256 86247 12.099747 233 1127 1199 349.084315 0.039523 0.217268 61201 
863533440 14320 87008 12.151955 233 1123 1198 351.681285 0.039483 0.216882 61786 
864138240 14384 87788 12.206340 233 1117 1194 354.403643 0.039603 0.216222 62383 
864743040 14459 88622 12.258386 234 1108 1199 356.909883 0.039653 0.215957 63049 
865347840 14536 89478 12.311227 237 1108 1183 359.525867 0.039955 0.215260 63692 
865952640 14630 90467 12.367327 238 1115 1180 363.023513 0.040388 0.214638 64464 
866557440 14699 91355 12.430097 238 1112 1181 366.078237 0.040487 0.214192 65164 
867162240 14804 92428 12.486895 238 1105 1187 368.433531 0.040945 0.213760 65933 
867767040 14884 93327 12.540580 239 1105 1189 371.169981 0.040927 0.213203 66650 
868371840 14954 94392 12.624315 239 1097 1183 375.193527 0.040806 0.212674 67497 
868976640 15029 95221 12.671635 239 1093 1179 377.348992 0.040840 0.211980 68111 
869581440 15110 96075 12.716744 239 1094 1173 379.414030 0.041450 0.211505 68748 
870186240 15194 97349 12.814137 241 1085 1163 384.606818 0.041858 0.211092 69770 
870791040 15278 98453 12.888205 243 1084 1158 388.896845 0.042463 0.210334 70650 
871395840 15354 99237 12.926534 245 1082 1158 391.102775 0.042456 0.210063 71225 
872000640 15440 100419 13.007642 245 1072 1157 395.392228 0.042427 0.209454 72189 
872605440 15507 101043 13.031921 246 1065 1168 396.873541 0.042456 0.209604 72668 
873210240 15564 101471 13.039193 247 1067 1169 397.315086 0.042573 0.209513 72946 
873815040 15642 102335 13.084644 248 1068 1167 399.655671 0.042464 0.209047 73575 
874419840 15715 103444 13.165002 249 1071 1163 407.056697 0.042034 0.208396 74570 
875024640 15788 104192 13.198885 249 1081 1156 408.826831 0.042143 0.207739 75124 
875629440 15874 105080 13.239259 251 1083 1161 411.171601 0.042116 0.207177 75783 
876234240 15945 105798 13.270367 251 1084 1153 412.700659 0.042177 0.207005 76331 
876839040 16026 106716 13.317858 252 1080 1151 415.288157 0.041980 0.206748 77032 
877443840 16110 107522 13.348479 252 1085 1156 417.173309 0.042026 0.206458 77646 
878048640 16201 108531 13.398062 253 1093 1151 420.033455 0.042099 0.205858 78400 
878653440 16302 109647 13.451969 254 1098 1150 423.102441 0.042326 0.204711 79250 
879258240 16362 110536 13.511307 254 1095 1139 426.016257 0.042421 0.204005 79922 
879863040 16451 111454 13.549815 255 1096 1147 428.183940 0.042539 0.203638 80575 
880467840 16563 112669 13.604902 259 1111 1148 431.890720 0.042383 0.202541 81462 
881072640 16653 113880 13.676815 260 1114 1137 435.676455 0.042596 0.201665 82389 
881677440 16760 115181 13.744749 262 1126 1133 443.133294 0.040548 0.201267 83511 
882282240 16848 116091 13.780983 265 1133 1134 445.689340 0.040315 0.200543 84171 
882887040 16959 117616 13.870629 268 1126 1126 451.367887 0.040738 0.199641 85412 
883491840 16996 118056 13.892210 270 1120 1132 452.391857 0.040701 0.199595 85734 
884096640 17024 118488 13.920113 273 1113 1137 454.296992 0.040856 0.199594 86096 
884701440 17088 119657 14.004799 274 1105 1130 460.316596 0.040245 0.199123 87062 
885306240 17162 120412 14.032397 275 1101 1138 461.900594 0.040177 0.199254 87641 
885911040 17218 121122 14.069230 275 1101 1133 464.320943 0.040380 0.198958 88204 
886515840 17287 122116 14.128073 276 1094 1142 467.458090 0.040526 0.198793 88978 
887120640 17348 122818 14.159327 277 1093 1140 469.376758 0.040366 0.198379 89524 
887725440 17400 123615 14.208621 278 1090 1142 473.695632 0.040934 0.198356 90208 
888330240 17476 124668 14.267338 280 1091 1131 476.971847 0.041056 0.197881 91028 
888935040 17560 125644 14.310251 282 1093 1133 479.226765 0.041231 0.197419 91773 
889539840 17623 126478 14.353742 282 1092 1135 481.942348 0.041377 0.197125 92411 
890144640 17768 127799 14.385299 282 1145 1137 486.078793 0.038774 0.195853 93409 
890749440 17838 128594 14.417984 283 1144 1136 487.981388 0.038785 0.195246 93991 
891354240 17910 129642 14.477052 284 1143 1136 491.837968 0.038791 0.194957 94861 
891959040 17966 130353 14.511076 285 1147 1125 493.555494 0.038929 0.194457 95414 
892563840 18006 130954 14.545596 285 1147 1125 495.891147 0.038615 0.194354 95906 
893168640 18073 131777 14.582748 286 1136 1133 498.079566 0.038372 0.193971 96529 
893773440 18163 132842 14.627760 286 1135 1139 501.498101 0.038508 0.193506 97368 
894378240 18221 133453 14.648263 286 1135 1138 502.556720 0.038774 0.193512 97818 
894983040 18294 134357 14.688641 286 1128 1131 504.514704 0.039013 0.193475 98481 
895587840 18371 135370 14.737358 286 1120 1124 507.342442 0.039152 0.193458 99239 
896192640 18463 136293 14.763906 287 1118 1133 508.945350 0.039364 0.193506 99929 
896797440 18545 137328 14.810245 287 1121 1134 512.226908 0.039368 0.192789 100719 
897402240 18650 138667 14.870456 289 1120 1137 515.621555 0.039672 0.191983 101689 
898007040 18724 139594 14.910703 289 1122 1141 518.036424 0.039906 0.191477 102391 
898611840 18795 140489 14.949614 290 1119 1143 520.837138 0.040126 0.191474 103054 
899216640 18873 141743 15.020717 296 1111 1138 527.543793 0.039683 0.190845 104178 
899821440 18959 142826 15.066828 298 1110 1138 530.327760 0.039633 0.190365 104999 
900426240 19067 144301 15.136204 298 1111 1148 535.386374 0.039395 0.190174 106185 
901031040 19142 145233 15.174276 301 1104 1149 538.902100 0.039263 0.189884 106913 
901635840 19227 146256 15.213606 303 1114 1151 541.565923 0.039293 0.189259 107675 
902240640 19297 147008 15.236358 304 1116 1153 543.254703 0.039429 0.189245 108242 
902845440 19379 148155 15.290263 305 1108 1147 546.412921 0.039473 0.188761 109133 
903450240 19431 148783 15.313983 306 1099 1155 547.794967 0.039607 0.188940 109607 
904055040 19492 149579 15.347732 306 1098 1158 549.906628 0.039863 0.188736 110223 
904659840 19598 151061 15.415961 308 1097 1162 554.181957 0.040165 0.188352 111356 
905264640 19691 152083 15.446955 308 1096 1166 556.129907 0.040428 0.188335 112113 
905869440 19783 153271 15.495223 309 1079 1176 559.069201 0.040555 0.188304 112998 
906474240 19865 154290 15.533854 310 1080 1178 561.260609 0.040762 0.187976 113760 
907079040 19975 155610 15.580476 313 1077 1185 564.432741 0.041008 0.187708 114715 
907683840 20048 156647 15.627195 314 1074 1182 567.618216 0.041019 0.187423 115542 
908288640 20127 157898 15.690167 315 1068 1170 572.007254 0.040937 0.186787 116530 
908893440 20203 158745 15.714993 315 1080 1165 573.663911 0.041071 0.186330 117158 
909498240 20289 159791 15.751491 315 1078 1174 575.953374 0.041342 0.186177 117926 
910103040 20378 160868 15.788399 316 1075 1182 578.498381 0.041388 0.185947 118718 
910707840 20443 162054 15.854229 316 1068 1186 582.483197 0.041469 0.185464 119642 
911312640 20523 163204 15.904497 320 1070 1189 586.374799 0.041638 0.185081 120528 
911917440 20614 164443 15.954497 320 1071 1196 589.779955 0.041962 0.184728 121485 
912522240 20687 165596 16.009668 321 1067 1198 593.635230 0.041810 0.184394 122405 
913127040 20761 166924 16.080536 323 1070 1190 599.170464 0.041491 0.183803 123510 
913731840 20860 168256 16.131927 323 1077 1194 603.933557 0.041377 0.183376 124608 
914336640 20975 170001 16.209869 325 1081 1190 609.359905 0.041381 0.182875 125981 
914941440 21013 170522 16.230143 325 1082 1190 610.538714 0.041510 0.182560 126387 
915546240 21067 171347 16.266863 325 1080 1186 613.541938 0.041182 0.182516 127005 
916151040 21120 172295 16.315814 326 1074 1191 616.606061 0.041186 0.182120 127716 
916755840 21185 173262 16.357045 326 1071 1186 619.302809 0.041076 0.181869 128438 
917360640 21262 174346 16.399774 326 1070 1188 622.585458 0.041000 0.181709 129287 
917965440 21320 175083 16.424296 326 1068 1182 624.060319 0.041244 0.181534 129854 
918570240 21378 175951 16.460941 326 1065 1181 626.450744 0.041287 0.181244 130545 
919175040 21461 177229 16.516379 327 1057 1184 629.895065 0.041238 0.180750 131501 
919779840 21548 178279 16.547151 329 1063 1182 632.285502 0.041305 0.180260 132307 
920384640 21625 179480 16.599306 329 1067 1181 635.739098 0.041301 0.179809 133244 
920989440 21696 180697 16.657172 330 1064 1180 639.976862 0.040880 0.179148 134182 
921594240 21763 181632 16.691816 330 1066 1176 642.369159 0.040869 0.178800 134923 
922199040 21861 183202 16.760624 330 1058 1174 646.650382 0.040999 0.178250 136163 
922803840 21942 184536 16.820345 332 1062 1171 650.601677 0.040787 0.177598 137180 
923408640 22018 185803 16.877373 332 1064 1173 654.757471 0.040753 0.177207 138168 
924013440 22094 186971 16.925048 333 1065 1174 658.233185 0.040771 0.176766 139073 
924618240 22181 188398 16.987331 335 1059 1170 662.427934 0.040902 0.176301 140219 
925223040 22235 189252 17.022892 336 1056 1171 664.615336 0.041057 0.176105 140893 
925827840 22329 190713 17.082091 337 1060 1173 669.702091 0.040840 0.175814 142040 
926432640 22401 191778 17.122271 337 1055 1175 672.579349 0.040635 0.175619 142857 
927037440 22486 193271 17.190341 337 1055 1169 677.476919 0.040469 0.174894 143986 
927642240 22575 194766 17.255017 339 1055 1165 683.051872 0.040669 0.174184 145215 
928247040 22690 196592 17.328515 340 1050 1161 688.668665 0.040864 0.174042 146647 
928851840 22772 198246 17.411382 341 1042 1159 694.134024 0.041181 0.173636 147980 
929456640 22854 199640 17.470902 344 1042 1151 698.485954 0.041246 0.173106 149085 
930061440 22930 200838 17.517488 346 1042 1149 702.369472 0.041352 0.172940 150042 
930666240 23022 202490 17.591000 348 1039 1150 707.410390 0.041309 0.172311 151322 
931271040 23095 203728 17.642607 349 1042 1145 711.392336 0.041054 0.171689 152322 
931875840 23188 204818 17.665862 350 1053 1141 713.300414 0.041244 0.171240 153182 
932480640 23285 206150 17.706678 352 1051 1141 716.096801 0.041170 0.171207 154232 
933085440 23369 207655 17.771834 352 1044 1143 720.755360 0.041283 0.170913 155410 
933690240 23462 209057 17.820902 354 1049 1143 724.206632 0.041291 0.170571 156483 
934295040 23549 210377 17.867171 355 1046 1144 727.528388 0.041373 0.170536 157495 
934899840 23618 211593 17.917944 356 1041 1142 730.907189 0.041578 0.169921 158422 
935504640 23687 212620 17.952463 356 1040 1144 733.493477 0.041530 0.169527 159204 
936109440 23758 213643 17.984931 357 1035 1146 735.821450 0.041575 0.169225 159971 
936714240 23844 215382 18.065929 358 1026 1144 741.885003 0.041642 0.168995 161361 
937319040 23938 216816 18.114797 362 1023 1145 745.533044 0.041615 0.168375 162404 
937923840 24030 218311 18.169871 362 1023 1143 749.314191 0.041697 0.167879 163534 
938528640 24115 219593 18.212150 363 1021 1138 752.302136 0.041773 0.167550 164496 
939133440 24196 221050 18.271615 364 1018 1141 756.615556 0.041777 0.167194 165638 
939738240 24270 222282 18.317429 365 1017 1134 760.146766 0.041976 0.166836 166602 
940343040 24368 223627 18.354153 365 1020 1136 763.050968 0.042015 0.166455 167652 
940947840 24458 224822 18.384332 366 1018 1136 764.996566 0.042175 0.166248 168514 
941552640 24537 226166 18.434690 367 1015 1135 768.382117 0.042257 0.165884 169524 
942157440 24617 227954 18.520047 370 1006 1135 775.251655 0.042154 0.165323 170996 
942762240 24707 229779 18.600316 370 995 1128 781.626826 0.041909 0.165014 172451 
943367040 24787 231260 18.659781 371 992 1120 786.044782 0.041877 0.164259 173596 
943971840 24873 232388 18.685965 371 997 1123 788.114662 0.041868 0.163970 174483 
944576640 24939 233400 18.717671 371 996 1123 790.374995 0.041801 0.163772 175248 
945181440 25018 234706 18.762971 374 997 1130 793.685746 0.041912 0.163419 176280 
945786240 25134 236733 18.837670 375 990 1141 800.176176 0.041954 0.163119 177908 
946391040 25206 238017 18.885741 375 989 1129 803.452829 0.042107 0.162772 178858 
946995840 25257 238711 18.902562 376 989 1129 804.727798 0.042200 0.162658 179380 
947600640 25318 239709 18.935856 376 989 1128 806.978039 0.042190 0.162274 180128 
948205440 25414 241313 18.990556 382 980 1132 811.424412 0.041915 0.162012 181381 
948810240 25492 242357 19.014357 382 976 1135 813.216225 0.041948 0.162100 182168 
949415040 25580 244007 19.077952 383 977 1133 818.007428 0.041902 0.161519 183462 
950019840 25658 245287 19.119729 383 976 1138 820.928911 0.042015 0.161404 184462 
950624640 25742 246737 19.169995 383 978 1139 824.813068 0.041938 0.161054 185575 
951229440 25806 247869 19.210184 384 977 1131 827.622568 0.041881 0.160643 186426 
951834240 25881 249410 19.273598 384 980 1124 832.957227 0.041853 0.160026 187678 
952439040 25944 250511 19.311671 384 982 1125 837.434243 0.041319 0.159709 188600 
953043840 26020 252000 19.369716 386 975 1125 841.866410 0.041282 0.159338 189725 
953648640 26096 253706 19.444053 387 970 1126 851.536097 0.039759 0.159158 191259 
954253440 26166 255167 19.503707 389 964 1125 856.898724 0.039893 0.158621 192456 
954858240 26250 256483 19.541562 389 959 1124 859.571733 0.039952 0.158453 193471 
955463040 26329 257759 19.579855 389 960 1126 863.116639 0.039807 0.158101 194456 
956067840 26400 258960 19.618182 389 956 1123 866.301667 0.039849 0.157794 195353 
956672640 26452 259931 19.653032 390 959 1123 869.052246 0.039865 0.157602 196098 
957277440 26513 260799 19.673292 390 958 1124 870.901445 0.039809 0.157473 196792 
957882240 26576 262171 19.729907 392 952 1122 877.995108 0.038794 0.157380 197959 
958487040 26653 263902 19.802799 393 953 1119 885.353244 0.038930 0.156963 199450 
959091840 26737 265292 19.844560 394 954 1113 888.980289 0.038838 0.156569 200500 
959696640 26813 266640 19.888860 394 952 1114 892.398986 0.038974 0.156221 201567 
960301440 26893 268301 19.953222 394 945 1115 898.385082 0.038998 0.156079 202947 
960906240 26977 269719 19.996219 395 940 1117 902.527857 0.039298 0.155834 204083 
961511040 27073 271197 20.034499 396 942 1115 905.941122 0.039509 0.155482 205230 
962115840 27148 272300 20.060410 396 944 1113 907.918005 0.039585 0.155258 206071 
962720640 27229 273718 20.104888 397 939 1112 911.424584 0.039657 0.154984 207171 
963325440 27297 274915 20.142507 397 934 1114 914.149027 0.039773 0.154769 208094 
963930240 27392 276601 20.195751 398 932 1117 918.675234 0.039723 0.154486 209391 
964535040 27489 278417 20.256612 399 929 1126 923.905053 0.039704 0.154338 210815 
965139840 27577 280308 20.329115 400 926 1119 929.638902 0.039785 0.153936 212259 
965744640 27638 281269 20.353788 402 925 1116 931.666474 0.039786 0.153780 212984 
966349440 27723 282740 20.397504 402 923 1102 935.327273 0.039969 0.153463 214170 
966954240 27810 284159 20.435743 403 924 1102 938.140741 0.040040 0.153240 215234 
967559040 27876 285378 20.474817 405 925 1098 941.325154 0.040071 0.152930 216165 
968163840 27963 286594 20.498087 405 923 1098 943.403998 0.040111 0.152854 217037 
968768640 28049 288032 20.537773 407 918 1108 947.087525 0.039969 0.152644 218121 
969373440 28127 289153 20.560529 408 917 1106 948.843318 0.040134 0.152427 218955 
969978240 28204 290430 20.594951 408 910 1104 952.094809 0.040082 0.152278 219946 
970583040 28282 291833 20.637367 409 902 1113 955.812177 0.040171 0.152373 221039 
971187840 28362 292935 20.656865 409 901 1119 957.695085 0.040128 0.152384 221855 
971792640 28454 294325 20.687777 410 898 1116 960.499824 0.040051 0.152203 222909 
972397440 28539 295795 20.729178 410 894 1118 963.697607 0.040145 0.151998 224014 
973002240 28607 297123 20.772748 412 890 1120 968.496592 0.039784 0.151818 225083 
973607040 28710 298779 20.813584 414 894 1118 971.987043 0.039896 0.151491 226366 
974211840 28790 300013 20.841473 416 889 1125 974.322404 0.039882 0.151487 227294 
974816640 28879 301625 20.888881 416 887 1122 978.209980 0.039895 0.151287 228518 
975421440 28964 303093 20.928946 417 893 1111 981.774962 0.039812 0.150944 229665 
976026240 29067 305200 20.999759 418 891 1107 987.512230 0.039804 0.150523 231343 
976631040 29150 306531 21.031286 419 887 1111 990.101612 0.039895 0.150300 232355 
977235840 29269 308441 21.076292 420 878 1109 993.685059 0.040064 0.150150 233815 
977840640 29358 309940 21.114517 421 881 1108 997.032359 0.040162 0.150053 234979 
978445440 29422 310809 21.127660 421 881 1110 998.184964 0.040210 0.150028 235616 
979050240 29484 311906 21.157645 423 881 1112 1000.805725 0.040115 0.149732 236432 
979655040 29574 313772 21.219450 427 874 1112 1006.061473 0.040143 0.149463 237915 
980259840 29658 315345 21.265426 427 872 1112 1010.720952 0.039833 0.149192 239125 
980864640 29732 317090 21.329880 428 863 1114 1020.433540 0.039381 0.148906 240805 
981469440 29824 318814 21.379694 429 865 1111 1024.692127 0.039278 0.148780 242160 
982074240 29916 320533 21.428867 429 861 1114 1028.618933 0.039412 0.148349 243482 
982679040 30017 322431 21.483226 432 859 1115 1033.072326 0.039451 0.148009 244898 
983283840 30097 324053 21.533907 433 864 1109 1037.140512 0.039445 0.147647 246143 
983888640 30183 325820 21.589637 433 866 1107 1041.790081 0.039435 0.147206 247517 
984493440 30250 327276 21.638083 433 865 1095 1045.879207 0.039383 0.146978 248701 
985098240 30328 328934 21.691770 433 865 1092 1050.024796 0.039377 0.146673 249995 
985703040 30399 330225 21.726044 434 861 1101 1053.107142 0.039298 0.146531 251014 
986307840 30497 331936 21.768436 435 865 1089 1057.186346 0.039329 0.146327 252359 
986912640 30561 333220 21.806878 438 859 1090 1060.313864 0.039302 0.146230 253364 
987517440 30627 334711 21.857250 439 857 1082 1064.921409 0.039288 0.145943 254572 
988122240 30711 336224 21.895998 442 855 1083 1068.288040 0.039256 0.145806 255743 
988727040 30788 337962 21.954138 443 854 1084 1073.457841 0.039035 0.145396 257105 
989331840 30849 339304 21.997731 443 848 1083 1077.218062 0.039001 0.145228 258183 
989936640 30925 340538 22.023476 443 850 1082 1079.184608 0.039058 0.145037 259096 
990541440 31016 342530 22.087310 443 847 1078 1085.204798 0.039180 0.144664 260695 
991146240 31102 344282 22.138898 445 855 1074 1090.095942 0.039112 0.144295 262077 
991751040 31202 346155 22.188001 446 856 1072 1094.761169 0.038850 0.144139 263558 
992355840 31270 347524 22.227311 447 853 1065 1098.216310 0.038778 0.143874 264595 
992960640 31365 349242 22.269536 448 855 1069 1102.053308 0.038858 0.143505 265898 
993565440 31440 350891 22.321310 449 854 1066 1106.748855 0.038884 0.143275 267261 
994170240 31532 352821 22.378600 450 853 1059 1112.459660 0.038777 0.142871 268805 
994775040 31624 354695 22.432014 451 846 1059 1117.088477 0.038668 0.142473 270244 
995379840 31704 356365 22.480760 452 853 1046 1120.712528 0.038782 0.142107 271521 
995984640 31762 357399 22.504817 452 856 1045 1122.973742 0.038692 0.141980 272304 
996589440 31836 358945 22.549629 454 856 1048 1126.916007 0.038770 0.141740 273517 
997194240 31914 360377 22.584258 455 852 1050 1130.032713 0.038685 0.141529 274603 
997799040 31964 361715 22.632649 457 849 1051 1134.260606 0.038747 0.141243 275664 
998403840 32011 362765 22.665021 457 847 1049 1136.925682 0.038744 0.140959 276462 
999008640 32077 364284 22.713097 458 848 1040 1140.927518 0.038765 0.140639 277639 
999613440 32149 365984 22.767987 458 843 1043 1146.226570 0.038763 0.140458 278998 
1000218240 32216 367476 22.813260 458 840 1038 1150.091631 0.038787 0.140226 280167 
1000823040 32280 368935 22.858426 459 839 1036 1154.116914 0.038817 0.140090 281336 
1001427840 32357 370418 22.895695 459 839 1030 1157.817536 0.038814 0.139875 282504 
1002032640 32445 372135 22.939436 461 835 1032 1161.693019 0.038790 0.139731 283853 
1002637440 32539 373921 22.982944 463 836 1031 1165.642398 0.038883 0.139452 285232 
1003242240 32629 375874 23.039260 465 834 1026 1170.554844 0.038978 0.138898 286757 
1003847040 32710 377563 23.085478 466 825 1033 1174.770651 0.039028 0.138727 288052 
1004451840 32808 379417 23.129542 466 823 1035 1178.656486 0.039047 0.138482 289509 
1005056640 32891 381027 23.169074 467 826 1029 1182.223648 0.039094 0.138224 290763 
1005661440 32993 383198 23.229049 468 824 1029 1187.505410 0.039063 0.137787 292459 
1006266240 33075 384982 23.279335 470 822 1028 1192.360212 0.038958 0.137415 293868 
1006871040 33177 386881 23.322241 471 821 1027 1196.280315 0.038985 0.137209 295333 
1007475840 33338 389279 23.353471 471 824 1027 1199.611974 0.039100 0.137276 297085 
1008080640 33434 391405 23.413591 472 825 1019 1205.042831 0.039211 0.136966 298739 
1008685440 33524 393252 23.460924 474 825 1014 1209.088414 0.039198 0.136588 300134 
1009290240 33601 395011 23.511860 474 824 1010 1213.895301 0.039341 0.136259 301591 
1009895040 33639 395855 23.535480 474 827 1008 1216.196141 0.039423 0.136076 302263 
1010499840 33690 396682 23.548946 474 828 1008 1217.389077 0.039450 0.136031 302879 
1011104640 33778 399003 23.625022 475 830 1005 1229.976316 0.038097 0.135614 304988 
1011709440 33845 400521 23.667957 476 828 1003 1234.588802 0.038189 0.135415 306243 
1012314240 33911 402040 23.711480 477 829 999 1238.456961 0.038204 0.135161 307424 
1012919040 33995 404277 23.784498 481 827 994 1245.311605 0.038180 0.134908 309213 
1013523840 34067 406117 23.842252 481 822 994 1251.922447 0.037914 0.134688 310761 
1014128640 34140 407713 23.884769 481 821 987 1257.167018 0.037410 0.134546 312061 
1014733440 34207 409314 23.931593 481 818 983 1261.275821 0.037478 0.134251 313321 
1015338240 34285 410902 23.969783 483 823 984 1265.107306 0.037488 0.134027 314559 
1015943040 34342 412321 24.012638 485 823 978 1270.297012 0.037477 0.133855 315775 
1016547840 34343 412365 24.014501 485 823 978 1270.425181 0.037480 0.133826 315807 
