747411840 0 0 0.000000 0 0 0 0.000000 0.000000 0.000000 0 
748016640 2349 3826 3.257556 66 1030 467 29.530013 -0.145498 0.081221 646 
748621440 2449 4024 3.286239 71 1078 483 31.638220 -0.158585 0.081351 676 
749226240 2470 4071 3.296356 72 1075 493 31.776518 -0.156488 0.081666 688 
749831040 2511 4157 3.311031 72 1081 507 31.955396 -0.153022 0.081234 700 
750435840 2563 4229 3.300039 72 1104 517 31.653531 -0.148949 0.080268 706 
751040640 2626 4356 3.317593 72 1129 519 31.914699 -0.147299 0.080175 727 
751645440 2676 4467 3.338565 72 1142 534 32.384903 -0.145556 0.082559 749 
752250240 2729 4689 3.436424 73 1133 546 34.627336 -0.139757 0.084413 802 
752855040 2779 4836 3.480389 73 1129 565 35.143577 -0.135802 0.087041 832 
753459840 2847 5037 3.538462 73 1141 582 36.479803 -0.124454 0.087072 876 
754064640 2906 5242 3.607708 74 1128 605 37.772195 -0.118148 0.090797 931 
754669440 2944 5332 3.622283 75 1135 616 37.992527 -0.116131 0.091705 945 
755274240 2994 5505 3.677355 76 1131 623 38.625251 -0.113510 0.093875 976 
755879040 3039 5639 3.711089 78 1140 627 39.512340 -0.105305 0.093718 1006 
756483840 3086 5802 3.760207 78 1139 637 40.243033 -0.103039 0.094895 1043 
757088640 3108 5854 3.767053 78 1144 639 40.327542 -0.102409 0.095493 1053 
757693440 3133 5937 3.789978 78 1144 644 40.649856 -0.100044 0.096240 1076 
758298240 3170 6058 3.822082 78 1144 655 41.099685 -0.098182 0.096347 1097 
758903040 3235 6233 3.853478 78 1167 662 41.818238 -0.101213 0.095633 1129 
759507840 3303 6391 3.869815 78 1182 686 42.290039 -0.102330 0.097099 1158 
760112640 3337 6471 3.878334 78 1186 690 42.334432 -0.100840 0.096188 1167 
760717440 3400 6651 3.912353 79 1191 711 43.030588 -0.098482 0.097654 1203 
761322240 3459 6879 3.977450 79 1198 708 44.756288 -0.090962 0.099188 1272 
761927040 3511 7100 4.044432 79 1190 722 46.410140 -0.090973 0.099343 1320 
762531840 3546 7235 4.080654 79 1194 724 46.976875 -0.090725 0.100196 1352 
763136640 3622 7402 4.087245 80 1222 735 47.155163 -0.089108 0.101041 1380 
763741440 3701 7595 4.104296 80 1251 750 47.463929 -0.086895 0.100020 1417 
764346240 3749 7768 4.144038 80 1251 760 48.280075 -0.084905 0.100254 1457 
764951040 3826 7990 4.176686 82 1270 772 49.035546 -0.081889 0.100563 1507 
765555840 3871 8184 4.228365 83 1267 774 50.228881 -0.076853 0.100215 1563 
766160640 3903 8298 4.252114 84 1259 789 50.644120 -0.074917 0.101256 1588 
766765440 3944 8481 4.300710 84 1254 800 51.877282 -0.073014 0.103328 1640 
767370240 3996 8632 4.320320 86 1258 818 52.255756 -0.071104 0.102931 1670 
767975040 4030 8770 4.352357 87 1255 825 52.862531 -0.069880 0.103135 1699 
768579840 4086 9001 4.405776 87 1249 834 53.634851 -0.067765 0.101903 1756 
769184640 4170 9219 4.421583 88 1274 836 53.961151 -0.064522 0.101997 1801 
769789440 4256 9526 4.476504 90 1276 853 55.060620 -0.061269 0.103277 1879 
770394240 4330 9741 4.499307 91 1300 849 55.573672 -0.058678 0.102339 1919 
770999040 4382 9990 4.559562 92 1295 852 56.687814 -0.057219 0.103381 1996 
771603840 4452 10319 4.635669 92 1290 850 58.017969 -0.055727 0.103130 2080 
772208640 4504 10510 4.666963 93 1288 856 58.541741 -0.054644 0.105811 2144 
772813440 4569 10817 4.734953 94 1278 861 59.937842 -0.051392 0.108238 2265 
773418240 4634 11083 4.783341 94 1281 872 60.889512 -0.048935 0.110186 2367 
774023040 4684 11322 4.834330 95 1275 882 61.961998 -0.046676 0.111921 2466 
774627840 4740 11519 4.860338 96 1275 891 62.441350 -0.044991 0.112688 2524 
775232640 4827 11793 4.886265 97 1297 907 64.201782 -0.048858 0.113016 2616 
775837440 4871 11971 4.915212 98 1300 907 64.766578 -0.047413 0.114966 2692 
776442240 4926 12136 4.927324 98 1306 919 65.012586 -0.046345 0.116383 2743 
777047040 4976 12296 4.942122 98 1309 933 65.207395 -0.045002 0.117171 2784 
777651840 5044 12624 5.005551 99 1295 957 66.691118 -0.043159 0.120587 2907 
778256640 5085 12772 5.023402 100 1301 963 67.342773 -0.041918 0.121828 2969 
778861440 5152 13011 5.050854 102 1319 976 68.171972 -0.041575 0.122839 3051 
779466240 5207 13240 5.085462 104 1323 977 68.827348 -0.040235 0.123788 3129 
780071040 5275 13549 5.137062 104 1322 980 69.900284 -0.039524 0.124694 3239 
780675840 5355 13841 5.169374 105 1334 990 70.744351 -0.037322 0.125354 3343 
781280640 5406 14055 5.199778 105 1331 983 71.204587 -0.035985 0.126335 3419 
781885440 5461 14299 5.236770 106 1336 988 71.997803 -0.035047 0.127858 3514 
782490240 5514 14601 5.295974 106 1336 988 73.450852 -0.036107 0.128300 3625 
783095040 5575 14880 5.338117 106 1337 992 74.478565 -0.034690 0.129648 3724 
783699840 5644 15122 5.358611 106 1346 995 74.817860 -0.033642 0.129806 3798 
784304640 5684 15312 5.387755 106 1349 997 75.536946 -0.032389 0.130438 3869 
784909440 5748 15634 5.439805 108 1345 1001 76.635699 -0.029732 0.132126 3996 
785514240 5813 15935 5.482539 108 1340 1009 77.671770 -0.028590 0.135222 4122 
786119040 5896 16330 5.539349 108 1345 1017 79.279512 -0.028307 0.135682 4278 
786723840 5970 16643 5.575544 108 1342 1023 79.868677 -0.026157 0.136008 4384 
787328640 6007 16823 5.601132 108 1338 1037 80.499750 -0.025200 0.136607 4453 
787933440 6055 17044 5.629727 110 1333 1040 81.210900 -0.024790 0.138048 4538 
788538240 6095 17247 5.659393 110 1332 1043 81.921575 -0.023879 0.137817 4622 
789143040 6130 17429 5.686460 111 1334 1047 82.655465 -0.023329 0.138063 4687 
789747840 6191 17663 5.706025 111 1339 1058 83.169116 -0.022617 0.138086 4764 
790352640 6279 18019 5.739449 111 1354 1064 84.200032 -0.021806 0.137425 4885 
790957440 6335 18352 5.793844 111 1360 1071 85.866140 -0.022600 0.138136 5020 
791562240 6399 18644 5.827160 111 1370 1079 86.866698 -0.022274 0.138551 5137 
792167040 6456 18907 5.857187 112 1367 1098 87.740087 -0.021927 0.139043 5241 
792771840 6515 19277 5.917728 112 1363 1102 89.346738 -0.020710 0.139817 5391 
793376640 6584 19690 5.981166 112 1357 1097 90.781592 -0.020007 0.141401 5567 
793981440 6639 20021 6.031330 113 1363 1087 92.434102 -0.019035 0.141972 5712 
794586240 6699 20468 6.110763 114 1355 1087 94.581878 -0.019042 0.142248 5890 
795191040 6791 20977 6.177882 115 1349 1100 96.219408 -0.018761 0.144444 6090 
795795840 6868 21458 6.248690 118 1339 1097 98.103669 -0.018599 0.146009 6280 
796400640 6933 21874 6.310111 118 1346 1099 99.927016 -0.017410 0.146286 6452 
797005440 7016 22310 6.359749 118 1368 1098 101.666192 -0.016349 0.145901 6649 
797610240 7090 22737 6.413822 118 1364 1099 103.183921 -0.015940 0.146866 6866 
798215040 7136 23071 6.466087 119 1353 1106 105.359305 -0.015017 0.148557 7044 
798819840 7228 23541 6.513835 120 1370 1115 107.211123 -0.015027 0.149886 7287 
799424640 7291 23860 6.545056 120 1374 1118 107.953916 -0.013551 0.150282 7435 
800029440 7362 24295 6.600109 120 1379 1111 109.456398 -0.013697 0.151071 7654 
800634240 7421 24613 6.633338 120 1383 1118 110.499124 -0.012804 0.151589 7800 
801239040 7474 25008 6.691999 121 1371 1117 112.342253 -0.010979 0.152282 8044 
801843840 7522 25367 6.744749 121 1352 1129 113.844456 -0.010047 0.153075 8221 
802448640 7610 25881 6.801840 122 1360 1129 115.608673 -0.008671 0.153457 8487 
803053440 7670 26267 6.849283 124 1352 1128 116.899870 -0.007853 0.154704 8699 
803658240 7724 26599 6.887364 126 1351 1124 117.925427 -0.007088 0.155192 8864 
804263040 7811 27115 6.942773 128 1356 1136 120.731020 -0.004696 0.156124 9150 
804867840 7881 27579 6.998858 132 1344 1145 122.363406 -0.004268 0.156477 9389 
805472640 7954 28092 7.063616 132 1336 1138 124.224038 -0.002813 0.157848 9657 
806077440 8007 28447 7.105533 132 1334 1136 125.250406 -0.001814 0.157974 9841 
806682240 8089 29107 7.196687 134 1319 1147 128.031895 -0.000196 0.159035 10186 
807287040 8163 29575 7.246110 136 1321 1141 129.582506 -0.000028 0.159759 10443 
807891840 8228 30147 7.327905 136 1316 1138 132.509723 -0.000428 0.160031 10729 
808496640 8266 30424 7.361239 137 1311 1137 133.531817 -0.000911 0.159985 10863 
809101440 8322 30846 7.413122 137 1314 1137 135.340062 0.000032 0.159785 11085 
809706240 8372 31190 7.451027 138 1313 1138 136.699952 0.000289 0.159473 11246 
810311040 8418 31511 7.486576 139 1298 1144 137.732240 0.000729 0.160565 11404 
810915840 8474 31817 7.509323 139 1300 1149 138.298560 0.001520 0.161268 11549 
811520640 8533 32212 7.549982 139 1302 1146 139.980546 0.001799 0.160828 11739 
812125440 8610 32677 7.590476 139 1305 1145 141.373519 0.002719 0.160488 11974 
812730240 8669 33092 7.634560 140 1298 1151 143.155843 0.002889 0.161053 12203 
813335040 8716 33396 7.663148 142 1294 1151 144.217072 0.003216 0.161375 12357 
813939840 8795 33987 7.728709 143 1291 1161 146.759522 0.002696 0.161984 12678 
814544640 8853 34462 7.785383 143 1277 1168 148.914492 0.002944 0.162926 12921 
815149440 8924 35044 7.853877 143 1273 1158 151.224563 0.004033 0.163322 13243 
815754240 8999 35544 7.899544 144 1280 1154 152.648072 0.004091 0.163602 13486 
816359040 9058 35972 7.942592 146 1280 1152 154.205785 0.004324 0.163915 13728 
816963840 9132 36566 8.008322 147 1272 1153 156.355891 0.004863 0.163683 14019 
817568640 9191 37069 8.066369 148 1270 1146 158.931563 0.006972 0.163549 14309 
818173440 9274 37774 8.146215 150 1259 1143 161.827475 0.008291 0.163031 14667 
818778240 9325 38134 8.178874 150 1247 1154 162.840536 0.008853 0.162963 14842 
819383040 9416 38855 8.252974 179 1263 1146 168.305650 0.004883 0.161805 15221 
819987840 9500 39532 8.322526 180 1263 1148 170.695789 0.005284 0.161388 15585 
820592640 9531 39755 8.342252 180 1266 1153 171.543385 0.005849 0.160946 15700 
821197440 9561 40184 8.405815 181 1260 1144 176.414810 0.006675 0.160990 16030 
821802240 9608 40476 8.425479 182 1257 1138 177.025187 0.007203 0.161533 16196 
822407040 9647 40850 8.468954 183 1254 1127 178.618016 0.007251 0.161677 16427 
823011840 9708 41429 8.535023 184 1247 1126 180.951174 0.007620 0.161866 16761 
823616640 9773 42054 8.606160 186 1246 1119 183.860432 0.008371 0.162802 17156 
824221440 9841 42763 8.690783 186 1244 1109 187.754903 0.009794 0.163197 17613 
824826240 9907 43331 8.747552 187 1244 1101 189.761583 0.010207 0.163394 17944 
825431040 9979 43994 8.817316 188 1244 1085 192.787854 0.010868 0.163488 18378 
826035840 10047 44592 8.876680 189 1253 1080 196.997313 0.010679 0.163218 18815 
826640640 10133 45054 8.892529 189 1285 1081 198.034541 0.009891 0.162851 19081 
827245440 10206 45746 8.964531 190 1275 1080 200.858515 0.010853 0.164128 19534 
827850240 10277 46441 9.037852 192 1269 1076 205.631994 0.011008 0.164370 20014 
828455040 10331 46984 9.095731 193 1257 1081 207.949666 0.011532 0.165129 20367 
829059840 10388 47416 9.128995 193 1262 1083 209.003273 0.012002 0.165123 20642 
829664640 10460 48022 9.182027 193 1262 1079 211.211855 0.012829 0.165485 21026 
830269440 10522 48632 9.243870 193 1258 1086 214.318000 0.011383 0.165997 21428 
830874240 10592 49211 9.292107 194 1269 1092 216.895770 0.011707 0.165635 21792 
831479040 10648 49654 9.326446 194 1272 1092 218.316867 0.012247 0.166158 22086 
832083840 10719 50149 9.357030 194 1280 1090 219.498834 0.012656 0.166357 22408 
832688640 10803 50868 9.417384 196 1275 1105 222.835138 0.012342 0.167184 22897 
833293440 10856 51289 9.448968 196 1274 1106 224.151253 0.012918 0.167409 23146 
833898240 10931 51953 9.505626 196 1271 1110 226.851340 0.013757 0.168127 23578 
834503040 11009 52618 9.559088 196 1262 1119 228.902716 0.013901 0.168235 23974 
835107840 11074 53233 9.614051 197 1255 1127 232.166697 0.013801 0.169089 24401 
835712640 11155 54023 9.685881 198 1249 1129 235.184043 0.014223 0.169940 24899 
836317440 11243 54738 9.737259 199 1253 1138 237.199324 0.014808 0.169890 25320 
836922240 11297 55144 9.762592 201 1245 1147 238.329114 0.014679 0.170185 25578 
837527040 11361 55723 9.809524 201 1240 1140 240.195757 0.014943 0.170769 25959 
838131840 11436 56301 9.846275 201 1240 1144 241.727702 0.015568 0.170824 26309 
838736640 11510 56983 9.901477 203 1243 1137 243.890530 0.015972 0.170219 26731 
839341440 11569 57653 9.966808 203 1225 1138 246.384649 0.016517 0.170713 27140 
839946240 11650 58218 9.994506 203 1234 1140 247.408240 0.017210 0.170790 27473 
840551040 11723 58835 10.037533 205 1224 1141 248.976371 0.017593 0.171459 27856 
841155840 11806 59479 10.076063 208 1233 1132 250.528714 0.017625 0.171229 28260 
841760640 11885 60042 10.103828 209 1223 1146 251.542112 0.018177 0.171055 28556 
842365440 11955 60776 10.167461 210 1224 1145 253.974237 0.018703 0.170872 29044 
842970240 12039 61568 10.228092 210 1230 1130 256.478611 0.019766 0.170628 29550 
843575040 12114 62342 10.292554 210 1228 1129 259.050685 0.020262 0.170962 30064 
844179840 12205 63243 10.363458 210 1218 1137 262.073740 0.020623 0.170785 30646 
844784640 12300 64203 10.439512 211 1216 1129 265.420325 0.021109 0.170358 31231 
845389440 12377 65052 10.511756 211 1209 1123 268.436293 0.021389 0.170453 31782 
845994240 12460 65781 10.558748 211 1200 1117 270.283628 0.021590 0.170803 32270 
846599040 12554 66962 10.667835 212 1197 1116 277.031384 0.019770 0.170752 33135 
847203840 12626 67625 10.712023 213 1197 1122 278.953588 0.020211 0.170815 33579 
847808640 12697 68420 10.777349 213 1186 1120 281.505868 0.020650 0.171234 34130 
848413440 12754 68948 10.811981 213 1182 1123 282.851654 0.021085 0.171609 34487 
849018240 12823 69612 10.857366 213 1177 1128 284.997894 0.021362 0.171795 34944 
849623040 12897 70425 10.921144 215 1173 1125 288.122509 0.021710 0.171757 35526 
850227840 12971 71378 11.005782 217 1155 1137 292.443913 0.021893 0.172391 36215 
850832640 13046 72232 11.073432 219 1150 1135 295.382953 0.022223 0.172163 36826 
851437440 13118 73112 11.146821 219 1132 1140 298.655893 0.022084 0.172813 37433 
852042240 13151 73449 11.170101 219 1127 1145 299.651890 0.022226 0.173143 37670 
852647040 13194 73991 11.215856 219 1119 1148 301.905108 0.022064 0.173680 38060 
853251840 13244 74547 11.257475 219 1113 1148 303.968892 0.022664 0.173664 38444 
853856640 13291 75121 11.304040 220 1108 1143 306.067264 0.022809 0.173836 38856 
854461440 13353 75777 11.349809 221 1107 1135 307.964353 0.023169 0.173345 39319 
855066240 13436 76702 11.417386 223 1102 1141 311.246353 0.022811 0.173198 39913 
855671040 13499 77332 11.457441 223 1097 1149 313.343359 0.022653 0.173208 40353 
856275840 13557 78021 11.510069 224 1096 1137 315.611271 0.022744 0.173027 40816 
856880640 13627 78828 11.569384 226 1100 1136 319.248551 0.022966 0.172783 41372 
857485440 13674 79422 11.616498 228 1098 1131 321.727220 0.022847 0.172644 41816 
858090240 13751 80383 11.691222 232 1093 1137 325.559741 0.022486 0.172520 42471 
858695040 13815 81131 11.745349 232 1090 1137 328.125950 0.022641 0.172706 43007 
859299840 13876 81708 11.776881 233 1087 1144 329.661286 0.022931 0.172617 43389 
859904640 13937 82512 11.840712 233 1085 1146 332.787257 0.023322 0.172425 43968 
860509440 13993 83191 11.890374 234 1076 1146 335.100121 0.023413 0.172335 44430 
861114240 14064 83948 11.937998 234 1071 1143 337.228385 0.023644 0.172831 44979 
861719040 14116 84807 12.015727 237 1065 1145 343.477331 0.022163 0.172770 45675 
862323840 14180 85383 12.042736 239 1067 1146 344.858674 0.022406 0.172845 46073 
862928640 14256 86247 12.099747 240 1076 1141 347.844276 0.022792 0.172245 46706 
863533440 14320 87008 12.151955 241 1071 1142 350.370112 0.023184 0.172276 47203 
864138240 14384 87788 12.206340 242 1068 1141 353.324805 0.023565 0.172191 47736 
864743040 14459 88622 12.258386 244 1062 1136 355.918943 0.023678 0.172047 48296 
865347840 14536 89478 12.311227 245 1061 1126 358.710237 0.023541 0.171898 48902 
865952640 14630 90467 12.367327 245 1069 1112 361.915516 0.023449 0.171656 49557 
866557440 14699 91355 12.430097 245 1066 1118 364.903871 0.023536 0.171712 50169 
867162240 14804 92428 12.486895 246 1065 1126 367.272764 0.024168 0.171355 50893 
867767040 14884 93327 12.540580 248 1067 1123 370.098898 0.024207 0.170990 51530 
868371840 14954 94392 12.624315 249 1054 1125 374.154072 0.024186 0.170771 52240 
868976640 15029 95221 12.671635 251 1053 1116 376.313394 0.024323 0.170337 52818 
869581440 15110 96075 12.716744 251 1056 1108 378.456916 0.024640 0.169724 53377 
870186240 15194 97349 12.814137 252 1034 1119 383.745426 0.024566 0.169867 54333 
870791040 15278 98453 12.888205 252 1036 1117 387.876293 0.025093 0.169443 55163 
871395840 15354 99237 12.926534 252 1029 1120 389.999479 0.025462 0.169542 55740 
872000640 15440 100419 13.007642 254 1012 1129 394.013212 0.025941 0.169949 56585 
872605440 15507 101043 13.031921 255 1015 1135 395.479590 0.026004 0.169914 56987 
873210240 15564 101471 13.039193 255 1016 1139 395.912233 0.026136 0.169900 57252 
873815040 15642 102335 13.084644 256 1023 1139 398.182074 0.026303 0.169809 57888 
874419840 15715 103444 13.165002 258 1019 1141 405.535603 0.025420 0.169256 58824 
875024640 15788 104192 13.198885 259 1018 1153 407.354573 0.025815 0.169305 59353 
875629440 15874 105080 13.239259 259 1024 1154 409.483684 0.026055 0.169373 60021 
876234240 15945 105798 13.270367 259 1023 1160 411.012731 0.026112 0.169058 60507 
876839040 16026 106716 13.317858 259 1021 1160 413.259453 0.026500 0.169103 61154 
877443840 16110 107522 13.348479 261 1024 1162 414.929112 0.026729 0.169275 61721 
878048640 16201 108531 13.398062 261 1031 1161 417.563731 0.027187 0.168991 62447 
878653440 16302 109647 13.451969 264 1032 1171 420.696356 0.027355 0.168835 63241 
879258240 16362 110536 13.511307 269 1019 1176 423.997800 0.027376 0.168439 63876 
879863040 16451 111454 13.549815 271 1019 1178 425.991855 0.027618 0.168437 64530 
880467840 16563 112669 13.604902 272 1034 1171 429.613234 0.027474 0.168245 65402 
881072640 16653 113880 13.676815 275 1024 1173 433.546868 0.027515 0.168128 66293 
881677440 16760 115181 13.744749 277 1041 1173 440.871957 0.026026 0.167680 67288 
882282240 16848 116091 13.780983 279 1046 1163 443.191358 0.026168 0.167287 67925 
882887040 16959 117616 13.870629 281 1038 1161 448.841441 0.026471 0.166957 69059 
883491840 16996 118056 13.892210 281 1037 1160 449.784538 0.026655 0.166656 69373 
884096640 17024 118488 13.920113 281 1040 1152 451.604441 0.026847 0.166472 69714 
884701440 17088 119657 14.004799 281 1033 1152 457.569874 0.026798 0.165982 70625 
885306240 17162 120412 14.032397 284 1036 1150 459.248456 0.026744 0.166105 71138 
885911040 17218 121122 14.069230 284 1032 1150 461.554304 0.026672 0.166011 71656 
886515840 17287 122116 14.128073 284 1022 1155 464.692891 0.026904 0.165935 72391 
887120640 17348 122818 14.159327 284 1020 1159 466.432442 0.027110 0.166088 72932 
887725440 17400 123615 14.208621 286 1019 1158 470.647586 0.026626 0.165975 73609 
888330240 17476 124668 14.267338 286 1017 1160 474.043832 0.026906 0.166112 74384 
888935040 17560 125644 14.310251 288 1017 1161 476.433713 0.027124 0.166079 75109 
889539840 17623 126478 14.353742 288 1013 1160 479.335414 0.027150 0.165914 75712 
890144640 17768 127799 14.385299 288 1068 1166 483.286357 0.025490 0.165151 76663 
890749440 17838 128594 14.417984 288 1067 1169 485.130844 0.025598 0.165031 77188 
891354240 17910 129642 14.477052 288 1064 1168 489.207259 0.025554 0.164820 78010 
891959040 17966 130353 14.511076 292 1065 1167 491.015808 0.025765 0.164839 78539 
892563840 18006 130954 14.545596 292 1066 1170 493.119516 0.025447 0.164547 78988 
893168640 18073 131777 14.582748 293 1064 1168 495.208100 0.025540 0.164895 79596 
893773440 18163 132842 14.627760 293 1065 1168 498.683918 0.025595 0.164759 80402 
894378240 18221 133453 14.648263 293 1060 1173 499.686516 0.025814 0.164648 80818 
894983040 18294 134357 14.688641 295 1053 1166 501.765606 0.026017 0.164504 81458 
895587840 18371 135370 14.737358 298 1043 1173 504.564585 0.026212 0.164123 82200 
896192640 18463 136293 14.763906 301 1045 1170 506.318583 0.026159 0.163998 82892 
896797440 18545 137328 14.810245 302 1045 1171 509.393799 0.026380 0.163816 83641 
897402240 18650 138667 14.870456 304 1045 1183 513.217265 0.026537 0.163885 84656 
898007040 18724 139594 14.910703 305 1048 1180 515.662786 0.026831 0.163507 85311 
898611840 18795 140489 14.949614 306 1037 1192 518.440117 0.027167 0.163796 86001 
899216640 18873 141743 15.020717 306 1023 1190 524.642717 0.026228 0.163611 87003 
899821440 18959 142826 15.066828 306 1021 1195 527.117569 0.026360 0.163732 87814 
900426240 19067 144301 15.136204 308 1019 1200 531.970630 0.026235 0.163862 88941 
901031040 19142 145233 15.174276 309 1022 1202 535.642148 0.025733 0.163735 89672 
901635840 19227 146256 15.213606 312 1024 1204 538.148957 0.025899 0.163645 90419 
902240640 19297 147008 15.236358 314 1024 1206 539.734985 0.026323 0.163861 90989 
902845440 19379 148155 15.290263 315 1015 1207 542.776614 0.026558 0.163621 91839 
903450240 19431 148783 15.313983 316 1015 1205 543.939478 0.026820 0.163391 92306 
904055040 19492 149579 15.347732 319 1017 1199 546.256310 0.026969 0.163218 92888 
904659840 19598 151061 15.415961 321 1010 1203 550.482702 0.027081 0.163014 94000 
905264640 19691 152083 15.446955 322 1008 1217 552.514144 0.027424 0.163262 94753 
905869440 19783 153271 15.495223 323 1002 1221 555.570338 0.027382 0.163457 95649 
906474240 19865 154290 15.533854 323 1009 1211 557.681651 0.027486 0.163179 96393 
907079040 19975 155610 15.580476 324 1007 1220 560.963004 0.027640 0.163500 97400 
907683840 20048 156647 15.627195 326 1000 1213 564.065343 0.027593 0.163228 98178 
908288640 20127 157898 15.690167 327 993 1208 568.517414 0.027488 0.162946 99159 
908893440 20203 158745 15.714993 328 996 1209 570.130773 0.027665 0.162589 99799 
909498240 20289 159791 15.751491 330 993 1218 572.612154 0.027706 0.162756 100542 
910103040 20378 160868 15.788399 330 998 1215 574.743547 0.028089 0.162519 101303 
910707840 20443 162054 15.854229 330 994 1210 578.713203 0.028004 0.162177 102191 
911312640 20523 163204 15.904497 332 999 1209 582.204161 0.028228 0.162025 103082 
911917440 20614 164443 15.954497 333 1002 1204 585.659455 0.028319 0.161757 104044 
912522240 20687 165596 16.009668 336 999 1211 589.241939 0.028275 0.161455 104938 
913127040 20761 166924 16.080536 337 995 1206 594.460768 0.028652 0.161304 106012 
913731840 20860 168256 16.131927 337 1004 1210 599.131064 0.028766 0.161138 107036 
914336640 20975 170001 16.209869 338 1006 1206 604.424410 0.029101 0.160873 108349 
914941440 21013 170522 16.230143 340 1006 1204 605.720935 0.029132 0.160718 108719 
915546240 21067 171347 16.266863 342 1005 1203 608.500498 0.029121 0.160668 109380 
916151040 21120 172295 16.315814 342 1007 1192 611.677178 0.029209 0.160466 110122 
916755840 21185 173262 16.357045 344 1000 1192 614.253953 0.029182 0.160272 110830 
917360640 21262 174346 16.399774 344 999 1196 617.515756 0.029224 0.160220 111690 
917965440 21320 175083 16.424296 346 995 1193 619.090056 0.029205 0.160204 112245 
918570240 21378 175951 16.460941 346 993 1195 621.526242 0.029245 0.160187 112936 
919175040 21461 177229 16.516379 350 985 1191 625.020176 0.029337 0.159973 113960 
919779840 21548 178279 16.547151 351 992 1187 627.302209 0.029325 0.160100 114782 
920384640 21625 179480 16.599306 351 991 1184 630.469549 0.029502 0.160159 115750 
920989440 21696 180697 16.657172 352 989 1182 634.672843 0.029696 0.160025 116798 
921594240 21763 181632 16.691816 353 994 1166 637.001792 0.029749 0.159839 117544 
922199040 21861 183202 16.760624 355 997 1164 641.585197 0.029874 0.159486 118815 
922803840 21942 184536 16.820345 357 1000 1159 645.335430 0.029979 0.158989 119855 
923408640 22018 185803 16.877373 358 1005 1158 649.160142 0.030109 0.158892 120867 
924013440 22094 186971 16.925048 360 1011 1151 652.339097 0.030121 0.158842 121815 
924618240 22181 188398 16.987331 361 1003 1154 656.329020 0.030264 0.158942 122968 
925223040 22235 189252 17.022892 363 1000 1144 658.657522 0.030334 0.158898 123663 
925827840 22329 190713 17.082091 364 1012 1140 663.938376 0.030032 0.158741 124873 
926432640 22401 191778 17.122271 364 1012 1138 666.650864 0.030068 0.158558 125749 
927037440 22486 193271 17.190341 364 1008 1140 671.123988 0.030279 0.158300 126976 
927642240 22575 194766 17.255017 365 1008 1138 676.238228 0.030474 0.157973 128205 
928247040 22690 196592 17.328515 367 1003 1132 681.747290 0.030620 0.158116 129708 
928851840 22772 198246 17.411382 369 994 1139 687.717109 0.030653 0.157870 131058 
929456640 22854 199640 17.470902 372 986 1137 692.220618 0.030685 0.157799 132226 
930061440 22930 200838 17.517488 374 989 1139 696.043088 0.030522 0.157633 133202 
930666240 23022 202490 17.591000 374 993 1132 701.381201 0.030482 0.157055 134548 
931271040 23095 203728 17.642607 374 997 1128 705.042304 0.030406 0.156862 135561 
931875840 23188 204818 17.665862 375 1010 1115 707.199413 0.030537 0.156652 136458 
932480640 23285 206150 17.706678 375 1004 1116 709.674297 0.030894 0.156795 137485 
933085440 23369 207655 17.771834 376 999 1120 714.360135 0.030899 0.156723 138748 
933690240 23462 209057 17.820902 377 998 1122 717.831898 0.031067 0.156583 139862 
934295040 23549 210377 17.867171 381 995 1118 721.217122 0.031039 0.156644 140890 
934899840 23618 211593 17.917944 382 999 1113 724.702854 0.031109 0.156317 141913 
935504640 23687 212620 17.952463 382 1003 1110 727.299869 0.031122 0.156053 142717 
936109440 23758 213643 17.984931 382 996 1108 729.666975 0.031327 0.156220 143547 
936714240 23844 215382 18.065929 384 996 1105 735.773780 0.031198 0.155894 145062 
937319040 23938 216816 18.114797 385 991 1110 739.181135 0.031372 0.155712 146217 
937923840 24030 218311 18.169871 385 992 1106 743.194507 0.031414 0.155443 147427 
938528640 24115 219593 18.212150 386 987 1111 746.097201 0.031552 0.155219 148460 
939133440 24196 221050 18.271615 387 989 1108 750.740866 0.031553 0.154988 149698 
939738240 24270 222282 18.317429 390 987 1105 754.336959 0.031543 0.154938 150686 
940343040 24368 223627 18.354153 391 994 1102 757.217909 0.031713 0.154776 151805 
940947840 24458 224822 18.384332 391 994 1105 759.399215 0.031843 0.154717 152736 
941552640 24537 226166 18.434690 392 989 1106 762.844765 0.031857 0.154653 153804 
942157440 24617 227954 18.520047 395 978 1112 769.751066 0.032108 0.154438 155315 
942762240 24707 229779 18.600316 396 969 1118 776.018537 0.032027 0.154392 156879 
943367040 24787 231260 18.659781 396 969 1117 780.410538 0.032099 0.154071 158112 
943971840 24873 232388 18.685965 396 970 1117 782.198046 0.032288 0.154155 158985 
944576640 24939 233400 18.717671 396 970 1118 784.433778 0.032375 0.154097 159796 
945181440 25018 234706 18.762971 396 974 1117 787.769526 0.032549 0.153802 160847 
945786240 25134 236733 18.837670 399 972 1116 794.281849 0.032422 0.153685 162542 
946391040 25206 238017 18.885741 400 969 1119 797.742601 0.032496 0.153447 163598 
946995840 25257 238711 18.902562 401 966 1122 799.051352 0.032450 0.153522 164145 
947600640 25318 239709 18.935856 401 968 1115 801.171736 0.032570 0.153230 164940 
948205440 25414 241313 18.990556 402 968 1112 805.580625 0.032429 0.153113 166221 
948810240 25492 242357 19.014357 402 962 1115 807.361839 0.032476 0.153053 167026 
949415040 25580 244007 19.077952 404 961 1118 812.471228 0.032498 0.152665 168404 
950019840 25658 245287 19.119729 405 959 1126 815.598332 0.032513 0.152743 169453 
950624640 25742 246737 19.169995 406 964 1121 819.456841 0.032593 0.152543 170659 
951229440 25806 247869 19.210184 407 964 1120 822.480508 0.032578 0.152420 171611 
951834240 25881 249410 19.273598 407 966 1108 827.695916 0.032442 0.152165 172903 
952439040 25944 250511 19.311671 407 974 1104 832.506938 0.032249 0.151972 173895 
953043840 26020 252000 19.369716 407 968 1109 836.778862 0.032296 0.151903 175096 
953648640 26096 253706 19.444053 409 966 1105 846.694742 0.030736 0.151641 176690 
954253440 26166 255167 19.503707 411 967 1103 852.291676 0.030768 0.151365 177973 
954858240 26250 256483 19.541562 412 961 1101 855.131886 0.030749 0.151304 179011 
955463040 26329 257759 19.579855 414 961 1099 858.100422 0.030702 0.151233 180076 
956067840 26400 258960 19.618182 416 959 1099 861.354545 0.030616 0.151245 181070 
956672640 26452 259931 19.653032 416 961 1100 864.075382 0.030629 0.151085 181874 
957277440 26513 260799 19.673292 416 962 1100 865.785765 0.030662 0.151099 182592 
957882240 26576 262171 19.729907 418 961 1103 872.840006 0.030041 0.150896 183832 
958487040 26653 263902 19.802799 419 955 1107 879.733238 0.029774 0.150647 185314 
959091840 26737 265292 19.844560 419 958 1104 882.857837 0.029880 0.150463 186472 
959696640 26813 266640 19.888860 422 959 1100 886.444710 0.029906 0.150463 187623 
960301440 26893 268301 19.953222 423 955 1104 892.262522 0.029828 0.150405 189064 
960906240 26977 269719 19.996219 423 956 1107 896.571820 0.029927 0.150427 190269 
961511040 27073 271197 20.034499 424 959 1107 899.999705 0.029946 0.150386 191492 
962115840 27148 272300 20.060410 426 963 1105 902.256078 0.029900 0.150264 192393 
962720640 27229 273718 20.104888 429 961 1100 905.673436 0.029863 0.150213 193538 
963325440 27297 274915 20.142507 430 960 1098 908.450746 0.029948 0.149986 194518 
963930240 27392 276601 20.195751 430 962 1094 912.821335 0.030000 0.149719 195929 
964535040 27489 278417 20.256612 431 966 1087 917.811197 0.029914 0.149469 197436 
965139840 27577 280308 20.329115 431 970 1082 923.951191 0.029932 0.149281 199055 
965744640 27638 281269 20.353788 431 969 1078 925.793617 0.030031 0.149165 199871 
966349440 27723 282740 20.397504 432 967 1082 929.354327 0.030064 0.149087 201096 
966954240 27810 284159 20.435743 432 968 1079 932.196332 0.030245 0.149072 202235 
967559040 27876 285378 20.474817 432 966 1080 935.310303 0.030294 0.148853 203222 
968163840 27963 286594 20.498087 434 964 1089 937.543397 0.030289 0.149080 204202 
968768640 28049 288032 20.537773 434 962 1084 940.983707 0.030368 0.149138 205409 
969373440 28127 289153 20.560529 435 959 1082 943.018736 0.030281 0.149098 206296 
969978240 28204 290430 20.594951 435 953 1088 945.858247 0.030278 0.149306 207360 
970583040 28282 291833 20.637367 436 951 1093 949.827099 0.030332 0.149191 208543 
971187840 28362 292935 20.656865 436 956 1095 951.587970 0.030484 0.149099 209446 
971792640 28454 294325 20.687777 438 955 1091 954.610951 0.030462 0.148957 210575 
972397440 28539 295795 20.729178 440 956 1086 958.018291 0.030477 0.148909 211755 
973002240 28607 297123 20.772748 441 953 1090 962.751634 0.030153 0.148894 212917 
973607040 28710 298779 20.813584 443 957 1083 966.433159 0.030049 0.148621 214285 
974211840 28790 300013 20.841473 444 954 1092 968.866342 0.030048 0.148633 215314 
974816640 28879 301625 20.888881 444 957 1097 972.951141 0.030053 0.148483 216651 
975421440 28964 303093 20.928946 445 953 1104 976.551719 0.030166 0.148456 217877 
976026240 29067 305200 20.999759 446 946 1112 982.401555 0.030173 0.148205 219592 
976631040 29150 306531 21.031286 447 943 1115 985.037599 0.030169 0.148103 220674 
977235840 29269 308441 21.076292 448 939 1114 988.762923 0.030204 0.148079 222224 
977840640 29358 309940 21.114517 449 937 1122 992.273656 0.030122 0.148186 223499 
978445440 29422 310809 21.127660 450 935 1124 993.195500 0.030308 0.148244 224168 
979050240 29484 311906 21.157645 453 936 1127 995.658662 0.030364 0.148109 225092 
979655040 29574 313772 21.219450 455 928 1129 1000.954690 0.030216 0.147921 226663 
980259840 29658 315345 21.265426 456 924 1136 1005.741385 0.030281 0.147836 228058 
980864640 29732 317090 21.329880 457 920 1134 1015.019440 0.029513 0.147649 229728 
981469440 29824 318814 21.379694 459 927 1138 1019.136065 0.029561 0.147370 231176 
982074240 29916 320533 21.428867 462 930 1130 1023.276240 0.029582 0.147277 232644 
982679040 30017 322431 21.483226 464 934 1121 1027.722091 0.029717 0.147054 234262 
983283840 30097 324053 21.533907 465 939 1119 1031.936605 0.029807 0.146863 235629 
983888640 30183 325820 21.589637 467 944 1115 1036.609085 0.029967 0.146514 237138 
984493440 30250 327276 21.638083 468 936 1115 1040.722314 0.029886 0.146452 238382 
985098240 30328 328934 21.691770 469 930 1118 1044.945925 0.030019 0.146307 239769 
985703040 30399 330225 21.726044 471 929 1127 1048.070134 0.030055 0.146198 240832 
986307840 30497 331936 21.768436 472 930 1119 1052.022166 0.030197 0.145937 242232 
986912640 30561 333220 21.806878 472 927 1122 1055.339681 0.030295 0.145817 243314 
987517440 30627 334711 21.857250 474 925 1122 1059.870833 0.030220 0.145669 244601 
988122240 30711 336224 21.895998 475 925 1124 1063.161799 0.030243 0.145574 245868 
988727040 30788 337962 21.954138 476 925 1127 1068.231129 0.030142 0.145403 247337 
989331840 30849 339304 21.997731 477 925 1119 1071.724594 0.030246 0.145172 248495 
989936640 30925 340538 22.023476 477 928 1114 1074.034729 0.030262 0.144959 249509 
990541440 31016 342530 22.087310 480 930 1106 1079.811259 0.030211 0.144641 251202 
991146240 31102 344282 22.138898 483 935 1104 1084.496946 0.030149 0.144517 252738 
991751040 31202 346155 22.188001 483 929 1112 1089.393180 0.030208 0.144639 254312 
992355840 31270 347524 22.227311 483 927 1110 1093.014263 0.030136 0.144496 255460 
992960640 31365 349242 22.269536 487 932 1106 1096.909995 0.030153 0.144215 256930 
993565440 31440 350891 22.321310 489 935 1101 1101.551399 0.030196 0.143921 258400 
994170240 31532 352821 22.378600 490 931 1101 1107.090638 0.030062 0.143809 260096 
994775040 31624 354695 22.432014 490 931 1095 1111.789717 0.030060 0.143490 261680 
995379840 31704 356365 22.480760 491 930 1096 1115.999369 0.030064 0.143287 263090 
995984640 31762 357399 22.504817 491 931 1093 1118.353000 0.030115 0.143204 263983 
996589440 31836 358945 22.549629 494 935 1090 1122.354190 0.029977 0.142906 265273 
997194240 31914 360377 22.584258 496 933 1091 1125.476656 0.030185 0.142790 266494 
997799040 31964 361715 22.632649 496 928 1090 1129.298085 0.030275 0.142690 267664 
998403840 32011 362765 22.665021 497 927 1086 1132.141201 0.030301 0.142568 268572 
999008640 32077 364284 22.713097 499 919 1090 1135.996633 0.030436 0.142478 269915 
999613440 32149 365984 22.767987 499 922 1089 1141.158232 0.030332 0.142289 271411 
1000218240 32216 367476 22.813260 500 922 1084 1145.116961 0.030424 0.142114 272722 
1000823040 32280 368935 22.858426 501 915 1085 1149.079740 0.030447 0.141863 273980 
1001427840 32357 370418 22.895695 501 914 1087 1152.595296 0.030495 0.141723 275222 
1002032640 32445 372135 22.939436 501 915 1083 1156.383110 0.030459 0.141419 276659 
1002637440 32539 373921 22.982944 501 916 1083 1160.450844 0.030467 0.141442 278213 
1003242240 32629 375874 23.039260 503 912 1080 1165.610592 0.030624 0.141291 279940 
1003847040 32710 377563 23.085478 504 905 1077 1169.470437 0.030632 0.141157 281318 
1004451840 32808 379417 23.129542 504 906 1077 1173.199342 0.030707 0.140984 282846 
1005056640 32891 381027 23.169074 505 907 1077 1176.628439 0.030797 0.140836 284221 
1005661440 32993 383198 23.229049 507 906 1070 1182.321826 0.030808 0.140482 286082 
1006266240 33075 384982 23.279335 507 901 1065 1187.019985 0.030661 0.140202 287602 
1006871040 33177 386881 23.322241 508 898 1069 1190.790186 0.030779 0.140062 289145 
1007475840 33338 389279 23.353471 508 899 1074 1194.428640 0.030884 0.140398 291158 
1008080640 33434 391405 23.413591 509 899 1073 1199.763414 0.031009 0.140183 293031 
1008685440 33524 393252 23.460924 511 900 1069 1203.766555 0.030993 0.139980 294596 
1009290240 33601 395011 23.511860 512 903 1065 1208.640814 0.030879 0.139779 296145 
1009895040 33639 395855 23.535480 512 903 1069 1210.997473 0.030885 0.139791 296842 
1010499840 33690 396682 23.548946 513 905 1068 1212.414129 0.030836 0.139742 297538 
1011104640 33778 399003 23.625022 517 906 1067 1224.914441 0.029982 0.139506 299883 
1011709440 33845 400521 23.667957 517 902 1071 1229.771310 0.029958 0.139357 301216 
1012314240 33911 402040 23.711480 519 902 1069 1233.944443 0.029916 0.139145 302530 
1012919040 33995 404277 23.784498 520 898 1063 1240.732990 0.029983 0.138782 304520 
1013523840 34067 406117 23.842252 521 893 1068 1247.437227 0.029528 0.138734 306199 
1014128640 34140 407713 23.884769 522 892 1067 1252.843527 0.029415 0.138621 307669 
1014733440 34207 409314 23.931593 522 889 1058 1256.916070 0.029456 0.138406 309000 
1015338240 34285 410902 23.969783 522 894 1058 1260.523669 0.029510 0.138227 310374 
1015943040 34342 412321 24.012638 524 891 1056 1265.878574 0.029367 0.138120 311686 
1016547840 34343 412365 24.014501 524 891 1056 1266.068835 0.029359 0.138115 311733 
