820800000 0 0 0.000000 0 0 0 0.000000 0.000000 0.000000 0 
821404800 9580 40320 8.417537 179 1626 1192 198.127766 0.012086 0.193927 36163 
822009600 9629 40671 8.447606 180 1617 1195 199.158791 0.012462 0.194033 36358 
822614400 9671 41092 8.497984 181 1603 1192 200.812946 0.013113 0.194506 36652 
823219200 9742 41801 8.581605 182 1585 1202 204.341819 0.014586 0.194590 37159 
823824000 9805 42469 8.662723 183 1578 1209 208.203570 0.014611 0.194043 37673 
824428800 9876 43011 8.710207 184 1561 1214 209.681855 0.015491 0.195393 38010 
825033600 9933 43619 8.782644 185 1560 1207 212.905064 0.017266 0.195209 38513 
825638400 10013 44200 8.828523 187 1545 1230 214.463797 0.017958 0.196142 38873 
826243200 10095 44809 8.877464 188 1572 1218 218.743933 0.018332 0.195521 39422 
826848000 10167 45382 8.927314 189 1556 1227 220.890528 0.019529 0.195633 39808 
827452800 10235 46020 8.992672 189 1540 1234 223.361407 0.019097 0.195755 40293 
828057600 10296 46662 9.064103 190 1532 1225 227.788850 0.019028 0.196581 40835 
828662400 10362 47248 9.119475 191 1521 1223 229.856012 0.019869 0.196174 41260 
829267200 10415 47644 9.149112 191 1524 1224 231.164282 0.020695 0.195506 41514 
829872000 10482 48220 9.200534 191 1510 1237 233.366915 0.021700 0.195328 41916 
830476800 10544 48765 9.249810 193 1514 1237 236.301783 0.020054 0.195650 42301 
831081600 10620 49380 9.299435 194 1503 1244 238.682109 0.020383 0.196791 42739 
831686400 10679 49860 9.337953 195 1503 1235 240.233917 0.020810 0.196649 43057 
832291200 10765 50465 9.375755 195 1516 1242 242.115931 0.021954 0.195939 43483 
832896000 10822 51056 9.435594 197 1508 1243 245.533728 0.021939 0.196271 43935 
833500800 10882 51476 9.460761 197 1497 1254 246.506892 0.021972 0.196577 44174 
834105600 10967 52298 9.537339 198 1494 1257 250.089359 0.022586 0.195713 44778 
834710400 11040 52978 9.597464 201 1472 1270 253.356159 0.024161 0.196278 45307 
835315200 11125 53720 9.657528 201 1477 1273 256.429124 0.025411 0.196187 45855 
835920000 11190 54354 9.714745 203 1467 1270 258.596783 0.026473 0.195837 46297 
836524800 11268 54945 9.752396 205 1469 1269 260.072062 0.026646 0.195053 46668 
837129600 11326 55396 9.782094 205 1465 1266 261.419036 0.026882 0.195559 46978 
837734400 11398 55948 9.817161 206 1457 1266 262.830321 0.027649 0.195821 47312 
838339200 11472 56637 9.873954 208 1451 1273 265.387029 0.028199 0.195610 47779 
838944000 11534 57255 9.928039 208 1445 1274 267.604300 0.028672 0.195036 48173 
839548800 11608 57966 9.987250 208 1437 1282 270.076499 0.029081 0.195068 48672 
840153600 11680 58498 10.016781 208 1449 1274 271.194178 0.029655 0.194331 49045 
840758400 11770 59231 10.064741 208 1434 1277 273.032455 0.030336 0.195108 49532 
841363200 11849 59742 10.083889 208 1437 1287 274.038653 0.031475 0.195889 49919 
841968000 11914 60337 10.128756 208 1427 1293 275.781098 0.032220 0.196353 50377 
842572800 11988 61141 10.200367 210 1418 1292 278.857858 0.032531 0.195677 50979 
843177600 12069 61834 10.246748 210 1416 1287 280.743392 0.032491 0.195908 51428 
843782400 12163 62792 10.325084 210 1414 1290 284.455809 0.034005 0.195230 52169 
844387200 12248 63697 10.401208 211 1410 1291 288.153821 0.034206 0.194752 52889 
844992000 12333 64524 10.463634 212 1411 1288 290.856726 0.034422 0.194541 53516 
845596800 12416 65422 10.538338 213 1395 1287 294.090689 0.035022 0.194416 54176 
846201600 12503 66489 10.635687 215 1397 1265 300.199472 0.034023 0.193472 55115 
846806400 12580 67176 10.679809 216 1396 1269 302.377901 0.034412 0.193144 55593 
847411200 12658 68026 10.748301 216 1382 1280 305.676568 0.034848 0.193117 56245 
848016000 12718 68648 10.795408 216 1372 1279 307.639566 0.035012 0.193485 56670 
848620800 12777 69135 10.821789 216 1368 1279 308.932144 0.035478 0.193721 57016 
849225600 12855 69961 10.884636 216 1359 1269 311.532322 0.035779 0.192987 57599 
849830400 12925 70833 10.960619 217 1351 1263 315.334623 0.036027 0.192786 58242 
850435200 13007 71783 11.037595 219 1347 1264 319.284693 0.036749 0.192107 59023 
851040000 13082 72633 11.104265 222 1338 1265 322.462926 0.037308 0.191759 59652 
851644800 13129 73211 11.152563 223 1327 1274 324.784675 0.037311 0.191292 60097 
852249600 13159 73490 11.169542 223 1322 1277 325.509993 0.037500 0.191227 60292 
852854400 13212 74163 11.226612 224 1314 1280 328.566757 0.037155 0.190968 60825 
853459200 13266 74877 11.288557 225 1298 1280 331.583446 0.037307 0.191015 61406 
854064000 13312 75369 11.323468 226 1292 1280 333.300781 0.037519 0.191024 61772 
854668800 13383 76087 11.370694 228 1286 1282 335.285063 0.037856 0.190707 62268 
855273600 13472 76948 11.423397 229 1286 1290 338.238124 0.038204 0.190356 62912 
855878400 13529 77725 11.490132 231 1273 1290 341.644911 0.038352 0.190206 63503 
856483200 13584 78376 11.539458 231 1272 1284 344.368227 0.038223 0.189871 64084 
857088000 13649 79102 11.590886 233 1267 1283 347.249908 0.039181 0.190128 64692 
857692800 13708 79835 11.647943 235 1260 1281 350.148089 0.039887 0.190022 65261 
858297600 13774 80625 11.706839 237 1263 1276 353.551909 0.039996 0.189545 65894 
858902400 13837 81347 11.757895 238 1249 1282 356.005926 0.040322 0.190031 66524 
859507200 13907 82186 11.819372 239 1239 1281 358.850507 0.040916 0.190119 67130 
860112000 13957 82757 11.858852 239 1244 1278 360.973562 0.040983 0.189650 67553 
860716800 14027 83582 11.917302 240 1238 1277 363.925572 0.041339 0.189642 68155 
861321600 14085 84261 11.964643 242 1237 1268 366.333830 0.041659 0.189326 68671 
861926400 14144 85089 12.031816 243 1227 1281 372.178309 0.040735 0.189290 69436 
862531200 14219 85827 12.072157 243 1233 1277 374.508615 0.040685 0.189218 70028 
863136000 14285 86606 12.125446 243 1236 1272 377.295205 0.040689 0.189108 70661 
863740800 14350 87315 12.169338 244 1230 1280 379.622857 0.041262 0.189070 71176 
864345600 14417 88127 12.225428 245 1218 1280 382.843171 0.040561 0.189301 71809 
864950400 14491 88944 12.275757 247 1222 1275 385.895245 0.040921 0.189099 72482 
865555200 14573 89855 12.331709 248 1211 1280 388.245660 0.041254 0.189327 73158 
866160000 14660 90844 12.393452 248 1205 1288 391.565757 0.041393 0.189280 73941 
866764800 14736 91689 12.444218 252 1206 1288 394.461591 0.041589 0.189107 74580 
867369600 14838 92805 12.509098 252 1204 1284 397.802938 0.042233 0.188735 75435 
867974400 14915 93825 12.581294 252 1189 1287 401.410124 0.042384 0.188813 76230 
868579200 14985 94765 12.647981 252 1177 1287 404.615282 0.042493 0.188924 76989 
869184000 15069 95556 12.682461 252 1182 1282 406.434136 0.042740 0.188483 77567 
869788800 15144 96611 12.758980 256 1175 1287 411.157158 0.043155 0.188175 78422 
870393600 15234 97883 12.850597 258 1159 1288 416.145333 0.043920 0.188252 79411 
870998400 15316 98888 12.913032 260 1156 1284 420.264299 0.044058 0.187703 80228 
871603200 15387 99753 12.965880 261 1148 1289 423.243127 0.044285 0.187384 80883 
872208000 15471 100698 13.017646 261 1149 1289 426.034775 0.044386 0.187235 81571 
872812800 15527 101196 13.034843 261 1151 1294 427.202164 0.044566 0.187335 81949 
873417600 15591 101827 13.062280 261 1147 1302 428.351100 0.044628 0.187352 82419 
874022400 15668 102783 13.120117 262 1146 1298 433.103651 0.045474 0.187400 83248 
874627200 15755 103853 13.183497 264 1152 1288 438.009394 0.045197 0.186768 84199 
875232000 15826 104597 13.218375 266 1156 1286 439.904082 0.045463 0.186357 84748 
875836800 15908 105439 13.256098 268 1157 1283 441.598818 0.045736 0.185872 85331 
876441600 15984 106224 13.291291 268 1148 1280 443.196822 0.046270 0.185892 85917 
877046400 16064 107096 13.333665 268 1150 1284 445.292331 0.046668 0.185612 86532 
877651200 16147 107991 13.375983 270 1162 1281 447.974113 0.047025 0.185028 87223 
878256000 16254 109069 13.420573 271 1156 1290 450.410361 0.047400 0.185186 88018 
878860800 16331 110094 13.482824 272 1149 1291 454.015553 0.047783 0.184676 88806 
879465600 16401 110967 13.531736 273 1148 1279 456.504969 0.048006 0.184242 89501 
880070400 16510 112149 13.585584 274 1163 1278 459.885282 0.048401 0.183544 90402 
880675200 16594 113049 13.625286 274 1157 1271 461.845004 0.048622 0.183292 91042 
881280000 16690 114339 13.701498 274 1150 1274 466.382025 0.048618 0.182996 92040 
881884800 16799 115640 13.767486 276 1170 1264 473.880707 0.046284 0.182123 93140 
882489600 16894 116670 13.812004 279 1170 1260 476.778146 0.046649 0.181894 93911 
883094400 16971 117760 13.877792 280 1163 1261 480.486123 0.046979 0.181497 94781 
883699200 17009 118290 13.909107 281 1161 1257 482.324299 0.046935 0.181344 95215 
884304000 17046 118906 13.951191 281 1156 1253 484.780594 0.047060 0.181067 95686 
884908800 17116 119900 14.010283 283 1145 1259 489.357677 0.047042 0.180767 96492 
885513600 17193 120802 14.052463 284 1141 1251 491.721631 0.047170 0.180455 97136 
886118400 17246 121504 14.090688 284 1139 1247 494.231590 0.047156 0.180179 97694 
886723200 17312 122388 14.139094 285 1134 1240 496.677911 0.047200 0.179923 98394 
887328000 17376 123364 14.199355 286 1131 1240 501.406077 0.046353 0.179297 99146 
887932800 17434 124070 14.233108 287 1129 1238 503.662499 0.046265 0.178977 99683 
888537600 17514 125133 14.289483 287 1128 1243 507.124814 0.046354 0.178669 100510 
889142400 17585 126095 14.341200 288 1124 1244 509.993517 0.046538 0.178557 101270 
889747200 17730 127201 14.348675 291 1190 1238 512.845685 0.044198 0.177537 102105 
890352000 17793 128146 14.404091 294 1190 1224 515.993818 0.044227 0.177024 102815 
890956800 17875 129156 14.451021 296 1191 1221 518.974993 0.044535 0.176264 103590 
891561600 17935 129943 14.490438 297 1192 1220 521.856928 0.044126 0.176009 104214 
892166400 17983 130548 14.519046 297 1188 1225 523.260857 0.044484 0.175824 104688 
892771200 18027 131277 14.564487 298 1188 1225 526.444001 0.044431 0.175170 105272 
893376000 18106 132198 14.602673 298 1185 1220 528.691373 0.044736 0.175053 105990 
893980800 18194 133192 14.641310 298 1190 1210 531.435968 0.044995 0.174695 106771 
894585600 18250 133819 14.665096 298 1184 1213 532.447890 0.045420 0.174547 107220 
895190400 18324 134742 14.706614 298 1181 1208 534.778542 0.045739 0.174813 107968 
895795200 18411 135782 14.750095 298 1179 1207 537.106512 0.046043 0.174532 108758 
896400000 18500 136816 14.790919 298 1185 1204 539.958595 0.045974 0.174084 109525 
897004800 18586 137821 14.830625 300 1181 1200 542.226837 0.046347 0.173998 110261 
897609600 18681 139134 14.895776 300 1180 1201 546.104384 0.046498 0.173367 111278 
898214400 18756 140055 14.934421 302 1184 1199 548.905950 0.046815 0.173219 112008 
898819200 18830 141169 14.994052 303 1171 1199 554.836113 0.046280 0.172916 112992 
899424000 18910 142154 15.034796 306 1162 1201 557.148599 0.046540 0.172888 113770 
900028800 19008 143426 15.091120 306 1163 1202 560.540720 0.046907 0.172936 114802 
900633600 19096 144584 15.142857 306 1166 1197 564.409405 0.046750 0.172607 115668 
901238400 19184 145714 15.191201 308 1173 1189 568.582152 0.046352 0.172332 116597 
901843200 19261 146650 15.227662 308 1166 1201 570.994860 0.046273 0.172342 117284 
902448000 19329 147394 15.251074 308 1164 1201 572.476072 0.046433 0.172369 117868 
903052800 19401 148410 15.299211 308 1162 1192 575.599918 0.046610 0.171920 118639 
903657600 19457 149132 15.329393 308 1156 1196 577.119391 0.046766 0.171800 119156 
904262400 19528 150051 15.367780 309 1151 1196 579.309812 0.047076 0.171740 119868 
904867200 19645 151601 15.434054 310 1153 1195 583.788547 0.047402 0.171571 121083 
905472000 19717 152398 15.458538 310 1148 1201 585.206979 0.047609 0.171632 121669 
906076800 19826 153787 15.513669 311 1145 1202 588.438414 0.048053 0.171074 122743 
906681600 19913 154963 15.564003 313 1143 1195 591.824035 0.048053 0.170588 123609 
907286400 20006 155992 15.594522 313 1149 1186 593.741378 0.048261 0.170197 124392 
907891200 20083 157355 15.670468 315 1142 1177 599.645372 0.048206 0.169711 125570 
908496000 20159 158250 15.700184 316 1142 1179 601.418027 0.048321 0.169589 126253 
909100800 20246 159228 15.729329 317 1150 1174 603.336363 0.048308 0.169358 126998 
909705600 20328 160278 15.769185 317 1144 1185 606.127902 0.048453 0.169612 127808 
910310400 20402 161385 15.820508 318 1136 1181 609.294089 0.048517 0.169792 128705 
910915200 20467 162402 15.869644 318 1133 1182 612.929105 0.048737 0.169893 129642 
911520000 20567 163708 15.919483 318 1138 1182 616.471824 0.048850 0.169796 130703 
912124800 20641 164871 15.975098 319 1136 1176 620.492515 0.049081 0.169703 131693 
912729600 20720 166001 16.023263 320 1134 1177 623.951255 0.049110 0.169351 132584 
913334400 20809 167442 16.093229 322 1130 1178 629.473209 0.048925 0.169255 133784 
913939200 20917 169159 16.174308 325 1131 1178 636.107186 0.049134 0.168838 135281 
914544000 20999 170385 16.227916 328 1132 1180 639.938092 0.049117 0.168753 136339 
915148800 21038 170882 16.245080 329 1131 1184 641.370853 0.049077 0.168847 136731 
915753600 21084 171728 16.289888 330 1125 1181 644.391102 0.048993 0.168733 137412 
916358400 21154 172825 16.339699 331 1116 1182 647.791718 0.049203 0.168636 138324 
916963200 21217 173728 16.376302 331 1115 1188 650.322006 0.049023 0.168414 139041 
917568000 21287 174673 16.411237 332 1104 1195 653.021656 0.049103 0.168758 139833 
918172800 21337 175365 16.437644 333 1101 1193 654.843418 0.049242 0.168765 140388 
918777600 21422 176707 16.497713 334 1096 1187 658.899729 0.049224 0.168261 141446 
919382400 21492 177629 16.529779 335 1097 1185 661.500465 0.049422 0.168090 142194 
919987200 21575 178674 16.563059 335 1100 1185 663.915458 0.049438 0.167936 143033 
920592000 21657 180001 16.622893 335 1094 1188 667.900263 0.049495 0.167572 144092 
921196800 21729 181082 16.667311 337 1091 1184 671.358461 0.049460 0.167521 144984 
921801600 21804 182261 16.718125 340 1093 1177 674.816089 0.049493 0.167226 145925 
922406400 21906 183946 16.794120 341 1101 1173 679.987401 0.049391 0.166440 147315 
923011200 21984 185197 16.848344 342 1100 1180 683.985171 0.049433 0.166098 148297 
923616000 22057 186550 16.915265 342 1093 1190 688.659383 0.049593 0.165736 149451 
924220800 22126 187451 16.943957 342 1087 1197 690.647654 0.049712 0.165799 150127 
924825600 22205 188773 17.002747 344 1085 1189 694.686872 0.049688 0.165437 151211 
925430400 22267 189774 17.045314 344 1084 1183 697.362465 0.049847 0.165060 152013 
926035200 22363 191205 17.100121 344 1089 1183 702.276975 0.050176 0.165049 153243 
926640000 22434 192401 17.152625 345 1079 1188 706.312472 0.050320 0.165085 154278 
927244800 22531 193892 17.211131 347 1082 1178 710.283432 0.050338 0.164624 155504 
927849600 22626 195417 17.273667 350 1074 1181 715.757359 0.049989 0.164667 156804 
928454400 22724 197324 17.367013 351 1069 1175 722.923341 0.050217 0.164408 158451 
929059200 22811 198845 17.434133 352 1066 1170 727.405813 0.050505 0.164083 159683 
929664000 22902 200482 17.507816 352 1061 1161 733.007510 0.050305 0.164108 161063 
930268800 22972 201607 17.552412 354 1065 1159 736.498346 0.050284 0.163855 161973 
930873600 23052 202921 17.605501 355 1062 1160 740.609492 0.050411 0.163769 163123 
931478400 23130 204064 17.644963 355 1074 1150 743.935754 0.050475 0.163343 164077 
932083200 23232 205445 17.686381 357 1073 1151 746.918044 0.050556 0.163272 165181 
932688000 23313 206707 17.733196 360 1071 1148 750.569811 0.050507 0.163384 166245 
933292800 23408 208264 17.794258 363 1068 1154 755.172249 0.050598 0.163254 167582 
933897600 23507 209658 17.837921 365 1066 1161 758.600842 0.050510 0.163391 168727 
934502400 23574 210792 17.883431 366 1063 1163 762.018156 0.050607 0.163301 169661 
935107200 23653 212156 17.939035 368 1056 1165 766.146282 0.050508 0.163295 170766 
935712000 23717 212992 17.961125 369 1059 1167 767.898554 0.050573 0.163138 171459 
936316800 23803 214584 18.029996 371 1052 1166 773.409822 0.050449 0.162989 172780 
936921600 23880 215947 18.086013 373 1047 1161 777.854020 0.050261 0.162491 173921 
937526400 23983 217526 18.140016 375 1051 1157 781.896510 0.050432 0.162036 175253 
938131200 24069 219091 18.205243 377 1044 1158 786.613071 0.050403 0.161887 176602 
938736000 24153 220177 18.231855 378 1043 1164 788.379580 0.050516 0.161785 177469 
939340800 24230 221691 18.298886 380 1040 1161 793.899381 0.050424 0.161712 178774 
939945600 24314 222930 18.337583 380 1042 1163 796.672205 0.050435 0.161703 179749 
940550400 24403 224143 18.370118 380 1037 1160 799.014875 0.050720 0.161785 180712 
941155200 24504 225537 18.408178 381 1043 1155 801.944907 0.050632 0.161592 181825 
941760000 24575 226981 18.472513 381 1042 1145 806.808871 0.050664 0.161317 183049 
942364800 24652 228755 18.558738 385 1040 1135 814.198361 0.050516 0.160730 184612 
942969600 24731 230205 18.616716 385 1038 1135 818.544580 0.050518 0.160515 185837 
943574400 24827 231833 18.675877 388 1038 1137 823.104926 0.050743 0.160166 187172 
944179200 24904 232870 18.701413 389 1040 1141 825.048105 0.050780 0.160079 188008 
944784000 24967 233896 18.736412 390 1043 1138 827.789562 0.050804 0.159895 188833 
945388800 25072 235770 18.807435 391 1044 1140 834.331047 0.050721 0.159682 190456 
945993600 25179 237560 18.869693 394 1045 1137 838.978196 0.050854 0.159438 191961 
946598400 25229 238299 18.890880 394 1041 1141 840.626660 0.050754 0.159474 192551 
947203200 25285 239168 18.917777 394 1038 1139 842.652244 0.050704 0.159434 193272 
947808000 25356 240446 18.965610 396 1032 1142 846.502366 0.050689 0.159181 194362 
948412800 25452 241861 19.005265 397 1026 1140 849.715779 0.050762 0.159374 195548 
949017600 25523 242843 19.029346 399 1028 1141 851.749402 0.050806 0.159404 196362 
949622400 25614 244636 19.101741 402 1019 1145 857.706645 0.050969 0.159309 197899 
950227200 25697 245843 19.133985 403 1027 1146 859.910418 0.051058 0.159137 198878 
950832000 25770 247221 19.186729 403 1027 1147 864.085293 0.051109 0.158971 200112 
951436800 25838 248679 19.249090 404 1023 1146 869.576438 0.050916 0.158838 201405 
952041600 25904 249641 19.274321 404 1026 1144 871.441862 0.051066 0.158627 202242 
952646400 25976 251072 19.331075 405 1031 1140 877.820527 0.050879 0.158451 203573 
953251200 26060 252941 19.412203 405 1034 1127 887.764083 0.049765 0.157945 205467 
953856000 26130 254501 19.479602 405 1034 1122 894.203444 0.049969 0.157665 206911 
954460800 26198 255533 19.507825 405 1027 1122 896.647301 0.050142 0.157821 207761 
955065600 26283 257121 19.565575 406 1022 1114 901.093787 0.050180 0.157560 209075 
955670400 26355 258258 19.598406 408 1022 1113 903.690078 0.050274 0.157395 210030 
956275200 26422 259380 19.633639 410 1015 1123 906.778367 0.050282 0.157460 210994 
956880000 26484 260354 19.661229 410 1018 1119 908.741882 0.050449 0.157227 211805 
957484800 26541 261577 19.711164 413 1020 1118 915.696545 0.049882 0.157069 213023 
958089600 26613 263105 19.772667 414 1019 1116 922.034269 0.049902 0.156821 214428 
958694400 26702 264612 19.819639 414 1025 1110 926.335406 0.049754 0.156619 215716 
959299200 26766 265951 19.872301 417 1023 1104 930.564373 0.049715 0.156164 216856 
959904000 26854 267394 19.914650 419 1026 1106 934.240858 0.049698 0.155892 218075 
960508800 26916 268594 19.957943 419 1024 1106 938.393223 0.049742 0.155896 219184 
961113600 27020 270406 20.015248 421 1019 1117 943.636491 0.050086 0.156022 220790 
961718400 27105 271695 20.047593 422 1018 1115 946.407084 0.050262 0.156077 221887 
962323200 27185 272918 20.078573 426 1021 1113 949.035792 0.050172 0.155790 222875 
962928000 27257 274209 20.120263 426 1022 1104 952.408115 0.050211 0.155662 223958 
963532800 27340 275600 20.160936 426 1015 1105 955.548135 0.050242 0.155593 225092 
964137600 27434 277513 20.231319 429 1021 1099 962.009988 0.050250 0.155190 226785 
964742400 27529 279298 20.291184 429 1021 1088 966.733990 0.050327 0.154793 228269 
965347200 27609 280753 20.337788 429 1020 1090 970.466804 0.050292 0.154483 229510 
965952000 27675 281970 20.377236 429 1012 1089 973.494995 0.050182 0.154442 230523 
966556800 27762 283455 20.420359 431 1004 1096 977.163173 0.050067 0.154391 231765 
967161600 27843 284696 20.450095 432 1009 1091 979.621808 0.050194 0.154298 232798 
967766400 27908 285940 20.491615 432 1004 1094 982.763222 0.050341 0.154145 233827 
968371200 27997 287215 20.517555 434 1004 1092 985.101547 0.050519 0.153933 234833 
968976000 28081 288503 20.547915 434 1003 1092 987.845020 0.050671 0.153919 235878 
969580800 28165 289762 20.576034 434 997 1097 990.684467 0.050523 0.153897 236963 
970185600 28239 290873 20.600800 434 996 1096 992.858387 0.050390 0.154022 237840 
970790400 28309 292184 20.642481 437 995 1093 996.559610 0.050385 0.153758 238953 
971395200 28390 293407 20.669743 437 997 1090 999.060585 0.050414 0.153666 239979 
972000000 28493 295085 20.712807 438 998 1087 1003.124697 0.050387 0.153533 241385 
972604800 28571 296212 20.735151 440 998 1091 1005.252949 0.050372 0.153505 242311 
973209600 28657 297809 20.784381 441 997 1093 1010.486164 0.050545 0.153320 243760 
973814400 28751 299346 20.823345 443 993 1093 1013.992209 0.050600 0.153140 245027 
974419200 28823 300430 20.846546 444 995 1096 1016.169101 0.050526 0.153098 245899 
975024000 28907 302044 20.897637 445 997 1095 1020.826928 0.050569 0.152873 247306 
975628800 29017 304279 20.972464 445 995 1096 1027.674811 0.050559 0.152804 249233 
976233600 29110 305844 21.012985 446 989 1102 1031.224322 0.050573 0.152728 250569 
976838400 29201 307364 21.051608 448 985 1105 1034.694702 0.050557 0.152583 251845 
977443200 29322 309296 21.096515 451 980 1110 1038.456313 0.050596 0.152589 253399 
978048000 29386 310308 21.119445 451 973 1115 1040.369291 0.050686 0.152465 254229 
978652800 29444 311274 21.143459 453 976 1113 1042.494634 0.050663 0.152334 255033 
979257600 29518 312880 21.199268 453 974 1111 1047.297717 0.050560 0.152055 256438 
979862400 29603 314228 21.229470 453 972 1113 1049.652468 0.050723 0.151961 257520 
980467200 29685 315784 21.275661 453 972 1118 1054.513323 0.050657 0.151779 258942 
981072000 29759 317616 21.345879 454 968 1117 1065.185994 0.049748 0.151505 260957 
981676800 29865 319606 21.403382 456 971 1106 1070.085116 0.049788 0.151286 262635 
982281600 29961 321476 21.459631 457 971 1105 1074.859985 0.049702 0.150798 264231 
982886400 30045 323038 21.503611 459 969 1103 1078.487136 0.049773 0.150609 265570 
983491200 30135 324667 21.547503 459 970 1105 1082.312593 0.049770 0.150427 266987 
984096000 30203 326274 21.605403 460 971 1103 1086.976989 0.049722 0.150142 268382 
984700800 30290 328086 21.662991 461 961 1103 1092.162430 0.049753 0.150013 269938 
985305600 30351 329409 21.706632 462 958 1095 1095.744061 0.049744 0.149723 271044 
985910400 30436 330974 21.748850 462 960 1099 1099.954593 0.049805 0.149662 272453 
986515200 30523 332603 21.793598 463 961 1098 1104.240212 0.049822 0.149581 273913 
987120000 30592 333979 21.834401 464 960 1098 1108.090285 0.049871 0.149447 275149 
987724800 30664 335291 21.868706 464 961 1090 1110.925124 0.049866 0.149160 276270 
988329600 30749 337233 21.934567 464 961 1087 1116.846336 0.049848 0.148938 277992 
988934400 30816 338652 21.978972 464 964 1084 1120.876428 0.049866 0.148636 279227 
989539200 30877 339794 22.009522 465 963 1081 1123.506364 0.049883 0.148497 280190 
990144000 30964 341551 22.061168 466 967 1073 1128.162059 0.049893 0.148266 281710 
990748800 31050 343073 22.098100 466 973 1075 1131.351433 0.049924 0.148039 283042 
991353600 31145 344920 22.149302 468 975 1068 1136.205169 0.050001 0.147746 284637 
991958400 31227 346601 22.198802 469 965 1081 1141.371057 0.049809 0.147701 286077 
992563200 31305 348127 22.240984 470 965 1081 1145.139626 0.049887 0.147483 287353 
993168000 31399 349968 22.291665 471 972 1069 1150.096627 0.049853 0.147234 288947 
993772800 31494 352015 22.354417 474 972 1065 1156.638852 0.049961 0.146988 290775 
994377600 31566 353528 22.399290 474 966 1064 1160.768929 0.049991 0.146736 292078 
994982400 31652 355352 22.453684 474 966 1067 1165.474725 0.049894 0.146540 293653 
995587200 31729 356847 22.493429 474 962 1069 1168.891424 0.049846 0.146406 294934 
996192000 31795 358125 22.527127 476 967 1068 1172.405661 0.049784 0.146151 296043 
996796800 31873 359600 22.564553 477 968 1067 1176.280174 0.049649 0.145930 297345 
997401600 31937 360941 22.603313 478 965 1071 1179.754391 0.049594 0.145834 298514 
998006400 31982 362120 22.645238 478 965 1062 1183.567882 0.049552 0.145651 299574 
998611200 32045 363621 22.694399 478 957 1062 1187.752473 0.049622 0.145586 300933 
999216000 32108 365258 22.751838 479 957 1056 1193.082472 0.049548 0.145397 302435 
999820800 32177 366512 22.780993 479 959 1056 1196.020884 0.049550 0.145193 303533 
1000425600 32242 368116 22.834564 480 953 1057 1201.047019 0.049659 0.145076 305044 
1001030400 32313 369566 22.874137 480 948 1061 1204.506607 0.049727 0.144969 306301 
1001635200 32395 371166 22.915018 480 947 1056 1208.762463 0.049735 0.144813 307733 
1002240000 32489 372844 22.952015 481 947 1057 1212.249623 0.049709 0.144699 309169 
1002844800 32572 374630 23.003193 481 949 1052 1216.632445 0.049695 0.144484 310773 
1003449600 32675 376831 23.065402 485 945 1056 1223.130589 0.049825 0.144291 312768 
1004054400 32756 378579 23.115093 485 943 1057 1227.755526 0.049857 0.144151 314336 
1004659200 32852 380180 23.145014 487 940 1065 1230.943261 0.049762 0.144194 315704 
1005264000 32934 382019 23.199065 488 941 1060 1236.012571 0.049800 0.143904 317373 
1005868800 33028 383985 23.252089 491 937 1056 1241.302652 0.049734 0.143609 319097 
1006473600 33124 385720 23.289458 492 937 1053 1244.891317 0.049799 0.143290 320578 
1007078400 33256 387916 23.329083 492 935 1062 1248.949242 0.049787 0.143271 322461 
1007683200 33382 390092 23.371398 492 930 1067 1253.165179 0.049862 0.143257 324292 
1008288000 33467 392162 23.435743 495 931 1059 1259.171662 0.049837 0.142822 326187 
1008892800 33564 394096 23.483256 498 933 1055 1263.536706 0.049805 0.142535 327801 
1009497600 33619 395338 23.518725 500 933 1058 1267.247271 0.049903 0.142317 328918 
1010102400 33651 396067 23.539687 501 935 1053 1269.403227 0.049913 0.142276 329589 
1010707200 33723 397820 23.593393 503 934 1052 1280.012870 0.049036 0.142226 331581 
1011312000 33805 399784 23.652359 505 933 1050 1286.055436 0.049042 0.142001 333314 
1011916800 33877 401417 23.698498 505 931 1059 1290.909998 0.049120 0.141884 334800 
1012521600 33956 403294 23.753917 509 927 1056 1296.493285 0.048966 0.141669 336428 
1013126400 34030 405231 23.816103 510 925 1052 1303.499912 0.048754 0.141387 338204 
1013731200 34095 406907 23.869013 510 924 1052 1310.153630 0.048385 0.141168 339804 
1014336000 34161 408257 23.901935 512 921 1054 1313.398261 0.048284 0.141004 340953 
1014940800 34235 410058 23.955484 516 916 1051 1318.811859 0.048310 0.140803 342540 
1015545600 34315 411851 24.004138 517 921 1050 1324.968731 0.048120 0.140552 344179 
1016150400 34343 412365 24.014501 517 920 1052 1325.887546 0.048122 0.140522 344607 
