747411840 0 0 0.000000 0 0 0 0.000000 0.000000 0.000000 0 
748016640 2349 3826 3.257556 66 1026 465 29.419327 -0.145356 0.086501 664 
748621440 2449 4024 3.286239 70 1063 496 31.349939 -0.158592 0.095395 741 
749226240 2470 4071 3.296356 70 1062 506 31.428340 -0.157292 0.098980 761 
749831040 2511 4157 3.311031 71 1062 526 31.505376 -0.151334 0.106279 809 
750435840 2563 4229 3.300039 71 1077 541 31.136949 -0.146354 0.108210 825 
751040640 2626 4356 3.317593 71 1097 553 31.326733 -0.146014 0.112295 871 
751645440 2676 4467 3.338565 72 1116 553 31.802691 -0.133269 0.115726 916 
752250240 2729 4689 3.436424 72 1109 565 33.973617 -0.127058 0.126202 1067 
752855040 2779 4836 3.480389 73 1102 584 34.409500 -0.123567 0.137603 1137 
753459840 2847 5037 3.538462 74 1107 600 35.762557 -0.117124 0.146412 1255 
754064640 2906 5242 3.607708 76 1092 622 36.982106 -0.114833 0.156208 1373 
754669440 2944 5332 3.622283 77 1103 625 37.154891 -0.112839 0.158652 1427 
755274240 2994 5505 3.677355 77 1093 632 37.850367 -0.109820 0.169099 1525 
755879040 3039 5639 3.711089 79 1104 637 38.752221 -0.102996 0.170134 1598 
756483840 3086 5802 3.760207 79 1095 648 39.397278 -0.101682 0.176778 1694 
757088640 3108 5854 3.767053 79 1099 653 39.483912 -0.100211 0.177939 1726 
757693440 3133 5937 3.789978 80 1102 656 39.938079 -0.098195 0.179619 1781 
758298240 3170 6058 3.822082 80 1104 666 40.411987 -0.096487 0.181219 1841 
758903040 3235 6233 3.853478 81 1123 668 41.246368 -0.095835 0.183934 1933 
759507840 3303 6391 3.869815 81 1143 687 41.638510 -0.096773 0.187855 2005 
760112640 3337 6471 3.878334 82 1147 692 41.786635 -0.094613 0.190042 2039 
760717440 3400 6651 3.912353 87 1152 707 42.480588 -0.091440 0.197740 2144 
761322240 3459 6879 3.977450 90 1157 709 44.238797 -0.086358 0.200937 2283 
761927040 3511 7100 4.044432 92 1156 711 45.915694 -0.078749 0.203452 2448 
762531840 3546 7235 4.080654 92 1156 717 46.646926 -0.076965 0.206462 2531 
763136640 3622 7402 4.087245 93 1183 735 46.729983 -0.075262 0.206966 2595 
763741440 3701 7595 4.104296 93 1214 740 46.885166 -0.074984 0.209811 2701 
764346240 3749 7768 4.144038 94 1202 754 47.429181 -0.074755 0.217254 2807 
764951040 3826 7990 4.176686 94 1216 772 48.077365 -0.072974 0.219058 2923 
765555840 3871 8184 4.228365 94 1214 783 49.096358 -0.071642 0.221023 3045 
766160640 3903 8298 4.252114 94 1203 792 49.408148 -0.070178 0.224576 3100 
766765440 3944 8481 4.300710 94 1209 786 50.489858 -0.067174 0.224989 3220 
767370240 3996 8632 4.320320 94 1209 809 50.674174 -0.065877 0.228560 3302 
767975040 4030 8770 4.352357 94 1199 825 51.126551 -0.064510 0.230806 3376 
768579840 4086 9001 4.405776 94 1199 826 51.871757 -0.061565 0.234419 3533 
769184640 4170 9219 4.421583 96 1232 828 52.318465 -0.059958 0.233400 3646 
769789440 4256 9526 4.476504 96 1233 833 53.257049 -0.059376 0.238401 3821 
770394240 4330 9741 4.499307 99 1253 834 53.741339 -0.055661 0.238769 3947 
770999040 4382 9990 4.559562 100 1247 839 54.904153 -0.054074 0.241898 4103 
771603840 4452 10319 4.635669 103 1238 845 56.261006 -0.051556 0.246580 4319 
772208640 4504 10510 4.666963 103 1233 855 56.747780 -0.048491 0.249530 4424 
772813440 4569 10817 4.734953 106 1229 872 58.253009 -0.044896 0.249850 4621 
773418240 4634 11083 4.783341 106 1238 876 59.147605 -0.042817 0.250135 4789 
774023040 4684 11322 4.834330 106 1240 869 60.262596 -0.041779 0.249483 4968 
774627840 4740 11519 4.860338 106 1243 880 60.697046 -0.039775 0.249978 5070 
775232640 4827 11793 4.886265 106 1275 883 62.402320 -0.046111 0.250172 5247 
775837440 4871 11971 4.915212 106 1277 887 62.883597 -0.044148 0.251679 5364 
776442240 4926 12136 4.927324 107 1281 902 63.034511 -0.042520 0.252183 5446 
777047040 4976 12296 4.942122 107 1287 911 63.216640 -0.041549 0.253695 5541 
777651840 5044 12624 5.005551 107 1284 929 64.670896 -0.038683 0.255322 5779 
778256640 5085 12772 5.023402 107 1291 933 65.312881 -0.038761 0.256607 5893 
778861440 5152 13011 5.050854 107 1310 935 65.986025 -0.037704 0.255223 6025 
779466240 5207 13240 5.085462 108 1303 944 66.609180 -0.036489 0.256285 6165 
780071040 5275 13549 5.137062 109 1303 943 67.816872 -0.033562 0.258712 6376 
780675840 5355 13841 5.169374 110 1315 954 68.591597 -0.032028 0.259919 6568 
781280640 5406 14055 5.199778 111 1309 964 69.095819 -0.030233 0.261677 6704 
781885440 5461 14299 5.236770 111 1314 975 69.886468 -0.028914 0.261497 6872 
782490240 5514 14601 5.295974 112 1309 978 71.358361 -0.026968 0.261448 7083 
783095040 5575 14880 5.338117 112 1317 979 72.299910 -0.026655 0.262027 7275 
783699840 5644 15122 5.358611 112 1328 983 72.738483 -0.025672 0.261717 7427 
784304640 5684 15312 5.387755 113 1334 985 73.489092 -0.024674 0.261971 7549 
784909440 5748 15634 5.439805 114 1331 990 74.508351 -0.023218 0.261874 7750 
785514240 5813 15935 5.482539 116 1331 992 75.541029 -0.022060 0.263126 7966 
786119040 5896 16330 5.539349 116 1340 998 77.247286 -0.020169 0.262820 8237 
786723840 5970 16643 5.575544 117 1341 1007 77.948409 -0.018509 0.264356 8441 
787328640 6007 16823 5.601132 118 1333 1020 78.597969 -0.018701 0.265310 8560 
787933440 6055 17044 5.629727 118 1327 1029 79.186127 -0.018269 0.267425 8707 
788538240 6095 17247 5.659393 118 1327 1027 79.888105 -0.017571 0.266429 8829 
789143040 6130 17429 5.686460 118 1328 1034 80.551713 -0.016755 0.267214 8955 
789747840 6191 17663 5.706025 118 1325 1047 80.979163 -0.015336 0.268674 9089 
790352640 6279 18019 5.739449 120 1345 1047 81.943303 -0.012186 0.267370 9336 
790957440 6335 18352 5.793844 120 1353 1044 83.673560 -0.010908 0.267445 9594 
791562240 6399 18644 5.827160 120 1360 1051 84.579466 -0.008771 0.267569 9792 
792167040 6456 18907 5.857187 120 1364 1061 85.280050 -0.007465 0.267595 9978 
792771840 6515 19277 5.917728 121 1368 1063 86.778511 -0.005400 0.266926 10254 
793376640 6584 19690 5.981166 123 1362 1063 88.241495 -0.004244 0.266690 10536 
793981440 6639 20021 6.031330 124 1371 1060 89.869257 -0.004829 0.265512 10789 
794586240 6699 20468 6.110763 126 1354 1077 91.887446 -0.002687 0.265674 11114 
795191040 6791 20977 6.177882 126 1360 1086 93.714917 -0.000914 0.264156 11467 
795795840 6868 21458 6.248690 127 1354 1084 95.531159 0.000101 0.264755 11815 
796400640 6933 21874 6.310111 128 1358 1091 97.333045 0.001649 0.263417 12122 
797005440 7016 22310 6.359749 128 1370 1110 99.106613 0.002338 0.262427 12434 
797610240 7090 22737 6.413822 129 1364 1116 100.533427 0.004314 0.262907 12739 
798215040 7136 23071 6.466087 130 1365 1122 102.839126 0.004825 0.262119 13004 
798819840 7228 23541 6.513835 130 1391 1117 104.476480 0.005283 0.260089 13318 
799424640 7291 23860 6.545056 130 1394 1115 105.207242 0.006168 0.260050 13543 
800029440 7362 24295 6.600109 130 1393 1108 106.632980 0.006900 0.261167 13861 
800634240 7421 24613 6.633338 130 1403 1102 107.619997 0.007311 0.260759 14071 
801239040 7474 25008 6.691999 130 1398 1103 109.637945 0.007969 0.260734 14354 
801843840 7522 25367 6.744749 130 1383 1114 111.185855 0.009027 0.262303 14640 
802448640 7610 25881 6.801840 131 1391 1108 112.986334 0.009968 0.261988 15004 
803053440 7670 26267 6.849283 131 1386 1113 114.173403 0.011265 0.262609 15264 
803658240 7724 26599 6.887364 131 1377 1119 115.113931 0.012704 0.262942 15513 
804263040 7811 27115 6.942773 131 1392 1119 117.762386 0.009268 0.262581 15884 
804867840 7881 27579 6.998858 131 1379 1127 119.204923 0.010322 0.263424 16220 
805472640 7954 28092 7.063616 132 1371 1127 120.938899 0.011000 0.264265 16610 
806077440 8007 28447 7.105533 134 1367 1123 122.186837 0.011688 0.264281 16862 
806682240 8089 29107 7.196687 134 1361 1113 124.984547 0.012400 0.263683 17375 
807287040 8163 29575 7.246110 134 1360 1114 126.659806 0.012597 0.264213 17695 
807891840 8228 30147 7.327905 135 1365 1105 129.696159 0.013749 0.262042 18096 
808496640 8266 30424 7.361239 136 1364 1103 130.694169 0.014634 0.261566 18308 
809101440 8322 30846 7.413122 137 1362 1100 132.359048 0.015032 0.261234 18620 
809706240 8372 31190 7.451027 137 1363 1098 133.682752 0.015795 0.261371 18881 
810311040 8418 31511 7.486576 138 1355 1099 134.587313 0.016350 0.261835 19101 
810915840 8474 31817 7.509323 138 1355 1102 135.140902 0.017317 0.262745 19325 
811520640 8533 32212 7.549982 138 1356 1102 136.892300 0.017319 0.262145 19611 
812125440 8610 32677 7.590476 139 1357 1112 138.373519 0.017065 0.261075 19905 
812730240 8669 33092 7.634560 139 1361 1097 139.829738 0.018203 0.260388 20208 
813335040 8716 33396 7.663148 139 1355 1107 140.896742 0.017828 0.260966 20415 
813939840 8795 33987 7.728709 140 1364 1111 143.385560 0.017789 0.259514 20840 
814544640 8853 34462 7.785383 140 1350 1122 145.572122 0.017936 0.259722 21204 
815149440 8924 35044 7.853877 142 1337 1120 147.643209 0.018592 0.260750 21630 
815754240 8999 35544 7.899544 142 1341 1117 149.269474 0.018955 0.260316 21993 
816359040 9058 35972 7.942592 142 1338 1120 150.723559 0.019224 0.259761 22311 
816963840 9132 36566 8.008322 143 1332 1115 152.616075 0.020272 0.259520 22762 
817568640 9191 37069 8.066369 144 1325 1120 155.278425 0.019689 0.259167 23125 
818173440 9274 37774 8.146215 145 1315 1129 158.144274 0.020040 0.259280 23685 
818778240 9325 38134 8.178874 145 1311 1134 159.065737 0.021140 0.258767 23918 
819383040 9416 38855 8.252974 178 1317 1141 164.489805 0.014224 0.257836 24509 
819987840 9500 39532 8.322526 179 1330 1132 166.886526 0.014980 0.256542 25030 
820592640 9531 39755 8.342252 181 1335 1134 167.699717 0.015370 0.255737 25179 
821197440 9561 40184 8.405815 181 1326 1134 172.497438 0.015190 0.255766 25559 
821802240 9608 40476 8.425479 184 1330 1124 173.250624 0.015069 0.255131 25777 
822407040 9647 40850 8.468954 185 1318 1127 174.753602 0.015032 0.254905 26062 
823011840 9708 41429 8.535023 187 1305 1130 176.914297 0.015749 0.254961 26523 
823616640 9773 42054 8.606160 191 1298 1134 179.735189 0.015768 0.254379 27006 
824221440 9841 42763 8.690783 191 1291 1130 183.571385 0.016909 0.253215 27569 
824826240 9907 43331 8.747552 193 1287 1136 185.616837 0.017090 0.252882 28021 
825431040 9979 43994 8.817316 194 1288 1139 188.494037 0.018287 0.252595 28575 
826035840 10047 44592 8.876680 196 1299 1128 192.757838 0.015577 0.251289 29040 
826640640 10133 45054 8.892529 196 1323 1137 193.920655 0.015626 0.250538 29351 
827245440 10206 45746 8.964531 197 1314 1141 196.676857 0.016034 0.250324 29908 
827850240 10277 46441 9.037852 199 1303 1148 200.849080 0.015541 0.251072 30464 
828455040 10331 46984 9.095731 201 1294 1148 203.160972 0.015983 0.250590 30907 
829059840 10388 47416 9.128995 201 1294 1157 204.261456 0.016245 0.250501 31185 
829664640 10460 48022 9.182027 201 1296 1156 206.620459 0.016946 0.249758 31655 
830269440 10522 48632 9.243870 204 1291 1157 210.038966 0.015853 0.249573 32171 
830874240 10592 49211 9.292107 204 1298 1166 212.471488 0.016468 0.249486 32638 
831479040 10648 49654 9.326446 204 1292 1177 213.700225 0.016800 0.250030 32958 
832083840 10719 50149 9.357030 205 1290 1177 214.908667 0.017505 0.249712 33298 
832688640 10803 50868 9.417384 205 1284 1191 218.273443 0.017192 0.249863 33871 
833293440 10856 51289 9.448968 205 1284 1199 219.576455 0.016995 0.249749 34195 
833898240 10931 51953 9.505626 205 1277 1206 222.212057 0.017474 0.249225 34703 
834503040 11009 52618 9.559088 205 1269 1220 224.187120 0.018488 0.249107 35181 
835107840 11074 53233 9.614051 206 1268 1217 227.411595 0.018047 0.248786 35646 
835712640 11155 54023 9.685881 207 1270 1213 230.601883 0.019007 0.247785 36225 
836317440 11243 54738 9.737259 207 1275 1212 232.591479 0.019908 0.247071 36739 
836922240 11297 55144 9.762592 208 1278 1206 233.789856 0.019952 0.246497 37021 
837527040 11361 55723 9.809524 209 1266 1208 235.476102 0.020552 0.246401 37440 
838131840 11436 56301 9.846275 210 1272 1203 237.214935 0.021029 0.245942 37895 
838736640 11510 56983 9.901477 210 1273 1204 239.380539 0.021624 0.244840 38370 
839341440 11569 57653 9.966808 213 1263 1202 241.909759 0.021880 0.244380 38875 
839946240 11650 58218 9.994506 213 1271 1199 243.066266 0.022212 0.243544 39263 
840551040 11723 58835 10.037533 213 1263 1197 244.541500 0.022653 0.243339 39708 
841155840 11806 59479 10.076063 215 1268 1193 246.271557 0.022855 0.242902 40184 
841760640 11885 60042 10.103828 215 1267 1198 247.395709 0.023311 0.242840 40593 
842365440 11955 60776 10.167461 215 1253 1204 249.693517 0.023728 0.242465 41152 
842970240 12039 61568 10.228092 215 1259 1202 252.693081 0.024016 0.241433 41738 
843575040 12114 62342 10.292554 215 1247 1204 255.407628 0.024133 0.240858 42318 
844179840 12205 63243 10.363458 217 1244 1207 258.498156 0.023971 0.240109 42958 
844784640 12300 64203 10.439512 217 1247 1205 261.945528 0.025058 0.238681 43682 
845389440 12377 65052 10.511756 218 1243 1197 264.944332 0.024949 0.237993 44340 
845994240 12460 65781 10.558748 220 1233 1188 266.915730 0.025349 0.237732 44871 
846599040 12554 66962 10.667835 221 1223 1183 273.682810 0.025508 0.236787 45847 
847203840 12626 67625 10.712023 221 1214 1200 275.586251 0.025811 0.236944 46329 
847808640 12697 68420 10.777349 223 1208 1183 278.361818 0.025852 0.236167 46939 
848413440 12754 68948 10.811981 223 1211 1179 279.975537 0.026026 0.235727 47348 
849018240 12823 69612 10.857366 223 1206 1176 281.918896 0.026367 0.235539 47864 
849623040 12897 70425 10.921144 223 1198 1169 284.882686 0.027185 0.234770 48493 
850227840 12971 71378 11.005782 224 1188 1169 289.052039 0.027871 0.234321 49265 
850832640 13046 72232 11.073432 226 1182 1165 292.069140 0.028341 0.233571 49920 
851437440 13118 73112 11.146821 226 1173 1167 295.563653 0.028294 0.232662 50580 
852042240 13151 73449 11.170101 227 1165 1170 296.764353 0.028324 0.232971 50860 
852647040 13194 73991 11.215856 227 1159 1163 299.081097 0.028509 0.232928 51329 
853251840 13244 74547 11.257475 230 1150 1169 301.174721 0.028817 0.232636 51732 
853856640 13291 75121 11.304040 230 1141 1167 303.295764 0.028751 0.232460 52159 
854461440 13353 75777 11.349809 230 1144 1162 305.252752 0.029128 0.231921 52665 
855066240 13436 76702 11.417386 231 1142 1166 308.500893 0.029177 0.231076 53381 
855671040 13499 77332 11.457441 232 1142 1169 310.700052 0.029748 0.230659 53857 
856275840 13557 78021 11.510069 233 1127 1175 313.200561 0.029401 0.230524 54400 
856880640 13627 78828 11.569384 233 1128 1178 316.905702 0.029494 0.229702 55038 
857485440 13674 79422 11.616498 234 1124 1179 319.283165 0.029666 0.229553 55506 
858090240 13751 80383 11.691222 236 1121 1183 323.120646 0.029220 0.228890 56258 
858695040 13815 81131 11.745349 236 1115 1187 325.806298 0.029699 0.228312 56843 
859299840 13876 81708 11.776881 236 1112 1193 327.248487 0.030062 0.227663 57263 
859904640 13937 82512 11.840712 236 1107 1191 330.548468 0.030488 0.226925 57900 
860509440 13993 83191 11.890374 238 1095 1195 332.998070 0.030822 0.226890 58407 
861114240 14064 83948 11.937998 239 1085 1200 335.263367 0.031084 0.226495 58992 
861719040 14116 84807 12.015727 240 1077 1191 341.519269 0.029489 0.225891 59755 
862323840 14180 85383 12.042736 240 1079 1196 342.879126 0.029640 0.225431 60162 
862928640 14256 86247 12.099747 240 1078 1196 345.921016 0.029505 0.225020 60823 
863533440 14320 87008 12.151955 240 1068 1198 348.373045 0.029821 0.224733 61396 
864138240 14384 87788 12.206340 243 1055 1199 351.391685 0.030049 0.224176 61988 
864743040 14459 88622 12.258386 244 1054 1188 354.175254 0.030670 0.223945 62654 
865347840 14536 89478 12.311227 246 1047 1193 356.851403 0.030705 0.223859 63292 
865952640 14630 90467 12.367327 249 1055 1189 360.072317 0.031101 0.223259 64051 
866557440 14699 91355 12.430097 249 1052 1188 363.251786 0.031300 0.222568 64733 
867162240 14804 92428 12.486895 251 1050 1182 365.840043 0.031755 0.221873 65559 
867767040 14884 93327 12.540580 253 1049 1179 368.416555 0.032052 0.220947 66215 
868371840 14954 94392 12.624315 254 1035 1179 372.427578 0.032133 0.220360 67052 
868976640 15029 95221 12.671635 254 1028 1178 374.523920 0.032467 0.220215 67677 
869581440 15110 96075 12.716744 254 1024 1180 376.790073 0.032621 0.219786 68319 
870186240 15194 97349 12.814137 255 1015 1176 382.256680 0.032810 0.218718 69344 
870791040 15278 98453 12.888205 257 1009 1173 386.425710 0.032806 0.218011 70218 
871395840 15354 99237 12.926534 257 1007 1170 388.419044 0.033056 0.217502 70822 
872000640 15440 100419 13.007642 259 998 1172 392.443782 0.033257 0.216488 71708 
872605440 15507 101043 13.031921 260 1004 1170 393.821500 0.033426 0.216192 72167 
873210240 15564 101471 13.039193 260 1002 1174 394.281933 0.033608 0.216510 72472 
873815040 15642 102335 13.084644 261 1006 1169 396.673571 0.033662 0.215536 73122 
874419840 15715 103444 13.165002 262 1004 1172 404.263315 0.033718 0.215021 74133 
875024640 15788 104192 13.198885 262 1011 1174 406.092729 0.033819 0.214287 74678 
875629440 15874 105080 13.239259 263 1017 1170 408.332367 0.034312 0.213709 75350 
876234240 15945 105798 13.270367 264 1018 1167 409.752524 0.034561 0.213347 75849 
876839040 16026 106716 13.317858 264 1013 1175 412.221141 0.035016 0.212890 76533 
877443840 16110 107522 13.348479 266 1024 1165 414.231782 0.034987 0.211715 77116 
878048640 16201 108531 13.398062 268 1034 1165 417.283007 0.034961 0.210978 77900 
878653440 16302 109647 13.451969 271 1036 1159 420.461907 0.035165 0.209846 78723 
879258240 16362 110536 13.511307 273 1031 1155 423.480993 0.035619 0.209439 79398 
879863040 16451 111454 13.549815 276 1033 1153 425.618990 0.035647 0.209231 80053 
880467840 16563 112669 13.604902 277 1048 1144 429.009962 0.035744 0.208323 80954 
881072640 16653 113880 13.676815 277 1045 1130 433.055546 0.035790 0.207423 81894 
881677440 16760 115181 13.744749 277 1059 1128 440.112291 0.032777 0.206773 82942 
882282240 16848 116091 13.780983 277 1067 1123 442.283476 0.032994 0.206083 83593 
882887040 16959 117616 13.870629 279 1057 1125 448.059791 0.033235 0.204926 84803 
883491840 16996 118056 13.892210 280 1056 1126 449.243704 0.033272 0.204845 85146 
884096640 17024 118488 13.920113 280 1053 1128 451.109140 0.033242 0.204765 85486 
884701440 17088 119657 14.004799 281 1044 1124 457.248947 0.032929 0.204192 86449 
885306240 17162 120412 14.032397 281 1044 1123 458.923669 0.032863 0.203628 86975 
885911040 17218 121122 14.069230 281 1036 1128 461.213498 0.032854 0.203372 87518 
886515840 17287 122116 14.128073 281 1035 1122 464.380170 0.033056 0.202719 88268 
887120640 17348 122818 14.159327 281 1034 1122 466.122089 0.033196 0.202208 88763 
887725440 17400 123615 14.208621 282 1039 1118 470.250920 0.033317 0.201487 89442 
888330240 17476 124668 14.267338 283 1040 1118 473.679789 0.033339 0.200586 90238 
888935040 17560 125644 14.310251 284 1047 1114 476.112984 0.033330 0.200148 90972 
889539840 17623 126478 14.353742 284 1048 1110 478.880213 0.033221 0.199448 91580 
890144640 17768 127799 14.385299 284 1109 1111 483.080707 0.031170 0.198077 92588 
890749440 17838 128594 14.417984 284 1109 1114 484.711403 0.031357 0.197636 93162 
891354240 17910 129642 14.477052 288 1106 1116 488.602010 0.030742 0.197055 93991 
891959040 17966 130353 14.511076 288 1107 1116 490.363019 0.030888 0.196498 94509 
892563840 18006 130954 14.545596 290 1107 1115 492.701877 0.031181 0.196539 94977 
893168640 18073 131777 14.582748 290 1105 1115 494.746749 0.031526 0.196014 95601 
893773440 18163 132842 14.627760 290 1107 1107 498.015306 0.031677 0.195793 96441 
894378240 18221 133453 14.648263 291 1107 1105 499.190165 0.031735 0.195747 96865 
894983040 18294 134357 14.688641 292 1099 1110 501.433585 0.031727 0.195455 97525 
895587840 18371 135370 14.737358 292 1091 1118 504.167220 0.031852 0.195251 98287 
896192640 18463 136293 14.763906 292 1091 1119 505.650328 0.032199 0.195095 98945 
896797440 18545 137328 14.810245 296 1094 1118 508.847884 0.032370 0.194752 99749 
897402240 18650 138667 14.870456 297 1099 1114 512.545094 0.032639 0.193767 100749 
898007040 18724 139594 14.910703 299 1096 1123 514.887631 0.032953 0.193525 101464 
898611840 18795 140489 14.949614 299 1092 1125 517.554562 0.033183 0.193092 102151 
899216640 18873 141743 15.020717 301 1087 1123 523.983998 0.032010 0.192528 103210 
899821440 18959 142826 15.066828 301 1084 1129 526.507094 0.032089 0.192092 104047 
900426240 19067 144301 15.136204 306 1089 1129 531.370326 0.032145 0.191669 105198 
901031040 19142 145233 15.174276 308 1086 1132 534.879010 0.032099 0.191463 105924 
901635840 19227 146256 15.213606 309 1090 1137 537.419358 0.032055 0.191147 106676 
902240640 19297 147008 15.236358 309 1092 1132 538.977561 0.031992 0.191048 107227 
902845440 19379 148155 15.290263 312 1085 1140 542.255431 0.032148 0.190722 108128 
903450240 19431 148783 15.313983 313 1079 1148 543.659925 0.032119 0.190452 108597 
904055040 19492 149579 15.347732 315 1082 1142 545.806279 0.032406 0.190125 109234 
904659840 19598 151061 15.415961 318 1075 1148 550.069293 0.032250 0.189654 110291 
905264640 19691 152083 15.446955 320 1078 1155 552.094155 0.032611 0.189363 111021 
905869440 19783 153271 15.495223 322 1071 1158 554.694334 0.032815 0.188875 111909 
906474240 19865 154290 15.533854 325 1077 1152 557.209967 0.032695 0.188302 112651 
907079040 19975 155610 15.580476 327 1079 1149 560.193342 0.032759 0.187782 113618 
907683840 20048 156647 15.627195 327 1071 1153 563.320730 0.032845 0.187674 114375 
908288640 20127 157898 15.690167 328 1062 1155 567.864063 0.032888 0.187196 115381 
908893440 20203 158745 15.714993 329 1072 1155 569.588279 0.033101 0.186817 116019 
909498240 20289 159791 15.751491 331 1079 1153 572.183548 0.033236 0.186613 116797 
910103040 20378 160868 15.788399 332 1076 1160 574.503484 0.033534 0.186707 117646 
910707840 20443 162054 15.854229 332 1075 1154 578.542190 0.033581 0.185926 118533 
911312640 20523 163204 15.904497 332 1067 1164 582.230376 0.033642 0.185831 119419 
911917440 20614 164443 15.954497 332 1070 1168 585.719996 0.033778 0.185343 120357 
912522240 20687 165596 16.009668 333 1071 1168 589.394499 0.034065 0.184908 121257 
913127040 20761 166924 16.080536 334 1072 1160 594.757960 0.034246 0.184376 122358 
913731840 20860 168256 16.131927 334 1081 1150 599.343912 0.033928 0.183871 123405 
914336640 20975 170001 16.209869 334 1081 1146 604.846341 0.034236 0.183425 124822 
914941440 21013 170522 16.230143 334 1078 1147 606.104792 0.034283 0.183351 125243 
915546240 21067 171347 16.266863 334 1077 1149 608.952580 0.034232 0.182955 125870 
916151040 21120 172295 16.315814 335 1072 1148 612.071212 0.034253 0.182667 126607 
916755840 21185 173262 16.357045 336 1068 1141 614.602124 0.034337 0.182090 127337 
917360640 21262 174346 16.399774 336 1070 1141 617.940081 0.034495 0.181709 128183 
917965440 21320 175083 16.424296 336 1069 1143 619.429268 0.034579 0.181394 128726 
918570240 21378 175951 16.460941 338 1069 1141 622.271307 0.034402 0.181206 129390 
919175040 21461 177229 16.516379 338 1062 1143 625.671963 0.034451 0.181015 130354 
919779840 21548 178279 16.547151 340 1067 1142 628.197791 0.034393 0.180634 131128 
920384640 21625 179480 16.599306 340 1064 1143 631.493642 0.034400 0.180186 132025 
920989440 21696 180697 16.657172 341 1064 1138 635.620391 0.034560 0.179723 132995 
921594240 21763 181632 16.691816 342 1063 1134 637.980425 0.034563 0.179378 133682 
922199040 21861 183202 16.760624 344 1062 1137 642.467408 0.034631 0.178544 134907 
922803840 21942 184536 16.820345 345 1064 1133 646.592927 0.034672 0.177624 135896 
923408640 22018 185803 16.877373 345 1069 1133 650.523662 0.034788 0.177123 136869 
924013440 22094 186971 16.925048 346 1067 1131 653.786096 0.034633 0.176957 137761 
924618240 22181 188398 16.987331 347 1062 1129 657.751048 0.034694 0.176673 138875 
925223040 22235 189252 17.022892 347 1058 1127 659.933078 0.034876 0.176525 139538 
925827840 22329 190713 17.082091 348 1064 1131 665.159300 0.034753 0.176058 140725 
926432640 22401 191778 17.122271 348 1058 1134 667.699835 0.034816 0.175933 141545 
927037440 22486 193271 17.190341 349 1057 1135 672.444721 0.034977 0.175600 142753 
927642240 22575 194766 17.255017 349 1053 1135 677.796855 0.035216 0.175125 143961 
928247040 22690 196592 17.328515 349 1045 1132 683.318995 0.035550 0.174857 145382 
928851840 22772 198246 17.411382 349 1038 1129 689.178640 0.035852 0.174285 146682 
929456640 22854 199640 17.470902 351 1028 1127 693.519384 0.035827 0.173745 147723 
930061440 22930 200838 17.517488 351 1029 1130 697.264544 0.035940 0.173315 148644 
930666240 23022 202490 17.591000 352 1029 1129 702.293719 0.036109 0.172713 149927 
931271040 23095 203728 17.642607 352 1028 1131 705.923360 0.036284 0.172624 150908 
931875840 23188 204818 17.665862 352 1039 1124 707.813697 0.036596 0.171935 151668 
932480640 23285 206150 17.706678 353 1036 1120 710.575392 0.036712 0.171885 152716 
933085440 23369 207655 17.771834 355 1033 1114 714.970345 0.036851 0.171335 153893 
933690240 23462 209057 17.820902 356 1030 1120 718.458529 0.037017 0.170859 154998 
934295040 23549 210377 17.867171 357 1023 1129 721.779354 0.036971 0.170816 156031 
934899840 23618 211593 17.917944 361 1024 1131 725.213820 0.037061 0.170524 156996 
935504640 23687 212620 17.952463 362 1028 1125 727.768143 0.037167 0.170251 157810 
936109440 23758 213643 17.984931 364 1021 1123 730.237562 0.037025 0.169985 158606 
936714240 23844 215382 18.065929 367 1021 1113 736.430716 0.037247 0.169508 159978 
937319040 23938 216816 18.114797 368 1016 1117 740.115966 0.037270 0.169198 161106 
937923840 24030 218311 18.169871 370 1014 1112 743.933000 0.037267 0.168719 162251 
938528640 24115 219593 18.212150 372 1009 1114 746.837321 0.037410 0.168222 163216 
939133440 24196 221050 18.271615 372 1006 1117 751.056704 0.037312 0.167766 164335 
939738240 24270 222282 18.317429 372 1002 1120 754.542892 0.037382 0.167409 165295 
940343040 24368 223627 18.354153 373 1006 1125 757.348736 0.037604 0.167068 166294 
940947840 24458 224822 18.384332 373 1015 1117 759.338376 0.037753 0.166822 167192 
941552640 24537 226166 18.434690 374 1014 1117 762.747198 0.037959 0.166503 168234 
942157440 24617 227954 18.520047 377 1013 1114 769.357761 0.037926 0.165849 169728 
942762240 24707 229779 18.600316 379 1005 1119 775.514793 0.037973 0.165713 171198 
943367040 24787 231260 18.659781 381 1002 1112 779.824101 0.038029 0.165383 172340 
943971840 24873 232388 18.685965 381 1006 1109 781.662445 0.038155 0.164969 173169 
944576640 24939 233400 18.717671 381 1002 1105 783.707286 0.038327 0.164799 173923 
945181440 25018 234706 18.762971 384 1008 1095 787.292350 0.038361 0.164419 174926 
945786240 25134 236733 18.837670 386 1010 1089 793.434949 0.038173 0.164013 176537 
946391040 25206 238017 18.885741 387 1005 1086 796.867809 0.038299 0.163788 177560 
946995840 25257 238711 18.902562 387 1006 1083 798.172071 0.038437 0.163631 178073 
947600640 25318 239709 18.935856 388 1007 1078 800.492061 0.038404 0.163117 178819 
948205440 25414 241313 18.990556 389 1002 1074 804.933973 0.038457 0.162977 180048 
948810240 25492 242357 19.014357 389 992 1082 806.740389 0.038515 0.163003 180861 
949415040 25580 244007 19.077952 392 982 1095 811.620172 0.038614 0.162794 182142 
950019840 25658 245287 19.119729 395 986 1091 814.580092 0.038852 0.162374 183129 
950624640 25742 246737 19.169995 397 987 1094 818.367571 0.038790 0.161951 184263 
951229440 25806 247869 19.210184 397 979 1097 821.431915 0.038848 0.161892 185155 
951834240 25881 249410 19.273598 398 977 1094 826.800201 0.038805 0.161391 186430 
952439040 25944 250511 19.311671 400 980 1098 831.287311 0.038497 0.161107 187335 
953043840 26020 252000 19.369716 401 979 1097 836.100615 0.038516 0.160833 188565 
953648640 26096 253706 19.444053 403 977 1093 846.106760 0.038154 0.160307 190174 
954253440 26166 255167 19.503707 403 971 1096 851.510433 0.038237 0.160006 191387 
954858240 26250 256483 19.541562 405 962 1098 854.296229 0.038357 0.159924 192410 
955463040 26329 257759 19.579855 405 963 1100 857.156292 0.038542 0.159606 193383 
956067840 26400 258960 19.618182 406 961 1100 860.435985 0.038642 0.159401 194371 
956672640 26452 259931 19.653032 406 962 1101 863.009678 0.038674 0.159052 195103 
957277440 26513 260799 19.673292 408 967 1100 864.540490 0.038813 0.158946 195762 
957882240 26576 262171 19.729907 408 965 1096 871.675196 0.037905 0.158532 196962 
958487040 26653 263902 19.802799 409 967 1091 878.805238 0.038115 0.158099 198435 
959091840 26737 265292 19.844560 409 972 1080 882.223062 0.038138 0.157571 199477 
959696640 26813 266640 19.888860 410 974 1076 885.586022 0.038189 0.157274 200521 
960301440 26893 268301 19.953222 411 972 1076 891.316923 0.037922 0.157049 201897 
960906240 26977 269719 19.996219 412 970 1075 895.336472 0.037641 0.156687 202981 
961511040 27073 271197 20.034499 414 968 1076 898.712296 0.037696 0.156447 204094 
962115840 27148 272300 20.060410 414 974 1067 900.604759 0.037797 0.156167 204944 
962720640 27229 273718 20.104888 414 975 1059 904.015057 0.037960 0.156006 206060 
963325440 27297 274915 20.142507 415 972 1053 906.929773 0.038001 0.155681 206953 
963930240 27392 276601 20.195751 415 973 1053 911.313960 0.037943 0.155358 208260 
964535040 27489 278417 20.256612 416 976 1051 916.653643 0.037977 0.154849 209676 
965139840 27577 280308 20.329115 418 971 1050 922.464300 0.037908 0.154428 211157 
965744640 27638 281269 20.353788 421 969 1045 924.316376 0.037937 0.154187 211871 
966349440 27723 282740 20.397504 422 966 1039 927.763518 0.038008 0.153997 213000 
966954240 27810 284159 20.435743 424 966 1040 930.872492 0.037995 0.153687 214060 
967559040 27876 285378 20.474817 424 965 1041 934.012412 0.038001 0.153478 215007 
968163840 27963 286594 20.498087 425 964 1043 936.141902 0.038008 0.153196 215898 
968768640 28049 288032 20.537773 426 963 1045 939.311348 0.038174 0.153110 217000 
969373440 28127 289153 20.560529 428 960 1045 941.209087 0.038172 0.152909 217861 
969978240 28204 290430 20.594951 430 953 1044 944.030067 0.038201 0.152824 218809 
970583040 28282 291833 20.637367 430 955 1045 947.900078 0.038269 0.152726 219957 
971187840 28362 292935 20.656865 430 961 1048 949.787321 0.038237 0.152510 220800 
971792640 28454 294325 20.687777 430 959 1051 952.743375 0.038151 0.152388 221883 
972397440 28539 295795 20.729178 431 955 1052 956.287046 0.038116 0.152205 223047 
973002240 28607 297123 20.772748 434 951 1053 960.999895 0.037958 0.152037 224148 
973607040 28710 298779 20.813584 435 954 1049 964.590944 0.037875 0.151767 225426 
974211840 28790 300013 20.841473 435 953 1054 966.948941 0.037897 0.151749 226390 
974816640 28879 301625 20.888881 436 957 1056 970.921916 0.038020 0.151331 227628 
975421440 28964 303093 20.928946 437 961 1059 974.904157 0.038193 0.151154 228771 
976026240 29067 305200 20.999759 437 957 1057 980.814807 0.038227 0.150842 230423 
976631040 29150 306531 21.031286 437 952 1061 983.544014 0.038222 0.150742 231409 
977235840 29269 308441 21.076292 438 950 1048 987.244388 0.038344 0.150445 232872 
977840640 29358 309940 21.114517 438 945 1061 990.726753 0.038270 0.150156 234020 
978445440 29422 310809 21.127660 438 948 1057 991.970566 0.038201 0.150020 234667 
979050240 29484 311906 21.157645 439 949 1058 994.396418 0.038216 0.149779 235482 
979655040 29574 313772 21.219450 440 948 1057 999.731453 0.038065 0.149431 236952 
980259840 29658 315345 21.265426 441 945 1067 1004.268865 0.037993 0.149226 238204 
980864640 29732 317090 21.329880 442 940 1060 1013.611328 0.036583 0.148908 239765 
981469440 29824 318814 21.379694 442 944 1058 1017.601127 0.036596 0.148565 241074 
982074240 29916 320533 21.428867 443 947 1054 1021.604827 0.036748 0.148149 242389 
982679040 30017 322431 21.483226 443 943 1051 1026.000200 0.036697 0.147740 243817 
983283840 30097 324053 21.533907 443 941 1053 1030.290727 0.036771 0.147451 245100 
983888640 30183 325820 21.589637 445 943 1046 1034.553689 0.036950 0.147170 246482 
984493440 30250 327276 21.638083 447 942 1040 1038.631405 0.037092 0.146857 247672 
985098240 30328 328934 21.691770 451 932 1039 1042.778686 0.037098 0.146509 248946 
985703040 30399 330225 21.726044 451 930 1044 1045.878351 0.037146 0.146349 249963 
986307840 30497 331936 21.768436 452 929 1038 1049.764698 0.037196 0.146037 251246 
986912640 30561 333220 21.806878 453 930 1033 1052.960178 0.037143 0.145777 252260 
987517440 30627 334711 21.857250 453 928 1029 1057.307670 0.037154 0.145328 253439 
988122240 30711 336224 21.895998 453 926 1029 1060.764482 0.037239 0.145114 254620 
988727040 30788 337962 21.954138 453 920 1038 1065.810121 0.037289 0.144803 255971 
989331840 30849 339304 21.997731 454 914 1040 1069.512853 0.037363 0.144516 257056 
989936640 30925 340538 22.023476 456 915 1036 1071.913468 0.037336 0.144381 257996 
990541440 31016 342530 22.087310 457 910 1037 1077.659466 0.037354 0.144054 259593 
991146240 31102 344282 22.138898 458 919 1033 1082.214070 0.037356 0.143607 260952 
991751040 31202 346155 22.188001 460 918 1034 1087.330748 0.037530 0.143421 262485 
992355840 31270 347524 22.227311 460 912 1033 1090.898305 0.037600 0.143357 263572 
992960640 31365 349242 22.269536 460 909 1037 1094.593719 0.037664 0.143009 264867 
993565440 31440 350891 22.321310 462 909 1034 1099.410941 0.037820 0.142753 266228 
994170240 31532 352821 22.378600 464 905 1034 1104.890460 0.037725 0.142363 267765 
994775040 31624 354695 22.432014 467 898 1030 1109.324880 0.037705 0.142095 269204 
995379840 31704 356365 22.480760 468 899 1029 1113.137459 0.037769 0.141638 270493 
995984640 31762 357399 22.504817 469 896 1032 1115.365216 0.037712 0.141438 271272 
996589440 31836 358945 22.549629 469 896 1029 1119.145873 0.037684 0.141252 272469 
997194240 31914 360377 22.584258 471 894 1032 1121.958514 0.037761 0.141091 273542 
997799040 31964 361715 22.632649 472 894 1029 1125.891190 0.037721 0.140802 274608 
998403840 32011 362765 22.665021 472 892 1031 1128.449783 0.037789 0.140632 275385 
999008640 32077 364284 22.713097 475 893 1027 1132.500670 0.037767 0.140324 276579 
999613440 32149 365984 22.767987 477 897 1029 1137.733989 0.037655 0.140035 277946 
1000218240 32216 367476 22.813260 478 894 1028 1141.853986 0.037658 0.139805 279135 
1000823040 32280 368935 22.858426 479 889 1025 1145.993061 0.037597 0.139596 280321 
1001427840 32357 370418 22.895695 479 887 1022 1149.288995 0.037587 0.139412 281461 
1002032640 32445 372135 22.939436 479 883 1026 1153.025921 0.037715 0.139217 282759 
1002637440 32539 373921 22.982944 479 883 1028 1156.673592 0.037817 0.139080 284085 
1003242240 32629 375874 23.039260 480 881 1028 1161.708051 0.037647 0.138744 285619 
1003847040 32710 377563 23.085478 481 873 1032 1165.675696 0.037674 0.138583 286912 
1004451840 32808 379417 23.129542 482 865 1040 1169.504267 0.037785 0.138495 288314 
1005056640 32891 381027 23.169074 482 862 1048 1173.108936 0.037747 0.138269 289569 
1005661440 32993 383198 23.229049 484 862 1039 1178.671355 0.037777 0.137875 291268 
1006266240 33075 384982 23.279335 485 856 1039 1183.498957 0.037789 0.137656 292625 
1006871040 33177 386881 23.322241 486 853 1042 1187.305543 0.037921 0.137550 294087 
1007475840 33338 389279 23.353471 486 855 1037 1190.705681 0.038015 0.137288 295858 
1008080640 33434 391405 23.413591 486 853 1040 1196.031884 0.038176 0.137082 297500 
1008685440 33524 393252 23.460924 489 858 1037 1200.405501 0.038038 0.136759 298957 
1009290240 33601 395011 23.511860 489 858 1032 1204.886819 0.038254 0.136473 300327 
1009895040 33639 395855 23.535480 490 863 1030 1207.598383 0.038283 0.136369 301013 
1010499840 33690 396682 23.548946 490 866 1028 1208.928287 0.038245 0.136331 301647 
1011104640 33778 399003 23.625022 491 864 1034 1221.298241 0.037048 0.136018 303755 
1011709440 33845 400521 23.667957 491 862 1035 1226.043965 0.037043 0.135888 304969 
1012314240 33911 402040 23.711480 492 860 1039 1230.094542 0.036993 0.135648 306125 
1012919040 33995 404277 23.784498 494 860 1026 1236.820415 0.037068 0.135268 307977 
1013523840 34067 406117 23.842252 495 859 1017 1243.389380 0.036894 0.134906 309495 
1014128640 34140 407713 23.884769 496 858 1016 1248.856942 0.036642 0.134702 310849 
1014733440 34207 409314 23.931593 496 853 1013 1253.082702 0.036614 0.134478 312086 
1015338240 34285 410902 23.969783 498 857 1013 1256.589354 0.036654 0.134240 313326 
1015943040 34342 412321 24.012638 498 859 1008 1261.694485 0.036300 0.134074 314488 
1016547840 34343 412365 24.014501 498 859 1007 1261.848179 0.036289 0.134036 314518 
