820800000 0 0 0.000000 0 0 0 0.000000 0.000000 0.000000 0 
821404800 9580 40320 8.417537 178 1626 1193 198.133612 0.012467 0.194832 36283 
822009600 9629 40671 8.447606 179 1613 1194 199.085056 0.013018 0.195942 36544 
822614400 9671 41092 8.497984 180 1609 1192 200.821218 0.014016 0.195798 36952 
823219200 9742 41801 8.581605 184 1596 1194 204.135085 0.014121 0.197466 37621 
823824000 9805 42469 8.662723 188 1593 1188 208.153799 0.016678 0.198309 38314 
824428800 9876 43011 8.710207 192 1583 1199 209.777440 0.017542 0.199848 38779 
825033600 9933 43619 8.782644 195 1579 1196 213.083459 0.018638 0.200472 39325 
825638400 10013 44200 8.828523 195 1581 1188 214.708479 0.019636 0.200762 39843 
826243200 10095 44809 8.877464 195 1606 1182 218.655770 0.016282 0.201286 40478 
826848000 10167 45382 8.927314 195 1598 1194 220.951510 0.017927 0.202239 40995 
827452800 10235 46020 8.992672 195 1592 1194 223.522618 0.019246 0.203073 41611 
828057600 10296 46662 9.064103 196 1574 1208 227.819736 0.019623 0.204905 42276 
828662400 10362 47248 9.119475 196 1560 1209 229.701795 0.020602 0.206358 42755 
829267200 10415 47644 9.149112 197 1563 1212 231.094959 0.021231 0.206685 43094 
829872000 10482 48220 9.200534 198 1556 1221 233.228773 0.021605 0.207407 43574 
830476800 10544 48765 9.249810 199 1562 1212 236.155918 0.021677 0.208045 44082 
831081600 10620 49380 9.299435 201 1560 1221 238.690584 0.023222 0.208868 44587 
831686400 10679 49860 9.337953 202 1557 1223 240.111621 0.023489 0.209607 44999 
832291200 10765 50465 9.375755 203 1575 1215 242.016535 0.023847 0.210074 45527 
832896000 10822 51056 9.435594 204 1570 1206 245.122713 0.023241 0.210539 46054 
833500800 10882 51476 9.460761 205 1559 1217 245.973902 0.023973 0.212537 46385 
834105600 10967 52298 9.537339 207 1564 1201 249.502690 0.024620 0.212241 47103 
834710400 11040 52978 9.597464 208 1549 1219 252.846920 0.025585 0.213932 47786 
835315200 11125 53720 9.657528 209 1554 1228 255.989034 0.026924 0.213931 48433 
835920000 11190 54354 9.714745 210 1537 1238 258.105094 0.027195 0.215511 49021 
836524800 11268 54945 9.752396 210 1539 1242 259.792865 0.027773 0.215369 49498 
837129600 11326 55396 9.782094 210 1529 1248 261.265937 0.027213 0.216182 49886 
837734400 11398 55948 9.817161 210 1528 1247 262.708370 0.027745 0.216707 50367 
838339200 11472 56637 9.873954 210 1524 1258 264.954324 0.028753 0.216940 50956 
838944000 11534 57255 9.928039 210 1510 1256 267.052367 0.029371 0.217834 51526 
839548800 11608 57966 9.987250 210 1497 1266 269.654376 0.029656 0.218151 52142 
840153600 11680 58498 10.016781 210 1504 1266 270.827397 0.030360 0.218041 52597 
840758400 11770 59231 10.064741 210 1502 1259 272.895497 0.031117 0.217763 53188 
841363200 11849 59742 10.083889 210 1503 1263 273.634400 0.031181 0.218772 53596 
841968000 11914 60337 10.128756 211 1491 1264 275.283700 0.031590 0.219219 54124 
842572800 11988 61141 10.200367 213 1483 1252 278.541875 0.032223 0.219618 54853 
843177600 12069 61834 10.246748 214 1482 1247 280.624244 0.033055 0.219703 55420 
843782400 12163 62792 10.325084 214 1474 1261 283.968100 0.034186 0.220955 56284 
844387200 12248 63697 10.401208 217 1470 1275 288.152678 0.036305 0.220532 57144 
844992000 12333 64524 10.463634 220 1460 1279 291.042893 0.037434 0.220451 57853 
845596800 12416 65422 10.538338 223 1434 1293 294.374195 0.039320 0.221392 58643 
846201600 12503 66489 10.635687 226 1423 1293 300.610254 0.038281 0.221488 59654 
846806400 12580 67176 10.679809 227 1418 1282 302.450715 0.039231 0.221641 60219 
847411200 12658 68026 10.748301 229 1411 1283 305.599463 0.039994 0.221789 60969 
848016000 12718 68648 10.795408 231 1407 1264 307.526812 0.040210 0.221464 61503 
848620800 12777 69135 10.821789 231 1410 1262 308.741958 0.040546 0.221469 61916 
849225600 12855 69961 10.884636 234 1403 1250 311.727421 0.041129 0.221485 62602 
849830400 12925 70833 10.960619 234 1394 1250 315.887041 0.041258 0.221294 63364 
850435200 13007 71783 11.037595 234 1386 1255 319.779657 0.041562 0.220767 64150 
851040000 13082 72633 11.104265 234 1368 1249 322.602966 0.041788 0.220977 64817 
851644800 13129 73211 11.152563 235 1361 1247 324.768832 0.041236 0.221031 65311 
852249600 13159 73490 11.169542 235 1356 1248 325.493731 0.041427 0.221074 65548 
852854400 13212 74163 11.226612 237 1347 1250 328.185589 0.042064 0.220968 66127 
853459200 13266 74877 11.288557 238 1330 1257 331.261420 0.042567 0.221135 66789 
854064000 13312 75369 11.323468 238 1322 1259 332.862981 0.042820 0.221522 67201 
854668800 13383 76087 11.370694 241 1318 1266 335.017858 0.043373 0.221261 67798 
855273600 13472 76948 11.423397 243 1324 1260 337.964667 0.044368 0.220494 68595 
855878400 13529 77725 11.490132 243 1314 1257 341.606623 0.045949 0.220634 69365 
856483200 13584 78376 11.539458 243 1315 1255 344.662250 0.046552 0.219925 69956 
857088000 13649 79102 11.590886 246 1307 1260 347.157008 0.046816 0.220085 70571 
857692800 13708 79835 11.647943 246 1292 1272 350.114094 0.047562 0.220404 71302 
858297600 13774 80625 11.706839 247 1295 1262 353.501670 0.048272 0.220131 72032 
858902400 13837 81347 11.757895 247 1280 1274 355.807473 0.048479 0.220270 72649 
859507200 13907 82186 11.819372 247 1272 1274 358.927159 0.048866 0.219983 73379 
860112000 13957 82757 11.858852 247 1274 1276 361.254711 0.049344 0.219514 73930 
860716800 14027 83582 11.917302 248 1261 1278 364.337777 0.050001 0.219509 74677 
861321600 14085 84261 11.964643 248 1252 1280 366.632304 0.050335 0.219074 75261 
861926400 14144 85089 12.031816 249 1250 1281 372.519089 0.049582 0.218620 76110 
862531200 14219 85827 12.072157 250 1258 1274 374.714396 0.049779 0.218414 76734 
863136000 14285 86606 12.125446 251 1257 1267 377.096815 0.050021 0.217911 77390 
863740800 14350 87315 12.169338 252 1255 1270 379.624808 0.050074 0.217543 78053 
864345600 14417 88127 12.225428 253 1244 1269 382.397309 0.050291 0.217254 78691 
864950400 14491 88944 12.275757 254 1250 1266 385.325650 0.050310 0.216586 79403 
865555200 14573 89855 12.331709 256 1237 1273 387.963357 0.050435 0.216555 80121 
866160000 14660 90844 12.393452 257 1240 1258 391.537790 0.050937 0.216010 80971 
866764800 14736 91689 12.444218 258 1243 1257 394.446933 0.050946 0.215615 81675 
867369600 14838 92805 12.509098 260 1237 1262 397.680280 0.051133 0.215078 82603 
867974400 14915 93825 12.581294 262 1230 1256 401.439356 0.051595 0.214440 83460 
868579200 14985 94765 12.647981 263 1221 1245 404.855522 0.051877 0.213746 84269 
869184000 15069 95556 12.682461 264 1213 1253 406.615568 0.052413 0.213521 84930 
869788800 15144 96611 12.758980 266 1202 1243 410.828579 0.051899 0.213201 85810 
870393600 15234 97883 12.850597 268 1184 1232 415.712879 0.051816 0.212998 87004 
870998400 15316 98888 12.913032 268 1179 1240 419.632149 0.052407 0.212644 87952 
871603200 15387 99753 12.965880 269 1175 1241 422.415286 0.052567 0.212513 88674 
872208000 15471 100698 13.017646 269 1170 1230 425.036132 0.053025 0.212577 89477 
872812800 15527 101196 13.034843 269 1173 1229 426.018677 0.053065 0.212646 89851 
873417600 15591 101827 13.062280 269 1176 1226 427.166057 0.053481 0.212040 90333 
874022400 15668 102783 13.120117 269 1169 1224 431.691856 0.051709 0.211770 91176 
874627200 15755 103853 13.183497 270 1168 1225 436.633450 0.050580 0.211169 92104 
875232000 15826 104597 13.218375 272 1167 1230 438.550992 0.050811 0.211019 92744 
875836800 15908 105439 13.256098 273 1167 1228 440.408474 0.051062 0.210812 93395 
876441600 15984 106224 13.291291 274 1167 1225 442.341091 0.051271 0.210831 94083 
877046400 16064 107096 13.333665 276 1165 1230 444.920319 0.051801 0.210923 94835 
877651200 16147 107991 13.375983 279 1165 1238 447.744349 0.052166 0.210676 95578 
878256000 16254 109069 13.420573 280 1166 1240 450.076658 0.052596 0.210005 96394 
878860800 16331 110094 13.482824 281 1169 1240 453.915253 0.052313 0.209287 97252 
879465600 16401 110967 13.531736 282 1166 1235 456.354978 0.052667 0.208952 97997 
880070400 16510 112149 13.585584 284 1190 1226 460.254028 0.053295 0.208584 99019 
880675200 16594 113049 13.625286 286 1186 1224 462.475594 0.053569 0.208439 99737 
881280000 16690 114339 13.701498 288 1186 1218 466.874296 0.053842 0.207445 100816 
881884800 16799 115640 13.767486 289 1203 1220 474.784928 0.053279 0.206616 102139 
882489600 16894 116670 13.812004 289 1203 1220 477.777554 0.053803 0.206435 103015 
883094400 16971 117760 13.877792 290 1190 1217 481.642331 0.053705 0.206077 103934 
883699200 17009 118290 13.909107 291 1189 1207 483.517550 0.053707 0.205715 104415 
884304000 17046 118906 13.951191 292 1189 1204 486.100786 0.053893 0.205308 104943 
884908800 17116 119900 14.010283 294 1185 1207 490.956532 0.054898 0.205164 105889 
885513600 17193 120802 14.052463 295 1183 1202 493.218519 0.055239 0.204930 106594 
886118400 17246 121504 14.090688 295 1176 1207 495.795431 0.055303 0.204555 107150 
886723200 17312 122388 14.139094 295 1170 1206 498.538008 0.055599 0.204351 107927 
887328000 17376 123364 14.199355 296 1174 1198 503.269222 0.054492 0.203815 108821 
887932800 17434 124070 14.233108 296 1172 1195 505.343696 0.054550 0.203999 109408 
888537600 17514 125133 14.289483 296 1173 1193 508.706520 0.054830 0.203428 110320 
889142400 17585 126095 14.341200 299 1170 1191 512.075291 0.054656 0.203214 111122 
889747200 17730 127201 14.348675 301 1231 1186 514.980147 0.052577 0.202001 112009 
890352000 17793 128146 14.404091 304 1227 1189 518.316866 0.052611 0.201580 112796 
890956800 17875 129156 14.451021 305 1220 1202 521.387860 0.052612 0.201345 113649 
891561600 17935 129943 14.490438 305 1217 1209 524.087761 0.052761 0.200982 114345 
892166400 17983 130548 14.519046 306 1220 1204 525.860869 0.052738 0.200609 114865 
892771200 18027 131277 14.564487 309 1216 1210 529.047762 0.052845 0.200058 115514 
893376000 18106 132198 14.602673 309 1214 1216 531.389595 0.052849 0.199806 116285 
893980800 18194 133192 14.641310 309 1214 1207 534.115972 0.052898 0.199374 117120 
894585600 18250 133819 14.665096 309 1212 1199 535.156164 0.053278 0.199154 117631 
895190400 18324 134742 14.706614 310 1207 1192 537.648112 0.053502 0.198839 118386 
895795200 18411 135782 14.750095 313 1201 1188 540.595079 0.053398 0.198691 119212 
896400000 18500 136816 14.790919 313 1206 1192 543.713514 0.053727 0.198229 120104 
897004800 18586 137821 14.830625 314 1211 1193 546.108254 0.053804 0.197678 120885 
897609600 18681 139134 14.895776 315 1214 1186 550.489910 0.053762 0.196882 121982 
898214400 18756 140055 14.934421 315 1222 1187 553.282896 0.053632 0.196313 122774 
898819200 18830 141169 14.994052 316 1213 1190 559.177377 0.052951 0.196063 123892 
899424000 18910 142154 15.034796 317 1203 1194 561.639027 0.052750 0.195960 124692 
900028800 19008 143426 15.091120 318 1197 1208 565.425295 0.053060 0.195739 125751 
900633600 19096 144584 15.142857 318 1198 1209 569.194596 0.052877 0.195351 126720 
901238400 19184 145714 15.191201 320 1202 1213 573.342890 0.052130 0.195215 127728 
901843200 19261 146650 15.227662 321 1203 1211 576.093557 0.052234 0.195390 128541 
902448000 19329 147394 15.251074 321 1206 1209 577.861555 0.052207 0.195053 129164 
903052800 19401 148410 15.299211 322 1196 1210 580.754703 0.052409 0.194731 130029 
903657600 19457 149132 15.329393 323 1194 1206 582.355039 0.052573 0.194363 130605 
904262400 19528 150051 15.367780 324 1200 1199 584.967943 0.052692 0.193760 131346 
904867200 19645 151601 15.434054 325 1205 1194 589.765029 0.052920 0.193086 132706 
905472000 19717 152398 15.458538 326 1200 1198 591.270984 0.053114 0.192959 133332 
906076800 19826 153787 15.513669 327 1201 1189 594.772218 0.053337 0.192311 134445 
906681600 19913 154963 15.564003 327 1202 1184 597.986943 0.053604 0.191785 135418 
907286400 20006 155992 15.594522 329 1202 1191 600.074478 0.053642 0.191578 136222 
907891200 20083 157355 15.670468 329 1192 1190 606.022108 0.053995 0.191352 137487 
908496000 20159 158250 15.700184 332 1188 1188 608.247631 0.053999 0.190816 138199 
909100800 20246 159228 15.729329 335 1196 1193 610.463301 0.053957 0.190753 138997 
909705600 20328 160278 15.769185 337 1196 1206 613.171291 0.054139 0.190570 139823 
910310400 20402 161385 15.820508 338 1195 1200 616.539653 0.054315 0.190238 140727 
910915200 20467 162402 15.869644 340 1196 1200 620.221039 0.054107 0.189879 141607 
911520000 20567 163708 15.919483 341 1199 1201 623.734623 0.054332 0.189537 142673 
912124800 20641 164871 15.975098 343 1189 1208 627.532387 0.054458 0.189393 143631 
912729600 20720 166001 16.023263 344 1194 1209 631.486293 0.054283 0.189021 144561 
913334400 20809 167442 16.093229 345 1194 1208 637.157960 0.054443 0.188810 145836 
913939200 20917 169159 16.174308 347 1193 1213 644.219152 0.053714 0.188281 147422 
914544000 20999 170385 16.227916 347 1190 1221 648.284775 0.053627 0.188227 148458 
915148800 21038 170882 16.245080 347 1188 1223 649.528092 0.053727 0.188252 148858 
915753600 21084 171728 16.289888 350 1180 1227 652.528647 0.053792 0.188151 149632 
916358400 21154 172825 16.339699 350 1172 1227 655.638934 0.053740 0.188051 150558 
916963200 21217 173728 16.376302 351 1172 1224 658.266673 0.053716 0.187852 151337 
917568000 21287 174673 16.411237 353 1168 1227 660.899986 0.053870 0.187837 152125 
918172800 21337 175365 16.437644 353 1164 1225 662.527159 0.053809 0.187349 152650 
918777600 21422 176707 16.497713 353 1156 1227 666.727103 0.053762 0.187315 153812 
919382400 21492 177629 16.529779 355 1152 1233 669.406663 0.053703 0.187040 154551 
919987200 21575 178674 16.563059 356 1160 1231 671.842688 0.053814 0.186596 155414 
920592000 21657 180001 16.622893 357 1160 1224 675.814471 0.053649 0.186032 156543 
921196800 21729 181082 16.667311 358 1163 1220 679.424640 0.053501 0.185655 157472 
921801600 21804 182261 16.718125 358 1160 1211 682.674280 0.053644 0.185086 158431 
922406400 21906 183946 16.794120 360 1157 1207 688.300283 0.053491 0.184605 159862 
923011200 21984 185197 16.848344 360 1159 1203 692.002274 0.053742 0.184284 160873 
923616000 22057 186550 16.915265 360 1158 1200 696.699279 0.053833 0.183957 162068 
924220800 22126 187451 16.943957 360 1157 1201 698.762542 0.053873 0.183785 162770 
924825600 22205 188773 17.002747 361 1154 1197 702.728485 0.053866 0.183441 163900 
925430400 22267 189774 17.045314 361 1149 1197 705.648359 0.053718 0.183147 164748 
926035200 22363 191205 17.100121 362 1155 1197 710.850154 0.053237 0.182514 165960 
926640000 22434 192401 17.152625 362 1153 1189 714.842917 0.053551 0.182268 166966 
927244800 22531 193892 17.211131 364 1145 1191 718.911899 0.053566 0.181825 168203 
927849600 22626 195417 17.273667 365 1134 1198 724.232653 0.053378 0.181273 169516 
928454400 22724 197324 17.367013 367 1124 1201 731.626034 0.053800 0.180909 171213 
929059200 22811 198845 17.434133 368 1114 1199 736.124677 0.053981 0.180494 172484 
929664000 22902 200482 17.507816 369 1102 1201 742.134748 0.054304 0.180308 173937 
930268800 22972 201607 17.552412 370 1100 1210 745.561640 0.054175 0.180094 174856 
930873600 23052 202921 17.605501 371 1101 1203 749.329950 0.054232 0.179586 175990 
931478400 23130 204064 17.644963 373 1113 1198 752.839948 0.054233 0.179250 177002 
932083200 23232 205445 17.686381 375 1112 1195 755.579976 0.054430 0.178909 178124 
932688000 23313 206707 17.733196 376 1107 1188 759.107880 0.054113 0.178554 179182 
933292800 23408 208264 17.794258 378 1106 1186 763.678230 0.054243 0.178100 180471 
933897600 23507 209658 17.837921 379 1108 1183 766.663377 0.054353 0.177956 181603 
934502400 23574 210792 17.883431 380 1098 1190 770.112327 0.054405 0.177748 182515 
935107200 23653 212156 17.939035 380 1089 1200 774.097155 0.054520 0.177546 183641 
935712000 23717 212992 17.961125 380 1093 1197 775.946621 0.054580 0.177254 184310 
936316800 23803 214584 18.029996 381 1091 1194 781.255556 0.054742 0.176823 185690 
936921600 23880 215947 18.086013 384 1082 1198 785.674539 0.054587 0.176629 186857 
937526400 23983 217526 18.140016 386 1083 1195 789.634158 0.054831 0.176368 188169 
938131200 24069 219091 18.205243 386 1073 1198 794.167352 0.055118 0.176111 189461 
938736000 24153 220177 18.231855 387 1074 1205 796.027491 0.055226 0.175799 190330 
939340800 24230 221691 18.298886 389 1075 1202 801.680809 0.055048 0.175245 191598 
939945600 24314 222930 18.337583 391 1077 1204 804.555482 0.055091 0.174956 192651 
940550400 24403 224143 18.370118 391 1079 1202 807.140188 0.055067 0.174695 193605 
941155200 24504 225537 18.408178 392 1074 1207 809.723637 0.055215 0.174644 194714 
941760000 24575 226981 18.472513 393 1071 1198 814.962848 0.055404 0.174177 195982 
942364800 24652 228755 18.558738 395 1066 1196 822.420331 0.055544 0.173671 197577 
942969600 24731 230205 18.616716 396 1063 1194 826.836602 0.055603 0.173328 198857 
943574400 24827 231833 18.675877 398 1063 1199 831.720466 0.055724 0.172851 200246 
944179200 24904 232870 18.701413 398 1060 1206 833.614600 0.055743 0.172586 201014 
944784000 24967 233896 18.736412 400 1061 1202 836.301598 0.055885 0.172593 201902 
945388800 25072 235770 18.807435 400 1061 1199 842.455010 0.055625 0.172187 203444 
945993600 25179 237560 18.869693 400 1055 1200 846.867946 0.055650 0.171655 204872 
946598400 25229 238299 18.890880 401 1049 1202 848.523287 0.055481 0.171542 205466 
947203200 25285 239168 18.917777 401 1050 1197 850.454894 0.055573 0.171392 206188 
947808000 25356 240446 18.965610 402 1047 1189 853.878372 0.055730 0.171042 207252 
948412800 25452 241861 19.005265 402 1037 1191 857.000236 0.055817 0.170973 208430 
949017600 25523 242843 19.029346 403 1040 1194 859.078243 0.055766 0.170692 209237 
949622400 25614 244636 19.101741 404 1033 1191 864.549309 0.055943 0.170466 210765 
950227200 25697 245843 19.133985 405 1034 1196 866.996537 0.056064 0.170228 211740 
950832000 25770 247221 19.186729 407 1032 1199 871.113543 0.055948 0.169906 212854 
951436800 25838 248679 19.249090 407 1025 1199 876.760276 0.055811 0.169558 214149 
952041600 25904 249641 19.274321 408 1026 1198 878.849830 0.055760 0.169411 214920 
952646400 25976 251072 19.331075 408 1027 1191 884.925470 0.055259 0.169047 216213 
953251200 26060 252941 19.412203 409 1020 1195 895.379816 0.053751 0.168739 217987 
953856000 26130 254501 19.479602 409 1020 1189 901.808496 0.053810 0.168202 219405 
954460800 26198 255533 19.507825 410 1021 1187 904.424918 0.053980 0.167804 220243 
955065600 26283 257121 19.565575 410 1018 1182 908.739261 0.053982 0.167363 221547 
955670400 26355 258258 19.598406 411 1023 1178 911.060899 0.054171 0.166871 222452 
956275200 26422 259380 19.633639 411 1019 1181 914.077284 0.054255 0.166620 223387 
956880000 26484 260354 19.661229 411 1021 1181 916.322987 0.054248 0.166287 224173 
957484800 26541 261577 19.711164 412 1022 1177 923.250141 0.053387 0.165978 225323 
958089600 26613 263105 19.772667 413 1019 1174 929.117123 0.053513 0.165655 226686 
958694400 26702 264612 19.819639 415 1023 1167 933.330837 0.053544 0.165257 227955 
959299200 26766 265951 19.872301 415 1018 1165 937.421057 0.053497 0.164951 229060 
959904000 26854 267394 19.914650 417 1018 1165 941.128324 0.053518 0.164584 230295 
960508800 26916 268594 19.957943 417 1020 1164 945.415292 0.053310 0.164248 231327 
961113600 27020 270406 20.015248 418 1021 1164 950.952110 0.053134 0.163774 232875 
961718400 27105 271695 20.047593 419 1019 1161 953.958163 0.053099 0.163665 233916 
962323200 27185 272918 20.078573 419 1017 1160 956.356447 0.053184 0.163421 234862 
962928000 27257 274209 20.120263 420 1012 1151 959.679642 0.053211 0.162978 235928 
963532800 27340 275600 20.160936 421 1010 1150 962.931968 0.053263 0.162724 237051 
964137600 27434 277513 20.231319 423 1010 1146 969.388569 0.053457 0.162071 238730 
964742400 27529 279298 20.291184 424 1003 1141 974.249773 0.053555 0.161684 240266 
965347200 27609 280753 20.337788 424 1004 1142 977.903365 0.053600 0.161460 241451 
965952000 27675 281970 20.377236 426 1002 1137 981.290840 0.053679 0.161120 242484 
966556800 27762 283455 20.420359 426 995 1146 984.925077 0.053781 0.160753 243732 
967161600 27843 284696 20.450095 426 997 1146 987.510469 0.053892 0.160714 244754 
967766400 27908 285940 20.491615 428 994 1142 991.138455 0.053877 0.160435 245780 
968371200 27997 287215 20.517555 429 993 1146 993.381648 0.053993 0.160451 246814 
968976000 28081 288503 20.547915 431 993 1148 996.367651 0.053928 0.160321 247890 
969580800 28165 289762 20.576034 433 988 1150 998.851624 0.053891 0.160298 248879 
970185600 28239 290873 20.600800 434 981 1158 1001.116258 0.053891 0.160421 249793 
970790400 28309 292184 20.642481 434 979 1159 1004.741390 0.053913 0.160051 250866 
971395200 28390 293407 20.669743 435 981 1156 1007.331807 0.053905 0.159732 251889 
972000000 28493 295085 20.712807 436 975 1163 1011.651915 0.053837 0.159651 253286 
972604800 28571 296212 20.735151 439 970 1172 1013.548773 0.053863 0.159680 254183 
973209600 28657 297809 20.784381 439 966 1174 1018.854032 0.053754 0.159488 255587 
973814400 28751 299346 20.823345 439 961 1175 1022.254669 0.053781 0.159356 256839 
974419200 28823 300430 20.846546 440 961 1177 1024.351455 0.053803 0.159187 257742 
975024000 28907 302044 20.897637 441 958 1181 1028.675061 0.053920 0.159102 259083 
975628800 29017 304279 20.972464 442 957 1181 1035.357411 0.054091 0.158587 260965 
976233600 29110 305844 21.012985 444 954 1181 1039.073308 0.054065 0.158284 262243 
976838400 29201 307364 21.051608 445 950 1178 1042.296428 0.054044 0.158205 263464 
977443200 29322 309296 21.096515 450 948 1186 1046.306391 0.054117 0.158033 265072 
978048000 29386 310308 21.119445 450 948 1190 1048.338597 0.054166 0.157938 265911 
978652800 29444 311274 21.143459 451 951 1184 1050.547276 0.054269 0.157752 266689 
979257600 29518 312880 21.199268 452 947 1177 1055.430517 0.054065 0.157486 268059 
979862400 29603 314228 21.229470 452 944 1173 1057.831841 0.054066 0.157179 269116 
980467200 29685 315784 21.275661 452 936 1179 1062.952602 0.053840 0.156898 270459 
981072000 29759 317616 21.345879 452 926 1187 1072.940354 0.052402 0.156618 272235 
981676800 29865 319606 21.403382 454 924 1191 1077.972811 0.052444 0.156394 273841 
982281600 29961 321476 21.459631 454 923 1179 1082.950703 0.052414 0.155916 275337 
982886400 30045 323038 21.503611 455 926 1173 1086.690631 0.052330 0.155429 276618 
983491200 30135 324667 21.547503 457 929 1166 1090.466766 0.052259 0.154936 277905 
984096000 30203 326274 21.605403 459 929 1157 1095.408006 0.052284 0.154546 279220 
984700800 30290 328086 21.662991 459 930 1152 1100.579399 0.052335 0.154193 280786 
985305600 30351 329409 21.706632 460 924 1149 1104.003361 0.052547 0.154006 281879 
985910400 30436 330974 21.748850 461 926 1148 1108.109016 0.052644 0.153824 283262 
986515200 30523 332603 21.793598 461 919 1148 1112.233922 0.052737 0.153636 284604 
987120000 30592 333979 21.834401 462 916 1156 1116.122189 0.052722 0.153428 285737 
987724800 30664 335291 21.868706 463 914 1160 1119.115771 0.052671 0.153268 286825 
988329600 30749 337233 21.934567 465 912 1159 1125.335328 0.052614 0.153023 288438 
988934400 30816 338652 21.978972 466 915 1159 1129.289849 0.052627 0.152691 289584 
989539200 30877 339794 22.009522 466 916 1152 1131.914499 0.052665 0.152464 290520 
990144000 30964 341551 22.061168 467 916 1152 1136.542178 0.052694 0.152008 291981 
990748800 31050 343073 22.098100 470 923 1151 1139.831820 0.052748 0.151712 293231 
991353600 31145 344920 22.149302 471 920 1156 1144.538192 0.052729 0.151552 294722 
991958400 31227 346601 22.198802 472 916 1160 1149.810036 0.052801 0.151544 296126 
992563200 31305 348127 22.240984 474 917 1162 1153.812298 0.052831 0.151320 297396 
993168000 31399 349968 22.291665 474 920 1162 1158.581420 0.052974 0.150895 298936 
993772800 31494 352015 22.354417 474 916 1152 1164.876675 0.052893 0.150456 300654 
994377600 31566 353528 22.399290 476 914 1146 1168.775074 0.052894 0.150222 301907 
994982400 31652 355352 22.453684 477 910 1139 1173.152723 0.052952 0.149861 303381 
995587200 31729 356847 22.493429 477 911 1139 1176.435249 0.052945 0.149539 304600 
996192000 31795 358125 22.527127 477 911 1147 1179.470483 0.052932 0.149421 305651 
996796800 31873 359600 22.564553 479 908 1149 1183.074828 0.052859 0.149135 306882 
997401600 31937 360941 22.603313 480 902 1152 1186.481824 0.052812 0.148992 307996 
998006400 31982 362120 22.645238 481 897 1150 1190.073979 0.052742 0.148820 308997 
998611200 32045 363621 22.694399 482 897 1146 1194.300702 0.052827 0.148548 310226 
999216000 32108 365258 22.751838 483 895 1140 1199.956522 0.052671 0.148181 311706 
999820800 32177 366512 22.780993 484 899 1137 1202.803617 0.052636 0.147971 312730 
1000425600 32242 368116 22.834564 485 897 1137 1207.901805 0.052605 0.147719 314106 
1001030400 32313 369566 22.874137 486 890 1142 1211.540123 0.052726 0.147731 315327 
1001635200 32395 371166 22.915018 489 887 1137 1215.506591 0.052651 0.147536 316647 
1002240000 32489 372844 22.952015 489 877 1147 1218.718212 0.052735 0.147559 317972 
1002844800 32572 374630 23.003193 492 876 1136 1223.082279 0.052703 0.147178 319444 
1003449600 32675 376831 23.065402 494 874 1130 1229.165295 0.052568 0.146916 321294 
1004054400 32756 378579 23.115093 496 870 1131 1233.958176 0.052639 0.146530 322763 
1004659200 32852 380180 23.145014 498 867 1141 1236.845002 0.052572 0.146495 324021 
1005264000 32934 382019 23.199065 498 863 1140 1241.958037 0.052523 0.146265 325515 
1005868800 33028 383985 23.252089 498 853 1143 1247.342861 0.052498 0.146021 327156 
1006473600 33124 385720 23.289458 500 846 1148 1251.045526 0.052495 0.145931 328549 
1007078400 33256 387916 23.329083 500 844 1155 1255.338225 0.052530 0.145765 330346 
1007683200 33382 390092 23.371398 501 845 1151 1259.686598 0.052520 0.145686 332165 
1008288000 33467 392162 23.435743 506 842 1146 1265.331521 0.052499 0.145282 333866 
1008892800 33564 394096 23.483256 508 845 1140 1269.742343 0.052491 0.144958 335482 
1009497600 33619 395338 23.518725 508 845 1135 1273.538594 0.052400 0.144757 336521 
1010102400 33651 396067 23.539687 508 840 1138 1275.658613 0.052448 0.144639 337149 
1010707200 33723 397820 23.593393 509 841 1141 1286.207396 0.050481 0.144444 338913 
1011312000 33805 399784 23.652359 509 834 1137 1292.152403 0.050445 0.144250 340610 
1011916800 33877 401417 23.698498 510 831 1142 1296.768840 0.050433 0.144038 342007 
1012521600 33956 403294 23.753917 512 827 1141 1302.188892 0.050355 0.143772 343597 
1013126400 34030 405231 23.816103 513 816 1142 1309.217396 0.050169 0.143657 345267 
1013731200 34095 406907 23.869013 515 814 1144 1315.801496 0.050109 0.143443 346810 
1014336000 34161 408257 23.901935 516 811 1144 1318.909692 0.050070 0.143271 347898 
1014940800 34235 410058 23.955484 517 808 1146 1324.022784 0.050104 0.143075 349451 
1015545600 34315 411851 24.004138 518 813 1138 1330.052105 0.050007 0.142745 351007 
1016150400 34343 412365 24.014501 518 811 1139 1330.927700 0.050042 0.142701 351401 
