820800000 0 0 0.000000 0 0 0 0.000000 0.000000 0.000000 0 
821404800 9580 40320 8.417537 179 1630 1195 198.347808 0.013267 0.194079 36297 
822009600 9629 40671 8.447606 180 1618 1202 199.408038 0.013725 0.196173 36579 
822614400 9671 41092 8.497984 180 1603 1209 201.266053 0.014357 0.197623 36982 
823219200 9742 41801 8.581605 181 1579 1217 204.510162 0.014778 0.199747 37631 
823824000 9805 42469 8.662723 183 1571 1221 208.452626 0.016220 0.201001 38283 
824428800 9876 43011 8.710207 185 1566 1220 210.184285 0.017769 0.201924 38730 
825033600 9933 43619 8.782644 186 1559 1212 213.409846 0.019436 0.202604 39360 
825638400 10013 44200 8.828523 186 1556 1219 214.828123 0.020702 0.203136 39792 
826243200 10095 44809 8.877464 188 1582 1223 219.175632 0.021673 0.203337 40428 
826848000 10167 45382 8.927314 188 1572 1223 221.207633 0.022939 0.205304 40920 
827452800 10235 46020 8.992672 189 1566 1217 223.864973 0.023946 0.205450 41557 
828057600 10296 46662 9.064103 190 1551 1229 228.220862 0.024088 0.205645 42169 
828662400 10362 47248 9.119475 190 1538 1231 230.043042 0.024988 0.207245 42694 
829267200 10415 47644 9.149112 190 1538 1237 231.337494 0.024752 0.207444 43016 
829872000 10482 48220 9.200534 191 1535 1247 233.778287 0.026507 0.207886 43545 
830476800 10544 48765 9.249810 195 1539 1245 236.867223 0.027277 0.207972 44098 
831081600 10620 49380 9.299435 195 1546 1246 239.275141 0.027950 0.208364 44633 
831686400 10679 49860 9.337953 195 1537 1244 240.511658 0.028479 0.209338 44990 
832291200 10765 50465 9.375755 195 1539 1251 242.104412 0.028509 0.210964 45468 
832896000 10822 51056 9.435594 195 1532 1256 245.231935 0.027550 0.211887 45988 
833500800 10882 51476 9.460761 196 1526 1268 246.202904 0.028308 0.213650 46345 
834105600 10967 52298 9.537339 201 1523 1264 249.928148 0.028808 0.214244 47119 
834710400 11040 52978 9.597464 203 1508 1271 253.644384 0.028790 0.215301 47780 
835315200 11125 53720 9.657528 203 1507 1276 256.918831 0.030340 0.216529 48495 
835920000 11190 54354 9.714745 203 1499 1268 258.989097 0.031165 0.216958 49045 
836524800 11268 54945 9.752396 204 1503 1263 260.572240 0.032012 0.217082 49527 
837129600 11326 55396 9.782094 205 1496 1275 261.892107 0.032506 0.217775 49923 
837734400 11398 55948 9.817161 206 1485 1285 263.341990 0.032851 0.218540 50356 
838339200 11472 56637 9.873954 207 1481 1287 265.922594 0.033425 0.219131 50947 
838944000 11534 57255 9.928039 210 1470 1288 268.287671 0.033796 0.219609 51474 
839548800 11608 57966 9.987250 211 1465 1295 270.847174 0.034113 0.220547 52187 
840153600 11680 58498 10.016781 211 1467 1299 271.911815 0.034740 0.220634 52606 
840758400 11770 59231 10.064741 212 1465 1289 273.866270 0.035425 0.220946 53214 
841363200 11849 59742 10.083889 213 1465 1290 274.711790 0.036124 0.221647 53618 
841968000 11914 60337 10.128756 214 1459 1292 276.415813 0.036516 0.222207 54120 
842572800 11988 61141 10.200367 214 1456 1287 279.918752 0.037080 0.222267 54894 
843177600 12069 61834 10.246748 214 1455 1282 282.252879 0.037648 0.221803 55467 
843782400 12163 62792 10.325084 216 1443 1283 285.675573 0.037653 0.222359 56280 
844387200 12248 63697 10.401208 220 1433 1291 289.578707 0.039110 0.222371 57129 
844992000 12333 64524 10.463634 221 1425 1293 292.124868 0.039801 0.222520 57862 
845596800 12416 65422 10.538338 222 1407 1292 295.445071 0.040198 0.222794 58654 
846201600 12503 66489 10.635687 222 1400 1297 301.709670 0.041705 0.222969 59731 
846806400 12580 67176 10.679809 223 1396 1291 303.546741 0.042305 0.223406 60301 
847411200 12658 68026 10.748301 224 1393 1286 307.016432 0.042982 0.222808 61045 
848016000 12718 68648 10.795408 224 1389 1276 309.117629 0.042906 0.222797 61568 
848620800 12777 69135 10.821789 224 1385 1276 310.209126 0.043207 0.222419 61943 
849225600 12855 69961 10.884636 225 1371 1278 313.218514 0.043794 0.222173 62597 
849830400 12925 70833 10.960619 228 1356 1274 317.350716 0.043596 0.221673 63338 
850435200 13007 71783 11.037595 228 1353 1279 321.394019 0.045203 0.221250 64125 
851040000 13082 72633 11.104265 230 1343 1276 324.304693 0.044997 0.221331 64809 
851644800 13129 73211 11.152563 231 1336 1280 326.701957 0.045768 0.221071 65350 
852249600 13159 73490 11.169542 231 1329 1284 327.402994 0.046097 0.221026 65558 
852854400 13212 74163 11.226612 233 1324 1281 330.743869 0.046237 0.220519 66220 
853459200 13266 74877 11.288557 234 1314 1277 333.915875 0.046792 0.220692 66911 
854064000 13312 75369 11.323468 234 1304 1283 335.557993 0.046768 0.220718 67315 
854668800 13383 76087 11.370694 234 1301 1276 337.649406 0.046964 0.220208 67878 
855273600 13472 76948 11.423397 235 1307 1271 340.561906 0.047684 0.219723 68608 
855878400 13529 77725 11.490132 235 1298 1268 344.166901 0.047937 0.219432 69264 
856483200 13584 78376 11.539458 235 1296 1262 347.033422 0.048046 0.218820 69787 
857088000 13649 79102 11.590886 236 1291 1253 349.767602 0.048598 0.218480 70355 
857692800 13708 79835 11.647943 236 1282 1267 352.612781 0.048572 0.218699 70969 
858297600 13774 80625 11.706839 237 1282 1263 355.724989 0.049389 0.218424 71679 
858902400 13837 81347 11.757895 238 1279 1264 358.504734 0.049652 0.218157 72329 
859507200 13907 82186 11.819372 241 1262 1275 361.550874 0.049608 0.218441 73041 
860112000 13957 82757 11.858852 241 1265 1271 363.949273 0.050141 0.218445 73570 
860716800 14027 83582 11.917302 243 1255 1272 366.573038 0.050526 0.218196 74264 
861321600 14085 84261 11.964643 244 1251 1274 368.949663 0.051121 0.218121 74822 
861926400 14144 85089 12.031816 245 1249 1256 374.632919 0.048209 0.217538 75562 
862531200 14219 85827 12.072157 245 1255 1258 376.832970 0.048383 0.217433 76161 
863136000 14285 86606 12.125446 246 1256 1250 379.651103 0.048763 0.216908 76851 
863740800 14350 87315 12.169338 247 1245 1266 381.758188 0.049276 0.217257 77477 
864345600 14417 88127 12.225428 248 1235 1259 384.896580 0.049399 0.217575 78196 
864950400 14491 88944 12.275757 250 1238 1262 387.963978 0.049841 0.217302 78873 
865555200 14573 89855 12.331709 252 1223 1266 390.425993 0.050003 0.218130 79653 
866160000 14660 90844 12.393452 255 1224 1261 394.015825 0.049599 0.217382 80501 
866764800 14736 91689 12.444218 256 1219 1258 396.898208 0.049756 0.217150 81194 
867369600 14838 92805 12.509098 257 1218 1256 400.303275 0.050330 0.216798 82145 
867974400 14915 93825 12.581294 257 1211 1249 403.892323 0.050508 0.216274 82992 
868579200 14985 94765 12.647981 258 1202 1247 407.289022 0.050980 0.215680 83799 
869184000 15069 95556 12.682461 259 1207 1244 408.877829 0.051732 0.215541 84435 
869788800 15144 96611 12.758980 261 1193 1243 413.109350 0.051830 0.215409 85363 
870393600 15234 97883 12.850597 262 1179 1246 418.078771 0.052047 0.214744 86474 
870998400 15316 98888 12.913032 262 1176 1245 421.796683 0.051940 0.214450 87353 
871603200 15387 99753 12.965880 262 1160 1258 424.799376 0.052014 0.214392 88031 
872208000 15471 100698 13.017646 262 1152 1261 427.516515 0.052362 0.214445 88817 
872812800 15527 101196 13.034843 264 1154 1258 428.570619 0.052481 0.214365 89200 
873417600 15591 101827 13.062280 264 1152 1258 429.735360 0.052859 0.214199 89747 
874022400 15668 102783 13.120117 265 1150 1256 434.562165 0.052371 0.214085 90559 
874627200 15755 103853 13.183497 267 1159 1245 439.451983 0.051335 0.213400 91490 
875232000 15826 104597 13.218375 267 1159 1246 441.285985 0.051567 0.213057 92134 
875836800 15908 105439 13.256098 268 1164 1235 443.056198 0.051805 0.212530 92804 
876441600 15984 106224 13.291291 269 1160 1231 444.839464 0.052133 0.212781 93445 
877046400 16064 107096 13.333665 270 1167 1237 447.353088 0.052369 0.212043 94170 
877651200 16147 107991 13.375983 275 1175 1243 450.508577 0.052800 0.211502 94938 
878256000 16254 109069 13.420573 275 1173 1249 453.051433 0.053384 0.211079 95831 
878860800 16331 110094 13.482824 277 1176 1250 456.857755 0.053794 0.210581 96732 
879465600 16401 110967 13.531736 277 1172 1253 459.479788 0.053763 0.210441 97447 
880070400 16510 112149 13.585584 278 1191 1255 463.102241 0.054033 0.209620 98395 
880675200 16594 113049 13.625286 280 1182 1253 465.246716 0.054340 0.209106 99115 
881280000 16690 114339 13.701498 282 1182 1236 469.575434 0.054306 0.208771 100227 
881884800 16799 115640 13.767486 283 1195 1228 477.282457 0.053364 0.208152 101526 
882489600 16894 116670 13.812004 285 1189 1238 480.480052 0.053376 0.208475 102412 
883094400 16971 117760 13.877792 287 1181 1230 484.443462 0.053623 0.208039 103351 
883699200 17009 118290 13.909107 288 1175 1231 486.514198 0.053757 0.207822 103815 
884304000 17046 118906 13.951191 290 1168 1233 488.897219 0.054027 0.207917 104374 
884908800 17116 119900 14.010283 290 1158 1238 493.711732 0.054857 0.207616 105259 
885513600 17193 120802 14.052463 291 1150 1241 496.075728 0.054726 0.207566 105988 
886118400 17246 121504 14.090688 292 1153 1229 498.614287 0.055049 0.207175 106633 
886723200 17312 122388 14.139094 294 1147 1225 501.220194 0.055034 0.206616 107385 
887328000 17376 123364 14.199355 295 1145 1219 506.297882 0.054339 0.206357 108291 
887932800 17434 124070 14.233108 296 1148 1217 508.618447 0.054377 0.206032 108868 
888537600 17514 125133 14.289483 296 1150 1216 512.196414 0.054584 0.205609 109785 
889142400 17585 126095 14.341200 298 1143 1221 515.417572 0.054991 0.205268 110634 
889747200 17730 127201 14.348675 299 1211 1217 518.139876 0.052474 0.203895 111505 
890352000 17793 128146 14.404091 301 1204 1215 521.493396 0.052731 0.203375 112327 
890956800 17875 129156 14.451021 302 1209 1217 524.505846 0.052943 0.202965 113178 
891561600 17935 129943 14.490438 302 1211 1213 527.239699 0.052847 0.202494 113819 
892166400 17983 130548 14.519046 304 1215 1211 529.081911 0.052601 0.202162 114312 
892771200 18027 131277 14.564487 305 1214 1213 532.361125 0.052950 0.201761 114982 
893376000 18106 132198 14.602673 307 1210 1218 535.074782 0.052877 0.201872 115770 
893980800 18194 133192 14.641310 307 1210 1219 537.914917 0.053516 0.201623 116671 
894585600 18250 133819 14.665096 311 1198 1227 539.337534 0.053340 0.201710 117198 
895190400 18324 134742 14.706614 312 1189 1226 541.963873 0.053308 0.201710 117954 
895795200 18411 135782 14.750095 314 1177 1230 544.612460 0.053223 0.201649 118798 
896400000 18500 136816 14.790919 314 1179 1235 547.573838 0.052926 0.201560 119652 
897004800 18586 137821 14.830625 315 1180 1240 550.020768 0.053155 0.201288 120454 
897609600 18681 139134 14.895776 317 1184 1233 554.592902 0.053121 0.200763 121639 
898214400 18756 140055 14.934421 317 1190 1235 557.390808 0.053244 0.200405 122429 
898819200 18830 141169 14.994052 319 1178 1238 563.448327 0.053771 0.200172 123551 
899424000 18910 142154 15.034796 320 1167 1244 565.995135 0.053625 0.200010 124351 
900028800 19008 143426 15.091120 320 1170 1242 569.607218 0.053774 0.199434 125407 
900633600 19096 144584 15.142857 321 1177 1233 573.106514 0.053994 0.198831 126393 
901238400 19184 145714 15.191201 321 1177 1236 577.174937 0.054106 0.198564 127370 
901843200 19261 146650 15.227662 322 1174 1241 579.869581 0.054337 0.198462 128201 
902448000 19329 147394 15.251074 323 1176 1239 581.518444 0.054326 0.198204 128792 
903052800 19401 148410 15.299211 325 1173 1236 584.427401 0.054552 0.197671 129663 
903657600 19457 149132 15.329393 325 1168 1237 586.304363 0.054372 0.197658 130242 
904262400 19528 150051 15.367780 326 1171 1234 588.825686 0.054648 0.197205 130996 
904867200 19645 151601 15.434054 329 1176 1226 593.843828 0.055111 0.196731 132336 
905472000 19717 152398 15.458538 330 1173 1232 595.355581 0.055159 0.196819 132951 
906076800 19826 153787 15.513669 333 1172 1230 598.702915 0.055338 0.196086 134023 
906681600 19913 154963 15.564003 335 1167 1233 602.069201 0.055278 0.195462 135017 
907286400 20006 155992 15.594522 337 1161 1242 604.049385 0.055357 0.195684 135832 
907891200 20083 157355 15.670468 337 1151 1242 609.609819 0.055388 0.195358 137050 
908496000 20159 158250 15.700184 339 1146 1238 611.396795 0.055417 0.195181 137774 
909100800 20246 159228 15.729329 339 1155 1236 613.464586 0.055486 0.194763 138529 
909705600 20328 160278 15.769185 343 1161 1235 616.378198 0.055694 0.194375 139399 
910310400 20402 161385 15.820508 345 1148 1237 619.832663 0.055812 0.194098 140319 
910915200 20467 162402 15.869644 345 1147 1238 623.493526 0.055605 0.193710 141136 
911520000 20567 163708 15.919483 346 1155 1238 626.885302 0.056014 0.192970 142172 
912124800 20641 164871 15.975098 347 1153 1231 630.709752 0.056140 0.192711 143192 
912729600 20720 166001 16.023263 348 1150 1235 634.381660 0.056318 0.192606 144164 
913334400 20809 167442 16.093229 349 1147 1237 639.918593 0.056490 0.192189 145421 
913939200 20917 169159 16.174308 350 1153 1229 646.793135 0.056097 0.191537 146998 
914544000 20999 170385 16.227916 351 1154 1223 650.483261 0.056065 0.191079 147993 
915148800 21038 170882 16.245080 352 1156 1225 651.864436 0.055811 0.190922 148394 
915753600 21084 171728 16.289888 353 1155 1219 654.858566 0.055759 0.190639 149114 
916358400 21154 172825 16.339699 353 1155 1218 658.630330 0.055585 0.190374 150033 
916963200 21217 173728 16.376302 353 1152 1219 661.097139 0.055632 0.190311 150798 
917568000 21287 174673 16.411237 354 1148 1220 663.676704 0.055402 0.190212 151587 
918172800 21337 175365 16.437644 354 1144 1217 665.394479 0.055500 0.189771 152176 
918777600 21422 176707 16.497713 356 1140 1210 669.419008 0.055413 0.189648 153341 
919382400 21492 177629 16.529779 357 1146 1206 671.951796 0.055487 0.189438 154092 
919987200 21575 178674 16.563059 358 1143 1208 674.192908 0.055550 0.189144 154970 
920592000 21657 180001 16.622893 360 1141 1202 678.326269 0.055742 0.188459 156101 
921196800 21729 181082 16.667311 361 1136 1207 681.826499 0.055590 0.188285 157001 
921801600 21804 182261 16.718125 362 1139 1204 685.527977 0.055456 0.187732 157947 
922406400 21906 183946 16.794120 367 1139 1201 690.685292 0.055290 0.186801 159340 
923011200 21984 185197 16.848344 367 1142 1200 694.444960 0.055214 0.186553 160445 
923616000 22057 186550 16.915265 367 1144 1193 699.361382 0.055364 0.185895 161628 
924220800 22126 187451 16.943957 367 1142 1198 701.460725 0.055332 0.185769 162353 
924825600 22205 188773 17.002747 367 1134 1207 705.266021 0.055434 0.185410 163421 
925430400 22267 189774 17.045314 370 1130 1211 708.201823 0.055499 0.185178 164279 
926035200 22363 191205 17.100121 374 1137 1209 713.381747 0.054934 0.184964 165531 
926640000 22434 192401 17.152625 374 1130 1206 717.074797 0.055064 0.184675 166510 
927244800 22531 193892 17.211131 376 1130 1201 721.406507 0.055244 0.184440 167764 
927849600 22626 195417 17.273667 377 1119 1204 726.455494 0.055066 0.184183 169028 
928454400 22724 197324 17.367013 379 1114 1205 733.940591 0.055147 0.183494 170705 
929059200 22811 198845 17.434133 379 1100 1219 738.580772 0.055196 0.183342 171982 
929664000 22902 200482 17.507816 382 1095 1215 744.549821 0.055070 0.183052 173422 
930268800 22972 201607 17.552412 384 1099 1207 747.775901 0.055200 0.182730 174356 
930873600 23052 202921 17.605501 384 1096 1207 751.483689 0.055115 0.182131 175443 
931478400 23130 204064 17.644963 384 1109 1206 754.872546 0.054970 0.181706 176431 
932083200 23232 205445 17.686381 385 1104 1201 758.023588 0.055169 0.181360 177578 
932688000 23313 206707 17.733196 386 1098 1203 761.732510 0.054944 0.181108 178613 
933292800 23408 208264 17.794258 387 1096 1206 766.506323 0.054970 0.180788 179954 
933897600 23507 209658 17.837921 387 1095 1213 769.920024 0.054885 0.180491 181102 
934502400 23574 210792 17.883431 390 1089 1217 773.248409 0.054770 0.180373 182004 
935107200 23653 212156 17.939035 391 1087 1220 777.060162 0.054957 0.179834 183125 
935712000 23717 212992 17.961125 394 1090 1216 778.971033 0.054994 0.179524 183840 
936316800 23803 214584 18.029996 394 1087 1210 784.341386 0.054970 0.178957 185131 
936921600 23880 215947 18.086013 395 1074 1214 788.290536 0.055047 0.178837 186270 
937526400 23983 217526 18.140016 395 1077 1211 792.138515 0.055274 0.178482 187621 
938131200 24069 219091 18.205243 396 1069 1212 796.892185 0.055357 0.177933 188950 
938736000 24153 220177 18.231855 399 1067 1220 798.936281 0.055342 0.177628 189802 
939340800 24230 221691 18.298886 401 1062 1211 804.361618 0.055280 0.176992 191090 
939945600 24314 222930 18.337583 402 1069 1205 807.371144 0.055257 0.176675 192089 
940550400 24403 224143 18.370118 403 1071 1206 810.134328 0.055226 0.176456 193039 
941155200 24504 225537 18.408178 405 1074 1199 812.707068 0.055427 0.176202 194180 
941760000 24575 226981 18.472513 407 1068 1204 817.963784 0.055523 0.175998 195464 
942364800 24652 228755 18.558738 407 1061 1199 825.120883 0.055496 0.175403 196959 
942969600 24731 230205 18.616716 408 1043 1214 829.345113 0.055677 0.175427 198197 
943574400 24827 231833 18.675877 408 1041 1214 834.029484 0.055760 0.174755 199541 
944179200 24904 232870 18.701413 409 1041 1219 835.878172 0.055865 0.174710 200389 
944784000 24967 233896 18.736412 410 1044 1215 838.621380 0.055899 0.174433 201261 
945388800 25072 235770 18.807435 411 1042 1214 845.147814 0.055833 0.173842 202934 
945993600 25179 237560 18.869693 413 1041 1216 849.615235 0.055873 0.173601 204413 
946598400 25229 238299 18.890880 415 1037 1216 851.193785 0.055840 0.173497 204995 
947203200 25285 239168 18.917777 416 1033 1219 853.233221 0.055899 0.173350 205707 
947808000 25356 240446 18.965610 419 1031 1214 856.941079 0.055755 0.173146 206785 
948412800 25452 241861 19.005265 420 1024 1213 860.340327 0.056027 0.172976 207993 
949017600 25523 242843 19.029346 420 1027 1214 862.175920 0.056190 0.172818 208754 
949622400 25614 244636 19.101741 422 1018 1216 868.031155 0.056368 0.172437 210283 
950227200 25697 245843 19.133985 423 1024 1227 870.736818 0.056311 0.172043 211242 
950832000 25770 247221 19.186729 424 1020 1225 874.726659 0.056436 0.171845 212376 
951436800 25838 248679 19.249090 426 1023 1219 880.212168 0.056001 0.171342 213650 
952041600 25904 249641 19.274321 428 1029 1212 882.450741 0.055962 0.171122 214447 
952646400 25976 251072 19.331075 428 1020 1219 888.803049 0.056222 0.171011 215852 
953251200 26060 252941 19.412203 430 1015 1219 899.232310 0.054713 0.170614 217647 
953856000 26130 254501 19.479602 430 1013 1219 905.590126 0.054653 0.170234 219027 
954460800 26198 255533 19.507825 432 1010 1220 908.073593 0.054827 0.170023 219913 
955065600 26283 257121 19.565575 433 1004 1216 912.654111 0.054843 0.169653 221241 
955670400 26355 258258 19.598406 433 1006 1215 915.053766 0.054991 0.169251 222173 
956275200 26422 259380 19.633639 434 1004 1217 918.271062 0.055202 0.169021 223144 
956880000 26484 260354 19.661229 436 1005 1218 920.517822 0.055228 0.168896 223929 
957484800 26541 261577 19.711164 438 1003 1221 927.453449 0.054682 0.168705 225160 
958089600 26613 263105 19.772667 441 1001 1216 933.643257 0.054392 0.168327 226473 
958694400 26702 264612 19.819639 444 1007 1208 937.964272 0.054247 0.167733 227721 
959299200 26766 265951 19.872301 444 1000 1204 941.998954 0.054400 0.167427 228887 
959904000 26854 267394 19.914650 447 1003 1202 945.817457 0.054364 0.167180 230078 
960508800 26916 268594 19.957943 449 999 1204 950.134418 0.054404 0.166879 231126 
961113600 27020 270406 20.015248 451 998 1209 955.667876 0.054367 0.166558 232631 
961718400 27105 271695 20.047593 451 991 1216 958.452610 0.054367 0.166562 233692 
962323200 27185 272918 20.078573 451 992 1214 960.950303 0.054508 0.166236 234659 
962928000 27257 274209 20.120263 454 985 1211 964.193345 0.054496 0.166075 235724 
963532800 27340 275600 20.160936 455 978 1213 967.202487 0.054508 0.165853 236843 
964137600 27434 277513 20.231319 457 983 1207 973.740031 0.054558 0.165331 238467 
964742400 27529 279298 20.291184 461 976 1205 978.746631 0.054618 0.165152 239962 
965347200 27609 280753 20.337788 461 972 1204 982.376906 0.054675 0.164776 241171 
965952000 27675 281970 20.377236 462 966 1198 985.637724 0.054566 0.164495 242193 
966556800 27762 283455 20.420359 462 963 1199 989.257330 0.054635 0.164232 243405 
967161600 27843 284696 20.450095 462 966 1202 991.783429 0.054662 0.164060 244374 
967766400 27908 285940 20.491615 462 963 1205 995.156658 0.054684 0.164000 245413 
968371200 27997 287215 20.517555 466 963 1201 997.553738 0.054640 0.163829 246418 
968976000 28081 288503 20.547915 466 962 1204 1000.036608 0.054653 0.163762 247447 
969580800 28165 289762 20.576034 467 961 1198 1002.834440 0.054600 0.163755 248470 
970185600 28239 290873 20.600800 467 952 1207 1004.954637 0.054670 0.163777 249387 
970790400 28309 292184 20.642481 468 951 1206 1008.673213 0.054674 0.163391 250495 
971395200 28390 293407 20.669743 469 952 1208 1011.201550 0.054788 0.163302 251523 
972000000 28493 295085 20.712807 471 953 1206 1015.310357 0.054733 0.163047 252937 
972604800 28571 296212 20.735151 474 952 1206 1017.423121 0.054691 0.162961 253803 
973209600 28657 297809 20.784381 475 949 1209 1022.946435 0.054735 0.162625 255233 
973814400 28751 299346 20.823345 476 947 1204 1026.860492 0.054725 0.162453 256518 
974419200 28823 300430 20.846546 476 943 1208 1028.331402 0.054959 0.162233 257335 
975024000 28907 302044 20.897637 478 939 1215 1033.109420 0.054868 0.161931 258690 
975628800 29017 304279 20.972464 482 944 1214 1040.092015 0.054750 0.161450 260521 
976233600 29110 305844 21.012985 483 941 1220 1043.834421 0.054651 0.161236 261821 
976838400 29201 307364 21.051608 484 937 1224 1047.160508 0.054692 0.161031 263043 
977443200 29322 309296 21.096515 487 937 1219 1050.908260 0.054763 0.160747 264620 
978048000 29386 310308 21.119445 488 939 1214 1053.286939 0.054792 0.160384 265474 
978652800 29444 311274 21.143459 490 940 1215 1055.481932 0.054776 0.160098 266250 
979257600 29518 312880 21.199268 491 938 1212 1060.462497 0.054720 0.159693 267631 
979862400 29603 314228 21.229470 493 939 1210 1062.887478 0.054746 0.159480 268701 
980467200 29685 315784 21.275661 495 933 1218 1067.920431 0.054830 0.159245 270106 
981072000 29759 317616 21.345879 498 924 1221 1078.249941 0.053613 0.158963 271932 
981676800 29865 319606 21.403382 502 925 1219 1083.574552 0.053525 0.158381 273577 
982281600 29961 321476 21.459631 504 922 1225 1088.467207 0.053545 0.158097 275131 
982886400 30045 323038 21.503611 507 921 1228 1092.461308 0.053411 0.157874 276429 
983491200 30135 324667 21.547503 508 928 1220 1096.128488 0.053403 0.157475 277763 
984096000 30203 326274 21.605403 509 930 1212 1100.732576 0.053448 0.156927 279070 
984700800 30290 328086 21.662991 512 925 1206 1105.688940 0.053402 0.156596 280549 
985305600 30351 329409 21.706632 513 923 1202 1109.496425 0.053402 0.156352 281702 
985910400 30436 330974 21.748850 516 924 1209 1113.769812 0.053404 0.156006 282944 
986515200 30523 332603 21.793598 517 927 1196 1117.969335 0.053559 0.155556 284319 
987120000 30592 333979 21.834401 518 921 1199 1121.678151 0.053585 0.155393 285470 
987724800 30664 335291 21.868706 519 915 1201 1124.773089 0.053470 0.155170 286529 
988329600 30749 337233 21.934567 521 913 1201 1131.248366 0.053446 0.154821 288206 
988934400 30816 338652 21.978972 522 916 1203 1135.096443 0.053551 0.154353 289384 
989539200 30877 339794 22.009522 523 912 1209 1137.878486 0.053551 0.154036 290330 
990144000 30964 341551 22.061168 525 909 1208 1142.773931 0.053488 0.153798 291811 
990748800 31050 343073 22.098100 526 916 1214 1146.426924 0.053392 0.153571 293082 
991353600 31145 344920 22.149302 526 918 1215 1151.103741 0.053506 0.153187 294596 
991958400 31227 346601 22.198802 527 914 1224 1156.228840 0.053518 0.153203 296060 
992563200 31305 348127 22.240984 529 911 1227 1160.319438 0.053364 0.153088 297357 
993168000 31399 349968 22.291665 530 914 1224 1165.175197 0.053399 0.152728 298872 
993772800 31494 352015 22.354417 532 912 1221 1171.631676 0.053438 0.152382 300608 
994377600 31566 353528 22.399290 532 910 1218 1175.709751 0.053444 0.152070 301849 
994982400 31652 355352 22.453684 534 907 1217 1180.356249 0.053417 0.151750 303340 
995587200 31729 356847 22.493429 536 909 1213 1183.653566 0.053466 0.151538 304532 
996192000 31795 358125 22.527127 536 913 1214 1187.086838 0.053448 0.151392 305619 
996796800 31873 359600 22.564553 536 916 1204 1190.941675 0.053439 0.151010 306865 
997401600 31937 360941 22.603313 537 913 1204 1194.349814 0.053457 0.150654 307916 
998006400 31982 362120 22.645238 537 912 1198 1197.995935 0.053444 0.150217 308867 
998611200 32045 363621 22.694399 538 911 1197 1202.229677 0.053438 0.149913 310106 
999216000 32108 365258 22.751838 539 912 1186 1207.734459 0.053243 0.149656 311566 
999820800 32177 366512 22.780993 541 917 1182 1210.684775 0.053259 0.149433 312578 
1000425600 32242 368116 22.834564 543 912 1179 1215.425036 0.053261 0.149117 313923 
1001030400 32313 369566 22.874137 547 909 1180 1218.999350 0.053259 0.148831 315100 
1001635200 32395 371166 22.915018 551 904 1182 1223.054607 0.053178 0.148548 316401 
1002240000 32489 372844 22.952015 551 901 1184 1226.452584 0.053203 0.148325 317731 
1002844800 32572 374630 23.003193 552 893 1192 1231.210426 0.053028 0.148255 319273 
1003449600 32675 376831 23.065402 553 891 1188 1237.223994 0.052977 0.147843 321050 
1004054400 32756 378579 23.115093 554 886 1184 1241.528086 0.052975 0.147558 322480 
1004659200 32852 380180 23.145014 554 887 1193 1244.526422 0.052996 0.147430 323781 
1005264000 32934 382019 23.199065 558 888 1180 1249.769235 0.052935 0.147060 325296 
1005868800 33028 383985 23.252089 561 884 1172 1255.161378 0.052753 0.146673 326958 
1006473600 33124 385720 23.289458 563 884 1167 1258.693878 0.052825 0.146290 328338 
1007078400 33256 387916 23.329083 567 884 1171 1263.089848 0.052811 0.146252 330169 
1007683200 33382 390092 23.371398 568 885 1177 1267.263375 0.052852 0.146209 331929 
1008288000 33467 392162 23.435743 570 881 1173 1272.861207 0.052857 0.145801 333603 
1008892800 33564 394096 23.483256 571 882 1169 1276.927422 0.052951 0.145588 335149 
1009497600 33619 395338 23.518725 571 881 1170 1280.657009 0.052940 0.145410 336177 
1010102400 33651 396067 23.539687 572 883 1170 1282.946302 0.052866 0.145304 336786 
1010707200 33723 397820 23.593393 574 882 1169 1293.645109 0.051655 0.145103 338733 
1011312000 33805 399784 23.652359 575 878 1161 1299.865168 0.051571 0.144784 340430 
1011916800 33877 401417 23.698498 577 880 1157 1304.425067 0.051552 0.144507 341803 
1012521600 33956 403294 23.753917 579 877 1155 1310.187890 0.051497 0.144132 343436 
1013126400 34030 405231 23.816103 579 874 1151 1317.672172 0.051414 0.144022 345216 
1013731200 34095 406907 23.869013 581 868 1155 1324.377357 0.051275 0.143785 346786 
1014336000 34161 408257 23.901935 581 865 1153 1327.034513 0.051321 0.143677 347905 
1014940800 34235 410058 23.955484 582 862 1151 1332.226727 0.051325 0.143392 349421 
1015545600 34315 411851 24.004138 583 865 1150 1338.420050 0.051404 0.143023 350997 
1016150400 34343 412365 24.014501 583 867 1148 1339.362374 0.051415 0.142918 351383 
