820800000 0 0 0.000000 0 0 0 0.000000 0.000000 0.000000 0 
821404800 9580 40320 8.417537 180 1625 1202 198.189353 0.011995 0.193873 36195 
822009600 9629 40671 8.447606 183 1625 1204 199.506283 0.012887 0.193981 36465 
822614400 9671 41092 8.497984 185 1611 1204 201.527453 0.013370 0.194568 36820 
823219200 9742 41801 8.581605 185 1591 1208 204.762882 0.013909 0.195740 37379 
823824000 9805 42469 8.662723 187 1571 1221 208.717797 0.015524 0.197368 37973 
824428800 9876 43011 8.710207 188 1572 1218 210.470433 0.016636 0.196587 38381 
825033600 9933 43619 8.782644 188 1566 1221 213.792610 0.017408 0.196261 38875 
825638400 10013 44200 8.828523 189 1565 1228 215.461700 0.017840 0.196533 39295 
826243200 10095 44809 8.877464 189 1588 1229 219.567707 0.017143 0.196014 39869 
826848000 10167 45382 8.927314 191 1578 1243 221.756270 0.018342 0.195959 40285 
827452800 10235 46020 8.992672 192 1560 1246 224.767367 0.019692 0.197791 40993 
828057600 10296 46662 9.064103 193 1549 1246 228.953380 0.019397 0.198507 41585 
828662400 10362 47248 9.119475 193 1539 1240 230.835360 0.019911 0.198363 41984 
829267200 10415 47644 9.149112 194 1540 1245 232.304369 0.021183 0.198739 42294 
829872000 10482 48220 9.200534 194 1533 1255 234.395344 0.021343 0.199258 42711 
830476800 10544 48765 9.249810 195 1540 1247 237.470220 0.020234 0.198781 43120 
831081600 10620 49380 9.299435 195 1532 1257 240.335593 0.020812 0.200268 43591 
831686400 10679 49860 9.337953 195 1527 1256 241.915910 0.021485 0.200839 43968 
832291200 10765 50465 9.375755 196 1533 1257 243.841152 0.022448 0.200737 44457 
832896000 10822 51056 9.435594 196 1525 1266 247.340233 0.022663 0.200580 44949 
833500800 10882 51476 9.460761 197 1521 1281 248.661092 0.022840 0.200897 45263 
834105600 10967 52298 9.537339 199 1515 1274 252.134950 0.023927 0.200681 45830 
834710400 11040 52978 9.597464 200 1501 1275 255.570833 0.024530 0.201694 46408 
835315200 11125 53720 9.657528 200 1499 1288 258.765124 0.024698 0.201578 46952 
835920000 11190 54354 9.714745 201 1481 1298 261.272386 0.024950 0.202463 47469 
836524800 11268 54945 9.752396 202 1489 1296 262.935747 0.025459 0.202285 47912 
837129600 11326 55396 9.782094 202 1476 1306 264.164930 0.026318 0.202714 48228 
837734400 11398 55948 9.817161 204 1470 1304 265.386208 0.026893 0.203508 48652 
838339200 11472 56637 9.873954 204 1467 1310 267.972978 0.027524 0.203289 49167 
838944000 11534 57255 9.928039 204 1462 1309 270.187099 0.028297 0.203260 49663 
839548800 11608 57966 9.987250 204 1453 1316 272.819952 0.029129 0.203855 50224 
840153600 11680 58498 10.016781 205 1449 1324 273.878938 0.029825 0.203519 50574 
840758400 11770 59231 10.064741 205 1446 1314 275.716228 0.030382 0.204480 51121 
841363200 11849 59742 10.083889 206 1444 1326 276.637860 0.030919 0.204899 51438 
841968000 11914 60337 10.128756 208 1442 1325 278.483968 0.031087 0.204954 51891 
842572800 11988 61141 10.200367 209 1433 1334 281.682015 0.031329 0.204660 52582 
843177600 12069 61834 10.246748 210 1426 1330 283.718121 0.031586 0.205385 53094 
843782400 12163 62792 10.325084 212 1427 1320 287.264491 0.032058 0.205604 53891 
844387200 12248 63697 10.401208 214 1411 1324 290.751470 0.032463 0.206599 54611 
844992000 12333 64524 10.463634 217 1410 1323 293.670964 0.033451 0.206967 55310 
845596800 12416 65422 10.538338 220 1401 1308 296.867751 0.034663 0.207145 56052 
846201600 12503 66489 10.635687 224 1396 1304 303.427497 0.034962 0.206955 57045 
846806400 12580 67176 10.679809 225 1392 1307 305.288553 0.035799 0.207299 57585 
847411200 12658 68026 10.748301 229 1377 1316 308.667246 0.036393 0.208381 58320 
848016000 12718 68648 10.795408 232 1366 1314 311.103790 0.036333 0.208664 58798 
848620800 12777 69135 10.821789 233 1366 1321 312.341708 0.036402 0.208195 59160 
849225600 12855 69961 10.884636 234 1364 1307 315.319020 0.036764 0.208131 59838 
849830400 12925 70833 10.960619 234 1354 1307 319.146770 0.036004 0.208262 60588 
850435200 13007 71783 11.037595 235 1351 1307 322.897055 0.036489 0.208474 61404 
851040000 13082 72633 11.104265 236 1334 1308 325.881517 0.037210 0.209080 62136 
851644800 13129 73211 11.152563 238 1326 1307 328.227740 0.037375 0.209049 62616 
852249600 13159 73490 11.169542 238 1322 1302 328.910708 0.037546 0.209166 62821 
852854400 13212 74163 11.226612 239 1308 1305 331.877687 0.038157 0.209431 63444 
853459200 13266 74877 11.288557 239 1295 1312 335.037690 0.038359 0.209507 64051 
854064000 13312 75369 11.323468 240 1288 1318 336.589393 0.038448 0.209630 64437 
854668800 13383 76087 11.370694 240 1288 1314 338.519017 0.038827 0.209179 64977 
855273600 13472 76948 11.423397 241 1293 1321 341.500445 0.038968 0.209202 65712 
855878400 13529 77725 11.490132 242 1282 1324 345.274891 0.039149 0.209012 66366 
856483200 13584 78376 11.539458 243 1279 1325 348.139134 0.039171 0.208745 66864 
857088000 13649 79102 11.590886 244 1274 1323 350.813833 0.040021 0.208712 67432 
857692800 13708 79835 11.647943 246 1267 1324 353.555442 0.040217 0.208616 67994 
858297600 13774 80625 11.706839 246 1263 1324 356.664585 0.040422 0.208255 68634 
858902400 13837 81347 11.757895 247 1261 1322 359.355496 0.041053 0.208222 69216 
859507200 13907 82186 11.819372 250 1255 1327 362.557417 0.041177 0.207948 69894 
860112000 13957 82757 11.858852 252 1258 1328 364.912374 0.041158 0.207904 70371 
860716800 14027 83582 11.917302 252 1244 1335 367.546446 0.041831 0.207654 71045 
861321600 14085 84261 11.964643 253 1239 1327 369.993042 0.042425 0.207490 71646 
861926400 14144 85089 12.031816 253 1232 1333 375.876838 0.043429 0.207586 72543 
862531200 14219 85827 12.072157 255 1239 1331 378.349673 0.043531 0.207832 73152 
863136000 14285 86606 12.125446 255 1243 1323 381.095695 0.044083 0.207326 73826 
863740800 14350 87315 12.169338 257 1241 1326 383.370871 0.044484 0.207424 74410 
864345600 14417 88127 12.225428 258 1233 1319 386.465978 0.045353 0.207769 75185 
864950400 14491 88944 12.275757 258 1238 1319 389.454972 0.045860 0.207172 75859 
865555200 14573 89855 12.331709 259 1232 1315 392.015645 0.046317 0.207150 76582 
866160000 14660 90844 12.393452 261 1235 1303 395.879809 0.045927 0.206547 77425 
866764800 14736 91689 12.444218 261 1232 1307 398.609663 0.046374 0.206422 78138 
867369600 14838 92805 12.509098 261 1227 1317 401.901065 0.046542 0.206172 79007 
867974400 14915 93825 12.581294 265 1223 1301 405.600670 0.046780 0.205256 79898 
868579200 14985 94765 12.647981 269 1221 1287 409.199733 0.046637 0.204772 80713 
869184000 15069 95556 12.682461 271 1225 1286 411.021567 0.046579 0.204518 81348 
869788800 15144 96611 12.758980 272 1217 1283 415.417195 0.046619 0.204161 82291 
870393600 15234 97883 12.850597 274 1215 1270 420.612840 0.046872 0.203366 83357 
870998400 15316 98888 12.913032 274 1215 1271 424.347349 0.046708 0.202795 84200 
871603200 15387 99753 12.965880 275 1207 1270 427.208683 0.046911 0.202498 84917 
872208000 15471 100698 13.017646 275 1203 1268 429.828453 0.047165 0.202425 85675 
872812800 15527 101196 13.034843 277 1204 1276 430.888517 0.047453 0.202510 86082 
873417600 15591 101827 13.062280 280 1208 1272 432.486819 0.047649 0.202124 86586 
874022400 15668 102783 13.120117 283 1210 1265 437.399540 0.047057 0.201897 87516 
874627200 15755 103853 13.183497 284 1207 1272 442.487718 0.046399 0.201350 88467 
875232000 15826 104597 13.218375 287 1213 1274 444.557058 0.046612 0.200914 89082 
875836800 15908 105439 13.256098 287 1214 1263 446.367740 0.047300 0.200538 89704 
876441600 15984 106224 13.291291 287 1210 1264 448.450200 0.047349 0.200718 90324 
877046400 16064 107096 13.333665 287 1219 1261 450.988172 0.047609 0.200079 91029 
877651200 16147 107991 13.375983 287 1225 1261 453.665696 0.047929 0.199862 91755 
878256000 16254 109069 13.420573 289 1226 1273 456.281408 0.048428 0.199411 92616 
878860800 16331 110094 13.482824 291 1225 1268 459.960198 0.048357 0.199172 93495 
879465600 16401 110967 13.531736 292 1222 1274 462.539845 0.048758 0.198851 94215 
880070400 16510 112149 13.585584 294 1246 1255 466.069049 0.048642 0.198176 95154 
880675200 16594 113049 13.625286 294 1231 1263 468.173798 0.049199 0.198758 95858 
881280000 16690 114339 13.701498 294 1233 1258 472.796285 0.049475 0.198210 96943 
881884800 16799 115640 13.767486 295 1246 1248 480.493720 0.048968 0.197642 98214 
882489600 16894 116670 13.812004 296 1238 1257 483.468214 0.048966 0.197820 99070 
883094400 16971 117760 13.877792 297 1227 1252 487.374344 0.049496 0.197655 100030 
883699200 17009 118290 13.909107 297 1224 1247 489.171968 0.049762 0.197601 100470 
884304000 17046 118906 13.951191 298 1222 1242 491.729321 0.049877 0.197581 101056 
884908800 17116 119900 14.010283 298 1211 1246 496.236036 0.049644 0.197581 101935 
885513600 17193 120802 14.052463 298 1209 1245 498.561624 0.049896 0.197450 102671 
886118400 17246 121504 14.090688 298 1205 1247 500.936913 0.050124 0.197422 103268 
886723200 17312 122388 14.139094 299 1200 1244 503.643138 0.050343 0.196882 104046 
887328000 17376 123364 14.199355 300 1198 1245 508.513697 0.051037 0.196483 105006 
887932800 17434 124070 14.233108 301 1201 1246 510.759665 0.051189 0.196348 105625 
888537600 17514 125133 14.289483 302 1201 1242 514.000685 0.051191 0.196099 106493 
889142400 17585 126095 14.341200 304 1193 1250 517.041456 0.051506 0.196186 107309 
889747200 17730 127201 14.348675 305 1254 1245 519.906035 0.049386 0.195104 108208 
890352000 17793 128146 14.404091 305 1254 1241 522.985781 0.049484 0.194590 108967 
890956800 17875 129156 14.451021 306 1256 1241 525.956476 0.049481 0.194385 109837 
891561600 17935 129943 14.490438 307 1256 1240 528.673320 0.049228 0.194099 110473 
892166400 17983 130548 14.519046 308 1258 1235 530.272924 0.049390 0.194103 110976 
892771200 18027 131277 14.564487 308 1255 1235 533.281855 0.049400 0.193881 111660 
893376000 18106 132198 14.602673 308 1248 1241 535.758975 0.049507 0.194013 112424 
893980800 18194 133192 14.641310 309 1248 1245 538.949104 0.049587 0.193830 113294 
894585600 18250 133819 14.665096 309 1244 1248 540.100822 0.049846 0.193683 113779 
895190400 18324 134742 14.706614 309 1233 1250 542.439751 0.050014 0.193274 114510 
895795200 18411 135782 14.750095 309 1217 1271 544.716202 0.050261 0.193233 115346 
896400000 18500 136816 14.790919 309 1222 1271 547.885514 0.050590 0.192918 116236 
897004800 18586 137821 14.830625 309 1223 1266 550.417411 0.050720 0.192704 117077 
897609600 18681 139134 14.895776 310 1220 1269 554.537980 0.050669 0.192310 118172 
898214400 18756 140055 14.934421 310 1218 1272 557.066859 0.050967 0.192054 118954 
898819200 18830 141169 14.994052 311 1202 1281 563.024323 0.049674 0.192007 119919 
899424000 18910 142154 15.034796 312 1197 1276 565.205077 0.049822 0.191659 120712 
900028800 19008 143426 15.091120 313 1192 1279 568.509049 0.049968 0.191887 121815 
900633600 19096 144584 15.142857 314 1192 1283 572.351801 0.050269 0.191808 122891 
901238400 19184 145714 15.191201 317 1191 1293 576.861134 0.050997 0.191617 123965 
901843200 19261 146650 15.227662 319 1189 1295 579.374799 0.051068 0.191882 124752 
902448000 19329 147394 15.251074 321 1187 1298 581.158467 0.051032 0.191954 125357 
903052800 19401 148410 15.299211 323 1185 1291 584.239885 0.051025 0.191554 126186 
903657600 19457 149132 15.329393 324 1184 1290 585.958061 0.051110 0.191061 126748 
904262400 19528 150051 15.367780 327 1188 1281 588.689267 0.051148 0.190673 127525 
904867200 19645 151601 15.434054 327 1185 1288 593.589717 0.050790 0.190575 128851 
905472000 19717 152398 15.458538 327 1179 1296 595.128874 0.050932 0.190863 129486 
906076800 19826 153787 15.513669 330 1176 1295 598.960557 0.051075 0.190573 130646 
906681600 19913 154963 15.564003 332 1164 1300 602.337368 0.050701 0.190631 131612 
907286400 20006 155992 15.594522 333 1165 1302 604.329601 0.050903 0.190343 132442 
907891200 20083 157355 15.670468 334 1153 1301 609.760992 0.050430 0.190299 133664 
908496000 20159 158250 15.700184 336 1145 1303 611.481026 0.050621 0.189988 134359 
909100800 20246 159228 15.729329 337 1156 1300 613.644572 0.050652 0.189814 135214 
909705600 20328 160278 15.769185 339 1158 1301 616.242129 0.050861 0.189618 136092 
910310400 20402 161385 15.820508 342 1154 1295 619.676404 0.050843 0.189196 137042 
910915200 20467 162402 15.869644 343 1145 1300 623.346656 0.050961 0.189292 137953 
911520000 20567 163708 15.919483 344 1150 1292 626.716974 0.051041 0.188947 139088 
912124800 20641 164871 15.975098 344 1147 1291 630.747444 0.050948 0.188873 140116 
912729600 20720 166001 16.023263 347 1148 1296 634.591506 0.050964 0.188543 141113 
913334400 20809 167442 16.093229 350 1149 1303 640.195204 0.051201 0.188459 142511 
913939200 20917 169159 16.174308 354 1147 1300 647.657312 0.050921 0.187881 144081 
914544000 20999 170385 16.227916 355 1150 1299 651.572361 0.050849 0.187711 145120 
915148800 21038 170882 16.245080 356 1149 1302 652.902652 0.050914 0.187700 145546 
915753600 21084 171728 16.289888 357 1147 1299 655.682603 0.051199 0.187288 146254 
916358400 21154 172825 16.339699 357 1141 1297 659.138130 0.051468 0.187291 147201 
916963200 21217 173728 16.376302 358 1144 1294 661.708064 0.051787 0.187157 147988 
917568000 21287 174673 16.411237 360 1132 1304 664.365857 0.051854 0.187257 148819 
918172800 21337 175365 16.437644 361 1128 1305 666.037587 0.051747 0.187213 149414 
918777600 21422 176707 16.497713 364 1120 1300 670.313416 0.051991 0.186772 150604 
919382400 21492 177629 16.529779 366 1121 1303 672.839103 0.052118 0.186662 151432 
919987200 21575 178674 16.563059 367 1127 1295 675.085794 0.052148 0.186553 152300 
920592000 21657 180001 16.622893 367 1128 1293 679.235536 0.052132 0.186228 153511 
921196800 21729 181082 16.667311 369 1127 1296 683.060978 0.052273 0.186160 154527 
921801600 21804 182261 16.718125 370 1129 1291 686.599156 0.052430 0.185712 155612 
922406400 21906 183946 16.794120 372 1130 1284 691.701543 0.052471 0.185174 157092 
923011200 21984 185197 16.848344 373 1137 1277 695.800491 0.052607 0.184738 158186 
923616000 22057 186550 16.915265 374 1136 1278 700.963504 0.052392 0.184529 159451 
924220800 22126 187451 16.943957 374 1131 1287 703.104854 0.052433 0.184767 160203 
924825600 22205 188773 17.002747 374 1130 1286 707.230714 0.052565 0.184338 161389 
925430400 22267 189774 17.045314 377 1128 1284 710.212512 0.052606 0.184057 162278 
926035200 22363 191205 17.100121 378 1135 1280 715.290077 0.052277 0.183972 163581 
926640000 22434 192401 17.152625 378 1131 1284 719.104663 0.052303 0.183847 164625 
927244800 22531 193892 17.211131 380 1131 1287 723.426213 0.052346 0.183478 165973 
927849600 22626 195417 17.273667 383 1119 1297 728.881464 0.052394 0.183339 167410 
928454400 22724 197324 17.367013 385 1115 1287 736.447456 0.052620 0.183226 169231 
929059200 22811 198845 17.434133 387 1112 1282 741.059927 0.052727 0.182623 170610 
929664000 22902 200482 17.507816 387 1108 1288 746.964021 0.052716 0.182348 172132 
930268800 22972 201607 17.552412 392 1106 1291 750.491207 0.052666 0.182127 173156 
930873600 23052 202921 17.605501 393 1105 1282 754.467291 0.052345 0.181876 174390 
931478400 23130 204064 17.644963 394 1118 1279 758.024384 0.052284 0.181448 175429 
932083200 23232 205445 17.686381 397 1117 1272 760.986656 0.052388 0.181077 176613 
932688000 23313 206707 17.733196 397 1116 1269 764.363317 0.052485 0.180920 177788 
933292800 23408 208264 17.794258 401 1110 1276 768.874146 0.052593 0.180600 179185 
933897600 23507 209658 17.837921 401 1107 1283 771.945293 0.052684 0.180652 180384 
934502400 23574 210792 17.883431 403 1106 1274 775.497667 0.052643 0.180458 181407 
935107200 23653 212156 17.939035 404 1104 1266 779.641737 0.052613 0.179955 182590 
935712000 23717 212992 17.961125 406 1109 1259 781.306742 0.052740 0.179768 183320 
936316800 23803 214584 18.029996 406 1106 1256 786.898710 0.052859 0.179441 184787 
936921600 23880 215947 18.086013 406 1105 1242 791.059380 0.052863 0.179278 186013 
937526400 23983 217526 18.140016 407 1109 1233 795.462619 0.052999 0.178972 187420 
938131200 24069 219091 18.205243 410 1101 1239 800.585733 0.053056 0.178612 188856 
938736000 24153 220177 18.231855 410 1102 1243 802.501967 0.053100 0.178538 189767 
939340800 24230 221691 18.298886 411 1102 1247 808.144944 0.053163 0.178386 191226 
939945600 24314 222930 18.337583 412 1109 1246 810.898659 0.053248 0.178140 192318 
940550400 24403 224143 18.370118 413 1106 1248 813.368766 0.053341 0.178294 193374 
941155200 24504 225537 18.408178 414 1113 1249 816.115246 0.053397 0.178293 194627 
941760000 24575 226981 18.472513 418 1110 1243 821.349583 0.053601 0.178106 196005 
942364800 24652 228755 18.558738 419 1108 1239 828.652604 0.053722 0.177802 197704 
942969600 24731 230205 18.616716 420 1103 1245 833.317213 0.053782 0.177623 199059 
943574400 24827 231833 18.675877 422 1104 1244 838.112539 0.053977 0.177348 200580 
944179200 24904 232870 18.701413 423 1103 1244 839.921699 0.054019 0.177234 201422 
944784000 24967 233896 18.736412 425 1107 1239 842.562182 0.054086 0.176892 202297 
945388800 25072 235770 18.807435 427 1105 1241 848.823628 0.054015 0.176781 204039 
945993600 25179 237560 18.869693 427 1104 1239 853.391080 0.054064 0.176516 205641 
946598400 25229 238299 18.890880 427 1099 1245 855.170637 0.054085 0.176622 206278 
947203200 25285 239168 18.917777 427 1098 1243 857.202294 0.054089 0.176506 207034 
947808000 25356 240446 18.965610 428 1093 1242 860.888547 0.054028 0.176413 208200 
948412800 25452 241861 19.005265 428 1091 1238 864.159202 0.054075 0.176304 209454 
949017600 25523 242843 19.029346 428 1087 1245 866.115974 0.054084 0.176294 210326 
949622400 25614 244636 19.101741 430 1087 1247 871.951120 0.054047 0.176064 212016 
950227200 25697 245843 19.133985 430 1096 1249 874.592054 0.054019 0.175795 213061 
950832000 25770 247221 19.186729 431 1097 1244 878.795188 0.054143 0.175455 214342 
951436800 25838 248679 19.249090 433 1092 1244 884.411255 0.054392 0.175112 215727 
952041600 25904 249641 19.274321 433 1094 1244 886.328135 0.054336 0.174890 216527 
952646400 25976 251072 19.331075 434 1095 1241 892.807592 0.054243 0.174563 217990 
953251200 26060 252941 19.412203 436 1095 1243 903.115503 0.052895 0.174188 219989 
953856000 26130 254501 19.479602 436 1096 1238 909.421967 0.052606 0.173770 221481 
954460800 26198 255533 19.507825 437 1091 1240 912.086342 0.052514 0.173812 222398 
955065600 26283 257121 19.565575 438 1088 1230 916.430849 0.052516 0.173362 223819 
955670400 26355 258258 19.598406 438 1093 1225 919.170404 0.052503 0.173134 224823 
956275200 26422 259380 19.633639 439 1089 1225 922.142306 0.052574 0.173195 225803 
956880000 26484 260354 19.661229 440 1088 1231 924.535191 0.052461 0.173059 226660 
957484800 26541 261577 19.711164 440 1087 1233 931.339814 0.051124 0.173012 227920 
958089600 26613 263105 19.772667 441 1087 1227 937.412017 0.051165 0.172618 229402 
958694400 26702 264612 19.819639 441 1092 1224 941.627219 0.051195 0.172166 230755 
959299200 26766 265951 19.872301 442 1087 1227 945.650602 0.051257 0.171868 231971 
959904000 26854 267394 19.914650 444 1094 1227 949.666716 0.051406 0.171694 233327 
960508800 26916 268594 19.957943 448 1092 1228 953.892257 0.051307 0.171687 234449 
961113600 27020 270406 20.015248 452 1093 1222 959.758179 0.051204 0.171314 236148 
961718400 27105 271695 20.047593 454 1091 1223 962.561372 0.051223 0.171249 237274 
962323200 27185 272918 20.078573 454 1088 1224 965.231341 0.051320 0.171173 238358 
962928000 27257 274209 20.120263 455 1083 1225 968.671314 0.051391 0.170886 239567 
963532800 27340 275600 20.160936 456 1078 1233 972.199707 0.051210 0.170807 240804 
964137600 27434 277513 20.231319 457 1088 1222 979.218780 0.051388 0.170400 242648 
964742400 27529 279298 20.291184 457 1087 1214 984.137310 0.051666 0.169985 244258 
965347200 27609 280753 20.337788 457 1086 1216 987.895034 0.051738 0.169813 245525 
965952000 27675 281970 20.377236 459 1086 1212 991.201807 0.051718 0.169543 246615 
966556800 27762 283455 20.420359 460 1079 1220 995.183200 0.051773 0.169494 247932 
967161600 27843 284696 20.450095 461 1085 1213 997.721079 0.051885 0.169179 249002 
967766400 27908 285940 20.491615 461 1085 1207 1001.151139 0.051815 0.168913 250089 
968371200 27997 287215 20.517555 461 1083 1213 1003.373076 0.051874 0.168906 251195 
968976000 28081 288503 20.547915 462 1085 1212 1006.163100 0.051897 0.168716 252322 
969580800 28165 289762 20.576034 462 1082 1217 1008.632274 0.052041 0.168629 253409 
970185600 28239 290873 20.600800 463 1078 1219 1010.920854 0.052083 0.168589 254376 
970790400 28309 292184 20.642481 463 1080 1213 1014.295454 0.052120 0.168291 255555 
971395200 28390 293407 20.669743 464 1079 1215 1016.903910 0.052060 0.168219 256640 
972000000 28493 295085 20.712807 464 1076 1205 1021.157267 0.051805 0.168079 258116 
972604800 28571 296212 20.735151 467 1074 1205 1023.276259 0.051669 0.168007 259054 
973209600 28657 297809 20.784381 469 1077 1193 1028.553512 0.051571 0.167660 260565 
973814400 28751 299346 20.823345 472 1071 1197 1032.086327 0.051745 0.167662 261931 
974419200 28823 300430 20.846546 473 1070 1201 1034.174166 0.051852 0.167447 262910 
975024000 28907 302044 20.897637 474 1069 1209 1038.653337 0.051908 0.167283 264389 
975628800 29017 304279 20.972464 476 1076 1207 1045.816315 0.051854 0.166752 266466 
976233600 29110 305844 21.012985 477 1074 1208 1049.178564 0.051861 0.166607 267855 
976838400 29201 307364 21.051608 477 1074 1207 1052.701551 0.051812 0.166530 269233 
977443200 29322 309296 21.096515 481 1075 1203 1057.087784 0.051605 0.166457 270942 
978048000 29386 310308 21.119445 481 1073 1206 1059.201933 0.051691 0.166452 271850 
978652800 29444 311274 21.143459 482 1077 1210 1061.378277 0.051689 0.166351 272728 
979257600 29518 312880 21.199268 482 1080 1197 1066.353208 0.051706 0.165962 274264 
979862400 29603 314228 21.229470 482 1078 1195 1068.919839 0.051688 0.165943 275420 
980467200 29685 315784 21.275661 483 1073 1203 1073.842412 0.051389 0.165890 276884 
981072000 29759 317616 21.345879 483 1072 1201 1084.538526 0.050594 0.165735 278956 
981676800 29865 319606 21.403382 486 1079 1198 1089.808338 0.050670 0.165417 280791 
982281600 29961 321476 21.459631 489 1078 1201 1095.045759 0.050661 0.165297 282506 
982886400 30045 323038 21.503611 490 1077 1199 1098.633982 0.050704 0.165093 283929 
983491200 30135 324667 21.547503 491 1083 1199 1102.495437 0.050766 0.164806 285381 
984096000 30203 326274 21.605403 491 1085 1190 1107.367281 0.050681 0.164442 286832 
984700800 30290 328086 21.662991 493 1083 1184 1112.357874 0.050842 0.164076 288480 
985305600 30351 329409 21.706632 493 1081 1179 1115.908669 0.050935 0.163802 289698 
985910400 30436 330974 21.748850 495 1084 1180 1119.983244 0.051011 0.163690 291119 
986515200 30523 332603 21.793598 495 1085 1181 1124.021885 0.051024 0.163594 292629 
987120000 30592 333979 21.834401 496 1085 1182 1128.360879 0.050999 0.163424 293942 
987724800 30664 335291 21.868706 496 1084 1187 1131.428907 0.051048 0.163224 295149 
988329600 30749 337233 21.934567 497 1081 1190 1137.784188 0.050970 0.163051 296972 
988934400 30816 338652 21.978972 497 1081 1194 1141.737993 0.050908 0.162862 298243 
989539200 30877 339794 22.009522 498 1079 1193 1144.228001 0.050844 0.162737 299258 
990144000 30964 341551 22.061168 499 1082 1188 1149.252616 0.050791 0.162478 300882 
990748800 31050 343073 22.098100 501 1092 1190 1152.843865 0.050786 0.162271 302279 
991353600 31145 344920 22.149302 502 1094 1189 1157.700048 0.050756 0.162128 303924 
991958400 31227 346601 22.198802 502 1090 1197 1163.350818 0.050602 0.162148 305488 
992563200 31305 348127 22.240984 503 1089 1199 1167.391471 0.050631 0.162077 306904 
993168000 31399 349968 22.291665 504 1094 1189 1172.290455 0.050700 0.161636 308587 
993772800 31494 352015 22.354417 505 1089 1193 1179.011685 0.050801 0.161653 310640 
994377600 31566 353528 22.399290 506 1088 1187 1183.341443 0.050687 0.161465 311965 
994982400 31652 355352 22.453684 507 1089 1186 1188.359851 0.050656 0.161100 313615 
995587200 31729 356847 22.493429 509 1090 1184 1191.708469 0.050676 0.160715 314951 
996192000 31795 358125 22.527127 510 1088 1193 1195.061613 0.050532 0.160758 316076 
996796800 31873 359600 22.564553 512 1084 1191 1198.852320 0.050497 0.160541 317448 
997401600 31937 360941 22.603313 512 1081 1191 1202.381939 0.050500 0.160393 318659 
998006400 31982 362120 22.645238 513 1079 1187 1205.794572 0.050485 0.160244 319748 
998611200 32045 363621 22.694399 513 1071 1186 1210.246591 0.050519 0.160218 321145 
999216000 32108 365258 22.751838 513 1069 1189 1216.361966 0.050521 0.160021 322765 
999820800 32177 366512 22.780993 514 1072 1192 1219.380178 0.050547 0.159792 323905 
1000425600 32242 368116 22.834564 516 1069 1190 1224.501148 0.050518 0.159542 325422 
1001030400 32313 369566 22.874137 517 1070 1189 1228.452202 0.050394 0.159343 326765 
1001635200 32395 371166 22.915018 518 1069 1185 1232.851489 0.050444 0.159141 328309 
1002240000 32489 372844 22.952015 520 1070 1184 1236.671920 0.050291 0.159011 329847 
1002844800 32572 374630 23.003193 520 1061 1188 1241.242847 0.050264 0.158879 331468 
1003449600 32675 376831 23.065402 522 1060 1185 1247.501699 0.050221 0.158487 333557 
1004054400 32756 378579 23.115093 523 1056 1185 1252.167237 0.050194 0.158475 335181 
1004659200 32852 380180 23.145014 525 1057 1188 1255.201692 0.050120 0.158579 336622 
1005264000 32934 382019 23.199065 525 1056 1186 1260.495840 0.050090 0.158407 338325 
1005868800 33028 383985 23.252089 525 1056 1183 1266.032215 0.049988 0.158057 340186 
1006473600 33124 385720 23.289458 526 1055 1185 1269.845127 0.049994 0.157834 341762 
1007078400 33256 387916 23.329083 527 1052 1194 1274.341292 0.049998 0.157918 343724 
1007683200 33382 390092 23.371398 529 1048 1201 1278.849080 0.050091 0.157932 345697 
1008288000 33467 392162 23.435743 529 1046 1198 1284.556010 0.050144 0.157565 347603 
1008892800 33564 394096 23.483256 532 1045 1201 1289.120069 0.050049 0.157365 349355 
1009497600 33619 395338 23.518725 533 1050 1197 1292.706148 0.050114 0.157193 350471 
1010102400 33651 396067 23.539687 533 1050 1198 1294.912662 0.050122 0.157119 351177 
1010707200 33723 397820 23.593393 536 1050 1202 1305.605729 0.049068 0.156948 353195 
1011312000 33805 399784 23.652359 537 1049 1202 1311.792279 0.049062 0.156790 355151 
1011916800 33877 401417 23.698498 537 1054 1195 1316.462556 0.049137 0.156567 356705 
1012521600 33956 403294 23.753917 538 1057 1185 1322.069914 0.049063 0.156189 358466 
1013126400 34030 405231 23.816103 539 1051 1188 1329.357626 0.048989 0.156062 360410 
1013731200 34095 406907 23.869013 541 1045 1183 1336.174982 0.049019 0.155961 362156 
1014336000 34161 408257 23.901935 542 1044 1174 1339.223793 0.048987 0.155678 363375 
1014940800 34235 410058 23.955484 543 1040 1172 1344.758756 0.048928 0.155394 365063 
1015545600 34315 411851 24.004138 544 1045 1173 1351.078304 0.049101 0.155171 366823 
1016150400 34343 412365 24.014501 544 1044 1173 1351.986198 0.049089 0.155126 367262 
