747411840 0 0 0.000000 0 0 0 0.000000 0.000000 0.000000 0 
748016640 2349 3826 3.257556 66 1028 467 29.493401 -0.147440 0.083354 658 
748621440 2449 4024 3.286239 71 1067 494 31.502654 -0.155681 0.097278 743 
749226240 2470 4071 3.296356 71 1069 499 31.604049 -0.154208 0.100341 763 
749831040 2511 4157 3.311031 71 1072 516 31.681402 -0.150847 0.103491 794 
750435840 2563 4229 3.300039 71 1089 535 31.376512 -0.146849 0.107014 814 
751040640 2626 4356 3.317593 73 1109 543 31.666413 -0.142796 0.112129 861 
751645440 2676 4467 3.338565 74 1125 552 32.108371 -0.140131 0.114996 912 
752250240 2729 4689 3.436424 76 1116 568 34.312935 -0.134996 0.125870 1043 
752855040 2779 4836 3.480389 76 1119 581 34.843469 -0.132271 0.133589 1128 
753459840 2847 5037 3.538462 77 1132 584 36.056200 -0.123225 0.140292 1237 
754064640 2906 5242 3.607708 78 1132 589 37.410874 -0.114681 0.148886 1358 
754669440 2944 5332 3.622283 80 1138 599 37.588995 -0.111732 0.151795 1406 
755274240 2994 5505 3.677355 81 1137 600 38.329993 -0.108353 0.158962 1505 
755879040 3039 5639 3.711089 81 1145 616 39.164857 -0.103760 0.161808 1604 
756483840 3086 5802 3.760207 82 1138 625 39.930006 -0.099147 0.166910 1696 
757088640 3108 5854 3.767053 82 1141 627 39.890605 -0.097744 0.169038 1721 
757693440 3133 5937 3.789978 82 1145 626 40.205554 -0.095917 0.169753 1771 
758298240 3170 6058 3.822082 83 1149 634 40.720505 -0.094605 0.172457 1833 
758903040 3235 6233 3.853478 84 1166 647 41.605564 -0.094492 0.176433 1913 
759507840 3303 6391 3.869815 87 1177 667 41.989706 -0.094659 0.182178 1984 
760112640 3337 6471 3.878334 87 1181 668 42.028768 -0.092656 0.184411 2013 
760717440 3400 6651 3.912353 87 1182 699 42.597647 -0.088379 0.190818 2124 
761322240 3459 6879 3.977450 87 1188 699 44.225499 -0.084858 0.194988 2279 
761927040 3511 7100 4.044432 88 1182 707 45.875819 -0.078966 0.199745 2436 
762531840 3546 7235 4.080654 89 1186 711 46.650874 -0.075998 0.202760 2530 
763136640 3622 7402 4.087245 89 1220 718 46.743788 -0.074730 0.202477 2610 
763741440 3701 7595 4.104296 90 1246 731 47.164550 -0.075183 0.204160 2705 
764346240 3749 7768 4.144038 90 1249 737 47.933316 -0.073752 0.206643 2810 
764951040 3826 7990 4.176686 93 1262 751 48.713539 -0.070564 0.211154 2928 
765555840 3871 8184 4.228365 95 1256 759 49.763885 -0.067293 0.215218 3080 
766160640 3903 8298 4.252114 95 1250 765 50.047656 -0.065952 0.217936 3145 
766765440 3944 8481 4.300710 96 1246 768 51.080122 -0.066189 0.222188 3274 
767370240 3996 8632 4.320320 96 1250 778 51.287788 -0.063954 0.223730 3355 
767975040 4030 8770 4.352357 96 1240 783 51.764268 -0.062613 0.226495 3439 
768579840 4086 9001 4.405776 98 1235 789 52.641703 -0.059042 0.229241 3593 
769184640 4170 9219 4.421583 100 1265 797 53.079616 -0.054645 0.230578 3715 
769789440 4256 9526 4.476504 102 1266 798 54.175752 -0.053077 0.234408 3896 
770394240 4330 9741 4.499307 103 1284 804 54.699769 -0.049505 0.235822 4027 
770999040 4382 9990 4.559562 104 1275 815 55.828389 -0.046997 0.239954 4203 
771603840 4452 10319 4.635669 106 1255 848 57.146002 -0.043298 0.245098 4412 
772208640 4504 10510 4.666963 106 1255 864 57.689165 -0.042177 0.245803 4533 
772813440 4569 10817 4.734953 107 1253 868 59.088641 -0.039662 0.249403 4772 
773418240 4634 11083 4.783341 108 1258 872 60.111351 -0.036481 0.249227 4936 
774023040 4684 11322 4.834330 109 1257 877 61.158839 -0.034134 0.249773 5089 
774627840 4740 11519 4.860338 110 1258 892 61.540084 -0.032247 0.251774 5218 
775232640 4827 11793 4.886265 111 1284 913 63.181686 -0.034175 0.251985 5399 
775837440 4871 11971 4.915212 111 1288 912 63.787723 -0.034121 0.251474 5516 
776442240 4926 12136 4.927324 111 1295 921 64.006902 -0.032851 0.252716 5610 
777047040 4976 12296 4.942122 111 1297 936 64.168810 -0.031729 0.254552 5702 
777651840 5044 12624 5.005551 111 1296 932 65.530531 -0.030699 0.253935 5937 
778256640 5085 12772 5.023402 111 1303 933 66.177778 -0.030033 0.254405 6021 
778861440 5152 13011 5.050854 112 1312 949 66.790373 -0.028654 0.254470 6158 
779466240 5207 13240 5.085462 114 1310 959 67.549069 -0.027576 0.256060 6294 
780071040 5275 13549 5.137062 115 1297 969 68.701422 -0.025518 0.260963 6516 
780675840 5355 13841 5.169374 116 1306 984 69.466667 -0.023111 0.262127 6701 
781280640 5406 14055 5.199778 117 1303 997 70.269330 -0.022333 0.263080 6829 
781885440 5461 14299 5.236770 119 1308 1005 71.159128 -0.020648 0.264123 6991 
782490240 5514 14601 5.295974 120 1311 1004 72.771128 -0.017624 0.264597 7230 
783095040 5575 14880 5.338117 121 1316 1006 73.806637 -0.017737 0.265313 7409 
783699840 5644 15122 5.358611 124 1325 1017 74.275337 -0.016678 0.264428 7553 
784304640 5684 15312 5.387755 124 1330 1019 74.925757 -0.015710 0.264742 7703 
784909440 5748 15634 5.439805 124 1328 1023 76.051148 -0.014022 0.265518 7905 
785514240 5813 15935 5.482539 126 1334 1020 77.127817 -0.013502 0.264905 8109 
786119040 5896 16330 5.539349 126 1346 1025 79.031208 -0.010712 0.265640 8402 
786723840 5970 16643 5.575544 126 1345 1037 79.793970 -0.008315 0.265345 8609 
787328640 6007 16823 5.601132 127 1339 1039 80.282337 -0.007532 0.266130 8724 
787933440 6055 17044 5.629727 127 1333 1044 80.860776 -0.006372 0.266599 8849 
788538240 6095 17247 5.659393 128 1324 1056 81.620673 -0.004678 0.268066 8999 
789143040 6130 17429 5.686460 129 1329 1057 82.325612 -0.003819 0.268343 9121 
789747840 6191 17663 5.706025 129 1339 1052 82.803747 -0.002936 0.268867 9271 
790352640 6279 18019 5.739449 129 1357 1053 83.826087 -0.002053 0.268316 9495 
790957440 6335 18352 5.793844 129 1360 1048 85.518548 -0.003079 0.268569 9712 
791562240 6399 18644 5.827160 129 1370 1050 86.456634 -0.003384 0.268598 9898 
792167040 6456 18907 5.857187 130 1379 1060 87.358426 -0.002562 0.267909 10059 
792771840 6515 19277 5.917728 132 1393 1049 89.077206 -0.001516 0.266066 10319 
793376640 6584 19690 5.981166 133 1384 1064 90.653098 -0.000790 0.266604 10596 
793981440 6639 20021 6.031330 135 1392 1061 92.315409 0.001265 0.265819 10835 
794586240 6699 20468 6.110763 135 1377 1070 94.305120 0.003049 0.267187 11157 
795191040 6791 20977 6.177882 139 1387 1068 96.154322 0.003086 0.267551 11515 
795795840 6868 21458 6.248690 141 1371 1075 98.134246 0.004679 0.269533 11874 
796400640 6933 21874 6.310111 141 1373 1069 99.892976 0.005125 0.268841 12177 
797005440 7016 22310 6.359749 142 1384 1073 101.526511 0.006189 0.268451 12476 
797610240 7090 22737 6.413822 142 1381 1065 103.064316 0.006453 0.268071 12804 
798215040 7136 23071 6.466087 142 1382 1075 105.466928 0.007329 0.268658 13089 
798819840 7228 23541 6.513835 143 1409 1070 107.459325 0.006333 0.267195 13407 
799424640 7291 23860 6.545056 143 1409 1075 108.218351 0.007291 0.267104 13610 
800029440 7362 24295 6.600109 144 1406 1078 109.713121 0.008585 0.265938 13906 
800634240 7421 24613 6.633338 145 1410 1077 110.695324 0.009359 0.265116 14121 
801239040 7474 25008 6.691999 147 1405 1081 112.641691 0.010831 0.265529 14423 
801843840 7522 25367 6.744749 149 1394 1070 114.189311 0.010915 0.266283 14660 
802448640 7610 25881 6.801840 149 1406 1066 115.892773 0.011830 0.265006 15041 
803053440 7670 26267 6.849283 149 1396 1076 117.104302 0.012529 0.264472 15299 
803658240 7724 26599 6.887364 149 1388 1088 118.151476 0.013123 0.264663 15513 
804263040 7811 27115 6.942773 151 1390 1097 120.967354 0.011862 0.264452 15878 
804867840 7881 27579 6.998858 152 1389 1096 122.577338 0.013046 0.264536 16229 
805472640 7954 28092 7.063616 153 1376 1101 124.334926 0.013572 0.264685 16587 
806077440 8007 28447 7.105533 153 1376 1098 125.637817 0.014700 0.264447 16854 
806682240 8089 29107 7.196687 157 1370 1100 128.624305 0.016022 0.263933 17361 
807287040 8163 29575 7.246110 157 1372 1106 130.284454 0.017065 0.263529 17734 
807891840 8228 30147 7.327905 159 1371 1110 133.331551 0.018017 0.261738 18186 
808496640 8266 30424 7.361239 161 1369 1109 134.302202 0.018690 0.261330 18382 
809101440 8322 30846 7.413122 163 1371 1111 136.101899 0.017698 0.260957 18715 
809706240 8372 31190 7.451027 164 1366 1120 137.496178 0.017593 0.261932 18982 
810311040 8418 31511 7.486576 166 1357 1123 138.515087 0.018406 0.262328 19213 
810915840 8474 31817 7.509323 166 1361 1122 139.103139 0.019068 0.261938 19417 
811520640 8533 32212 7.549982 167 1359 1119 140.728700 0.019927 0.261879 19713 
812125440 8610 32677 7.590476 167 1359 1128 142.020441 0.020765 0.261814 20012 
812730240 8669 33092 7.634560 168 1360 1122 143.726381 0.020317 0.261231 20335 
813335040 8716 33396 7.663148 170 1359 1125 144.848095 0.020673 0.261115 20557 
813939840 8795 33987 7.728709 173 1369 1116 147.459693 0.021296 0.259704 20989 
814544640 8853 34462 7.785383 173 1365 1112 149.687789 0.022669 0.259409 21374 
815149440 8924 35044 7.853877 174 1357 1103 151.796056 0.023047 0.258938 21787 
815754240 8999 35544 7.899544 175 1365 1106 153.577286 0.023398 0.258476 22141 
816359040 9058 35972 7.942592 175 1363 1105 154.846544 0.023972 0.259051 22463 
816963840 9132 36566 8.008322 177 1354 1113 156.799168 0.024456 0.258715 22888 
817568640 9191 37069 8.066369 178 1355 1113 159.560222 0.024032 0.257693 23273 
818173440 9274 37774 8.146215 178 1353 1110 162.485228 0.025631 0.257056 23824 
818778240 9325 38134 8.178874 178 1345 1116 163.372869 0.026602 0.257200 24103 
819383040 9416 38855 8.252974 180 1350 1130 169.193500 0.023348 0.255999 24718 
819987840 9500 39532 8.322526 181 1350 1142 171.800000 0.023970 0.255786 25235 
820592640 9531 39755 8.342252 181 1356 1143 172.560277 0.024307 0.255153 25385 
821197440 9561 40184 8.405815 181 1343 1150 177.350068 0.021409 0.254751 25746 
821802240 9608 40476 8.425479 181 1343 1151 177.976270 0.021967 0.254691 25938 
822407040 9647 40850 8.468954 182 1338 1145 179.569192 0.022394 0.253943 26223 
823011840 9708 41429 8.535023 184 1333 1141 181.913267 0.022263 0.253039 26640 
823616640 9773 42054 8.606160 184 1323 1153 184.440602 0.022214 0.253016 27126 
824221440 9841 42763 8.690783 185 1321 1143 188.405447 0.022463 0.252354 27692 
824826240 9907 43331 8.747552 185 1322 1140 190.480468 0.023096 0.251428 28096 
825431040 9979 43994 8.817316 186 1313 1144 193.197715 0.023024 0.252029 28611 
826035840 10047 44592 8.876680 189 1317 1148 197.431074 0.021534 0.252056 29120 
826640640 10133 45054 8.892529 189 1348 1151 198.521465 0.020792 0.250483 29422 
827245440 10206 45746 8.964531 192 1335 1152 201.585342 0.021577 0.249672 29970 
827850240 10277 46441 9.037852 193 1330 1158 206.131167 0.022141 0.249402 30540 
828455040 10331 46984 9.095731 193 1321 1158 208.418740 0.021978 0.249115 30963 
829059840 10388 47416 9.128995 193 1318 1168 209.452253 0.022443 0.249434 31298 
829664640 10460 48022 9.182027 195 1312 1168 211.721033 0.023246 0.249721 31765 
830269440 10522 48632 9.243870 195 1315 1167 215.032693 0.023481 0.249092 32282 
830874240 10592 49211 9.292107 196 1326 1164 217.623867 0.024596 0.248395 32767 
831479040 10648 49654 9.326446 197 1327 1159 218.788129 0.025011 0.248460 33098 
832083840 10719 50149 9.357030 197 1330 1165 220.140125 0.025363 0.248324 33459 
832688640 10803 50868 9.417384 197 1325 1183 223.504952 0.025269 0.247943 34060 
833293440 10856 51289 9.448968 198 1321 1182 224.857590 0.025394 0.247342 34347 
833898240 10931 51953 9.505626 198 1321 1183 227.673223 0.025438 0.246891 34872 
834503040 11009 52618 9.559088 201 1316 1186 229.841584 0.025573 0.247010 35392 
835107840 11074 53233 9.614051 202 1317 1190 233.240022 0.026919 0.246879 35944 
835712640 11155 54023 9.685881 203 1319 1189 236.501121 0.027120 0.245688 36538 
836317440 11243 54738 9.737259 204 1334 1185 238.707462 0.027436 0.244486 37078 
836922240 11297 55144 9.762592 204 1328 1192 239.837125 0.027536 0.244290 37358 
837527040 11361 55723 9.809524 207 1320 1182 241.474694 0.027978 0.243313 37783 
838131840 11436 56301 9.846275 208 1321 1183 243.108080 0.028018 0.243250 38189 
838736640 11510 56983 9.901477 210 1318 1193 245.387142 0.028765 0.243065 38736 
839341440 11569 57653 9.966808 212 1305 1197 248.124989 0.028648 0.242292 39241 
839946240 11650 58218 9.994506 212 1311 1207 249.368927 0.029118 0.241668 39643 
840551040 11723 58835 10.037533 215 1300 1214 251.076687 0.029186 0.242150 40094 
841155840 11806 59479 10.076063 216 1302 1215 252.774013 0.029714 0.241548 40551 
841760640 11885 60042 10.103828 217 1295 1221 253.894152 0.030343 0.241938 40985 
842365440 11955 60776 10.167461 217 1288 1213 256.222836 0.030676 0.240998 41510 
842970240 12039 61568 10.228092 217 1288 1212 258.802060 0.031114 0.240232 42108 
843575040 12114 62342 10.292554 218 1278 1216 261.633317 0.031293 0.240824 42701 
844179840 12205 63243 10.363458 220 1269 1221 264.887833 0.031956 0.240721 43407 
844784640 12300 64203 10.439512 220 1267 1218 268.405854 0.032833 0.239771 44146 
845389440 12377 65052 10.511756 220 1259 1216 271.533166 0.033188 0.238999 44810 
845994240 12460 65781 10.558748 221 1253 1212 273.492295 0.033782 0.238438 45383 
846599040 12554 66962 10.667835 222 1247 1224 279.985343 0.033969 0.237412 46352 
847203840 12626 67625 10.712023 224 1243 1226 281.926659 0.034322 0.237372 46897 
847808640 12697 68420 10.777349 225 1231 1226 284.751044 0.034640 0.236692 47480 
848413440 12754 68948 10.811981 226 1223 1233 286.053317 0.034901 0.236602 47852 
849018240 12823 69612 10.857366 228 1218 1231 288.011074 0.035246 0.235999 48339 
849623040 12897 70425 10.921144 229 1208 1238 291.192370 0.035171 0.235454 48969 
850227840 12971 71378 11.005782 229 1195 1242 295.432426 0.035009 0.235396 49718 
850832640 13046 72232 11.073432 232 1193 1232 298.551433 0.035535 0.234455 50373 
851437440 13118 73112 11.146821 234 1179 1223 301.951517 0.035230 0.233873 51044 
852042240 13151 73449 11.170101 234 1176 1225 303.041746 0.035347 0.233524 51293 
852647040 13194 73991 11.215856 234 1168 1230 305.436410 0.035477 0.233645 51726 
853251840 13244 74547 11.257475 235 1162 1228 307.239807 0.035655 0.232969 52136 
853856640 13291 75121 11.304040 237 1150 1237 309.260402 0.035657 0.232588 52571 
854461440 13353 75777 11.349809 238 1151 1230 311.338276 0.035735 0.231796 53058 
855066240 13436 76702 11.417386 240 1143 1235 314.621614 0.035637 0.231066 53748 
855671040 13499 77332 11.457441 240 1140 1234 316.714275 0.035515 0.230416 54218 
856275840 13557 78021 11.510069 240 1127 1238 319.025448 0.035797 0.230302 54749 
856880640 13627 78828 11.569384 241 1134 1227 322.622000 0.036169 0.229929 55424 
857485440 13674 79422 11.616498 244 1124 1229 325.000878 0.035940 0.229962 55905 
858090240 13751 80383 11.691222 245 1118 1226 328.641699 0.036000 0.229027 56626 
858695040 13815 81131 11.745349 245 1113 1223 331.095476 0.036189 0.228742 57216 
859299840 13876 81708 11.776881 245 1106 1223 332.433843 0.036515 0.228747 57670 
859904640 13937 82512 11.840712 249 1103 1216 335.622157 0.036447 0.227797 58298 
860509440 13993 83191 11.890374 250 1098 1211 337.868792 0.036238 0.227372 58804 
861114240 14064 83948 11.937998 250 1104 1203 340.090444 0.036609 0.226157 59356 
861719040 14116 84807 12.015727 251 1093 1194 346.328422 0.036011 0.225592 60142 
862323840 14180 85383 12.042736 251 1097 1189 347.792384 0.036183 0.225437 60566 
862928640 14256 86247 12.099747 255 1100 1189 350.883838 0.036490 0.224986 61257 
863533440 14320 87008 12.151955 257 1101 1182 353.604190 0.036666 0.224567 61865 
864138240 14384 87788 12.206340 258 1094 1184 356.692297 0.036251 0.224159 62448 
864743040 14459 88622 12.258386 259 1084 1178 359.516426 0.036249 0.223582 63095 
865347840 14536 89478 12.311227 262 1081 1175 362.218217 0.036016 0.222762 63729 
865952640 14630 90467 12.367327 263 1086 1175 365.721394 0.036484 0.221841 64492 
866557440 14699 91355 12.430097 263 1085 1171 368.809443 0.036607 0.221264 65189 
867162240 14804 92428 12.486895 267 1082 1169 371.793840 0.036026 0.220742 65982 
867767040 14884 93327 12.540580 267 1077 1175 374.327466 0.036249 0.220409 66677 
868371840 14954 94392 12.624315 269 1068 1168 378.379029 0.036320 0.219572 67501 
868976640 15029 95221 12.671635 270 1063 1167 380.542285 0.036371 0.219182 68136 
869581440 15110 96075 12.716744 271 1060 1162 382.789014 0.036691 0.218493 68773 
870186240 15194 97349 12.814137 274 1054 1155 388.103462 0.037133 0.217163 69795 
870791040 15278 98453 12.888205 276 1052 1155 392.284069 0.037075 0.216129 70714 
871395840 15354 99237 12.926534 277 1044 1156 394.107985 0.037585 0.215707 71291 
872000640 15440 100419 13.007642 277 1036 1148 398.403109 0.037813 0.215096 72215 
872605440 15507 101043 13.031921 278 1042 1146 399.798543 0.037744 0.214460 72691 
873210240 15564 101471 13.039193 278 1044 1148 400.178103 0.037934 0.214265 72980 
873815040 15642 102335 13.084644 278 1050 1141 402.347270 0.038203 0.213328 73622 
874419840 15715 103444 13.165002 279 1052 1136 409.814699 0.037272 0.212482 74595 
875024640 15788 104192 13.198885 282 1056 1135 411.664302 0.037294 0.211751 75123 
875629440 15874 105080 13.239259 282 1059 1137 413.788585 0.037497 0.210964 75780 
876234240 15945 105798 13.270367 285 1058 1141 415.390655 0.037419 0.210763 76300 
876839040 16026 106716 13.317858 287 1052 1144 417.794209 0.037621 0.210716 76957 
877443840 16110 107522 13.348479 288 1057 1148 419.679826 0.037873 0.210224 77537 
878048640 16201 108531 13.398062 289 1061 1153 422.643170 0.037732 0.209430 78298 
878653440 16302 109647 13.451969 291 1066 1165 425.959146 0.037966 0.208604 79152 
879258240 16362 110536 13.511307 293 1062 1161 429.256081 0.037844 0.207895 79839 
879863040 16451 111454 13.549815 293 1071 1160 431.273236 0.038244 0.207256 80494 
880467840 16563 112669 13.604902 295 1089 1147 434.827507 0.037872 0.206190 81442 
881072640 16653 113880 13.676815 296 1085 1140 438.675674 0.038087 0.205635 82413 
881677440 16760 115181 13.744749 297 1109 1130 446.117184 0.037532 0.204106 83541 
882282240 16848 116091 13.780983 297 1108 1140 448.330959 0.037831 0.203726 84238 
882887040 16959 117616 13.870629 300 1096 1147 453.756118 0.038082 0.203012 85436 
883491840 16996 118056 13.892210 300 1097 1143 454.942928 0.037989 0.202795 85801 
884096640 17024 118488 13.920113 300 1099 1137 456.931273 0.038086 0.202567 86167 
884701440 17088 119657 14.004799 300 1092 1135 463.174508 0.038003 0.201914 87180 
885306240 17162 120412 14.032397 300 1088 1140 464.559958 0.038395 0.201683 87775 
885911040 17218 121122 14.069230 302 1082 1141 466.931583 0.038104 0.201341 88324 
886515840 17287 122116 14.128073 302 1080 1144 470.259386 0.038240 0.200735 89156 
887120640 17348 122818 14.159327 303 1080 1147 472.076320 0.038291 0.200702 89713 
887725440 17400 123615 14.208621 303 1074 1146 476.247816 0.037495 0.200281 90421 
888330240 17476 124668 14.267338 303 1072 1144 479.642939 0.037661 0.199707 91267 
888935040 17560 125644 14.310251 305 1069 1153 482.067426 0.037831 0.199317 91970 
889539840 17623 126478 14.353742 305 1064 1158 484.759576 0.037670 0.199000 92645 
890144640 17768 127799 14.385299 305 1121 1154 489.048852 0.035941 0.197905 93685 
890749440 17838 128594 14.417984 308 1122 1161 491.363045 0.035763 0.197579 94325 
891354240 17910 129642 14.477052 308 1118 1161 494.847013 0.035714 0.197170 95116 
891959040 17966 130353 14.511076 310 1117 1165 496.919960 0.035511 0.196880 95649 
892563840 18006 130954 14.545596 312 1118 1166 499.250472 0.035444 0.196427 96161 
893168640 18073 131777 14.582748 312 1118 1171 501.572290 0.035354 0.196054 96792 
893773440 18163 132842 14.627760 312 1119 1170 504.915267 0.035684 0.195616 97628 
894378240 18221 133453 14.648263 312 1119 1171 505.976730 0.035863 0.195587 98061 
894983040 18294 134357 14.688641 314 1110 1174 508.115229 0.036103 0.195392 98737 
895587840 18371 135370 14.737358 318 1095 1183 511.155843 0.036172 0.195286 99517 
896192640 18463 136293 14.763906 318 1097 1187 512.811136 0.036211 0.194893 100159 
896797440 18545 137328 14.810245 320 1098 1188 515.901860 0.035952 0.194487 100934 
897402240 18650 138667 14.870456 321 1091 1195 519.770724 0.036112 0.194112 101950 
898007040 18724 139594 14.910703 322 1097 1188 522.557146 0.035890 0.193693 102666 
898611840 18795 140489 14.949614 323 1086 1196 525.139452 0.036059 0.193841 103333 
899216640 18873 141743 15.020717 323 1074 1192 531.558735 0.035163 0.193556 104387 
899821440 18959 142826 15.066828 325 1077 1195 534.161506 0.035333 0.193150 105178 
900426240 19067 144301 15.136204 326 1080 1202 539.167462 0.035401 0.192221 106324 
901031040 19142 145233 15.174276 328 1072 1206 542.672030 0.035498 0.192178 107097 
901635840 19227 146256 15.213606 331 1074 1208 545.565923 0.035587 0.191965 107911 
902240640 19297 147008 15.236358 334 1075 1207 547.250143 0.035662 0.191704 108469 
902845440 19379 148155 15.290263 337 1068 1209 550.408071 0.035819 0.191169 109343 
903450240 19431 148783 15.313983 337 1069 1210 551.655705 0.035971 0.190825 109794 
904055040 19492 149579 15.347732 337 1071 1211 553.886210 0.035822 0.190576 110405 
904659840 19598 151061 15.415961 338 1073 1203 558.017859 0.036078 0.189924 111554 
905264640 19691 152083 15.446955 339 1075 1202 560.222234 0.036120 0.189478 112321 
905869440 19783 153271 15.495223 339 1070 1198 563.145832 0.036192 0.189113 113213 
906474240 19865 154290 15.533854 339 1076 1188 565.258193 0.036463 0.188388 113964 
907079040 19975 155610 15.580476 340 1078 1184 568.481402 0.036470 0.187392 114935 
907683840 20048 156647 15.627195 344 1074 1180 571.996808 0.036193 0.187454 115741 
908288640 20127 157898 15.690167 346 1069 1165 576.471208 0.036150 0.186854 116702 
908893440 20203 158745 15.714993 346 1076 1165 578.119289 0.036329 0.186597 117354 
909498240 20289 159791 15.751491 346 1077 1173 580.505200 0.036556 0.186392 118156 
910103040 20378 160868 15.788399 346 1075 1179 582.886250 0.036760 0.185788 118954 
910707840 20443 162054 15.854229 347 1063 1178 587.202661 0.036749 0.185366 119905 
911312640 20523 163204 15.904497 348 1062 1176 591.086781 0.036737 0.184798 120849 
911917440 20614 164443 15.954497 349 1065 1169 594.521587 0.036736 0.184403 121780 
912522240 20687 165596 16.009668 351 1062 1176 598.365060 0.036550 0.183628 122645 
913127040 20761 166924 16.080536 352 1060 1171 603.656953 0.036938 0.183142 123775 
913731840 20860 168256 16.131927 353 1061 1179 608.739693 0.037153 0.183185 124864 
914336640 20975 170001 16.209869 353 1066 1175 614.143790 0.037120 0.182526 126216 
914941440 21013 170522 16.230143 353 1066 1174 615.301480 0.037208 0.182307 126598 
915546240 21067 171347 16.266863 354 1067 1170 618.112024 0.037319 0.182074 127272 
916151040 21120 172295 16.315814 354 1059 1175 621.148011 0.037437 0.181611 127988 
916755840 21185 173262 16.357045 354 1056 1168 623.384659 0.037446 0.181156 128688 
917360640 21262 174346 16.399774 354 1058 1161 626.651209 0.037782 0.180652 129558 
917965440 21320 175083 16.424296 355 1056 1160 628.448311 0.037733 0.180507 130103 
918570240 21378 175951 16.460941 357 1056 1160 630.976424 0.037677 0.180161 130764 
919175040 21461 177229 16.516379 357 1049 1159 634.452635 0.037626 0.179913 131723 
919779840 21548 178279 16.547151 357 1058 1155 636.881567 0.037617 0.179354 132494 
920384640 21625 179480 16.599306 358 1057 1157 640.353942 0.037736 0.178998 133442 
920989440 21696 180697 16.657172 362 1056 1148 644.675608 0.037647 0.178504 134420 
921594240 21763 181632 16.691816 363 1055 1147 647.002987 0.037881 0.178617 135145 
922199040 21861 183202 16.760624 364 1056 1153 651.647775 0.037744 0.178006 136405 
922803840 21942 184536 16.820345 366 1058 1152 655.568863 0.037683 0.177503 137439 
923408640 22018 185803 16.877373 366 1058 1156 659.525570 0.037700 0.177006 138443 
924013440 22094 186971 16.925048 367 1057 1156 662.914456 0.037741 0.176422 139358 
924618240 22181 188398 16.987331 369 1057 1137 667.196249 0.037897 0.175999 140481 
925223040 22235 189252 17.022892 369 1054 1140 669.544772 0.037901 0.175799 141138 
925827840 22329 190713 17.082091 370 1061 1142 674.960992 0.037437 0.175525 142344 
926432640 22401 191778 17.122271 372 1059 1147 677.731798 0.037471 0.175432 143184 
927037440 22486 193271 17.190341 374 1058 1154 682.370453 0.037721 0.174751 144349 
927642240 22575 194766 17.255017 375 1054 1159 687.650587 0.037639 0.174483 145509 
928247040 22690 196592 17.328515 378 1046 1161 693.164918 0.037840 0.174106 146927 
928851840 22772 198246 17.411382 382 1039 1152 699.304145 0.037897 0.173834 148278 
929456640 22854 199640 17.470902 382 1038 1153 703.373589 0.038082 0.173335 149385 
930061440 22930 200838 17.517488 384 1028 1159 707.071260 0.038091 0.173314 150330 
930666240 23022 202490 17.591000 386 1021 1166 712.123100 0.038040 0.172727 151594 
931271040 23095 203728 17.642607 387 1023 1162 715.934358 0.038318 0.172210 152586 
931875840 23188 204818 17.665862 387 1033 1163 717.664654 0.038573 0.171715 153353 
932480640 23285 206150 17.706678 389 1027 1156 720.337900 0.038557 0.171564 154351 
933085440 23369 207655 17.771834 392 1026 1156 725.358638 0.038518 0.171138 155570 
933690240 23462 209057 17.820902 393 1025 1157 728.735658 0.038624 0.170927 156626 
934295040 23549 210377 17.867171 395 1027 1159 731.913797 0.038758 0.170599 157666 
934899840 23618 211593 17.917944 395 1024 1156 735.409433 0.038819 0.170493 158625 
935504640 23687 212620 17.952463 397 1025 1147 738.174948 0.038610 0.170153 159408 
936109440 23758 213643 17.984931 397 1019 1141 740.344305 0.038647 0.169957 160173 
936714240 23844 215382 18.065929 397 1009 1142 746.495135 0.038524 0.169450 161544 
937319040 23938 216816 18.114797 400 1005 1149 750.141866 0.038628 0.169091 162634 
937923840 24030 218311 18.169871 400 1001 1150 754.104952 0.038746 0.168489 163765 
938528640 24115 219593 18.212150 402 1004 1144 757.151814 0.038793 0.168059 164769 
939133440 24196 221050 18.271615 402 1005 1139 761.378658 0.038733 0.167320 165858 
939738240 24270 222282 18.317429 406 1005 1141 765.214174 0.038609 0.166861 166833 
940343040 24368 223627 18.354153 408 1010 1138 768.171290 0.038702 0.166652 167871 
940947840 24458 224822 18.384332 408 1012 1137 770.149154 0.038787 0.166353 168740 
941552640 24537 226166 18.434690 409 1005 1133 773.497575 0.038900 0.166045 169781 
942157440 24617 227954 18.520047 410 1001 1138 780.404842 0.039072 0.165489 171256 
942762240 24707 229779 18.600316 411 986 1149 786.954871 0.038699 0.165453 172743 
943367040 24787 231260 18.659781 411 987 1144 791.387421 0.038623 0.165074 173936 
943971840 24873 232388 18.685965 412 992 1142 793.391388 0.038692 0.164883 174790 
944576640 24939 233400 18.717671 416 982 1150 795.691728 0.038579 0.164867 175550 
945181440 25018 234706 18.762971 418 982 1154 799.141898 0.038414 0.164573 176552 
945786240 25134 236733 18.837670 418 985 1151 805.479271 0.038392 0.164011 178156 
946391040 25206 238017 18.885741 419 979 1153 808.985638 0.038350 0.163791 179162 
946995840 25257 238711 18.902562 419 979 1150 810.266065 0.038401 0.163685 179647 
947600640 25318 239709 18.935856 420 979 1150 812.589778 0.038433 0.163406 180409 
948205440 25414 241313 18.990556 421 975 1146 817.108602 0.038429 0.162939 181645 
948810240 25492 242357 19.014357 423 970 1146 818.929468 0.038460 0.162853 182416 
949415040 25580 244007 19.077952 424 967 1142 823.916575 0.038439 0.162228 183712 
950019840 25658 245287 19.119729 424 962 1153 826.918700 0.038535 0.161953 184693 
950624640 25742 246737 19.169995 425 965 1149 830.844767 0.038584 0.161534 185832 
951229440 25806 247869 19.210184 426 959 1145 833.551655 0.038643 0.161267 186668 
951834240 25881 249410 19.273598 426 960 1135 839.007071 0.038678 0.160477 187900 
952439040 25944 250511 19.311671 427 960 1136 843.447117 0.038372 0.160318 188806 
953043840 26020 252000 19.369716 428 952 1140 847.923828 0.038377 0.160008 190053 
953648640 26096 253706 19.444053 428 950 1138 857.808860 0.036698 0.159583 191596 
954253440 26166 255167 19.503707 428 947 1130 863.484828 0.036488 0.159390 192820 
954858240 26250 256483 19.541562 428 943 1128 866.127086 0.036628 0.159146 193795 
955463040 26329 257759 19.579855 429 950 1121 868.874929 0.036765 0.158781 194717 
956067840 26400 258960 19.618182 429 948 1120 871.935682 0.036806 0.158694 195653 
956672640 26452 259931 19.653032 430 948 1121 874.596099 0.036879 0.158428 196392 
957277440 26513 260799 19.673292 430 951 1117 876.002037 0.037042 0.158235 197038 
957882240 26576 262171 19.729907 430 953 1114 883.344220 0.036290 0.157885 198240 
958487040 26653 263902 19.802799 430 951 1114 890.014482 0.036030 0.157566 199699 
959091840 26737 265292 19.844560 430 952 1105 893.265363 0.035997 0.157140 200728 
959696640 26813 266640 19.888860 431 954 1093 896.917764 0.036025 0.156751 201758 
960301440 26893 268301 19.953222 431 950 1084 902.544528 0.035800 0.156272 203090 
960906240 26977 269719 19.996219 431 949 1093 906.641139 0.035626 0.156164 204209 
961511040 27073 271197 20.034499 432 946 1098 909.910612 0.035718 0.155714 205322 
962115840 27148 272300 20.060410 432 946 1100 911.842198 0.035831 0.155567 206126 
962720640 27229 273718 20.104888 432 944 1100 915.271732 0.035870 0.155290 207224 
963325440 27297 274915 20.142507 432 940 1098 918.449427 0.035801 0.155051 208115 
963930240 27392 276601 20.195751 433 940 1097 922.786580 0.035715 0.154908 209441 
964535040 27489 278417 20.256612 434 934 1099 928.160428 0.035777 0.154637 210883 
965139840 27577 280308 20.329115 437 926 1100 933.895130 0.035702 0.154163 212394 
965744640 27638 281269 20.353788 437 927 1093 935.896664 0.035741 0.153969 213134 
966349440 27723 282740 20.397504 437 926 1086 939.301014 0.035865 0.153716 214264 
966954240 27810 284159 20.435743 437 932 1081 942.317152 0.035975 0.153413 215369 
967559040 27876 285378 20.474817 438 928 1085 945.346104 0.036088 0.153306 216345 
968163840 27963 286594 20.498087 439 930 1082 947.494546 0.036210 0.152958 217265 
968768640 28049 288032 20.537773 439 923 1084 951.057364 0.036201 0.152859 218351 
969373440 28127 289153 20.560529 441 918 1087 952.884986 0.036245 0.152649 219187 
969978240 28204 290430 20.594951 442 911 1091 955.568643 0.036324 0.152496 220157 
970583040 28282 291833 20.637367 443 911 1095 959.051340 0.036370 0.152228 221243 
971187840 28362 292935 20.656865 443 915 1092 960.777872 0.036346 0.152121 222048 
971792640 28454 294325 20.687777 443 911 1087 963.993463 0.036423 0.151814 223156 
972397440 28539 295795 20.729178 444 909 1083 967.557938 0.036319 0.151534 224345 
973002240 28607 297123 20.772748 445 906 1085 972.381375 0.036660 0.151422 225486 
973607040 28710 298779 20.813584 446 904 1084 975.987252 0.036705 0.151238 226732 
974211840 28790 300013 20.841473 448 895 1086 978.216881 0.036806 0.151435 227659 
974816640 28879 301625 20.888881 448 899 1084 982.289899 0.036822 0.151056 228892 
975421440 28964 303093 20.928946 449 906 1080 986.109999 0.036852 0.150779 230054 
976026240 29067 305200 20.999759 452 904 1072 991.901194 0.036814 0.150250 231696 
976631040 29150 306531 21.031286 452 900 1077 994.560137 0.036840 0.149996 232704 
977235840 29269 308441 21.076292 452 896 1078 998.193857 0.036850 0.149753 234179 
977840640 29358 309940 21.114517 454 896 1082 1001.562027 0.036805 0.149614 235359 
978445440 29422 310809 21.127660 455 897 1085 1002.696893 0.036874 0.149422 235983 
979050240 29484 311906 21.157645 455 902 1081 1005.123660 0.036877 0.149080 236861 
979655040 29574 313772 21.219450 456 898 1075 1010.262325 0.036926 0.148764 238306 
980259840 29658 315345 21.265426 458 899 1072 1014.978286 0.036727 0.148540 239544 
980864640 29732 317090 21.329880 458 891 1072 1024.396206 0.035252 0.148285 241144 
981469440 29824 318814 21.379694 460 896 1070 1028.689512 0.035135 0.147862 242475 
982074240 29916 320533 21.428867 461 895 1065 1032.876721 0.035131 0.147647 243814 
982679040 30017 322431 21.483226 464 893 1066 1037.332378 0.035210 0.147479 245261 
983283840 30097 324053 21.533907 464 897 1062 1041.631525 0.035235 0.147171 246529 
983888640 30183 325820 21.589637 465 897 1063 1045.984693 0.035264 0.146639 247874 
984493440 30250 327276 21.638083 467 893 1064 1049.998612 0.035254 0.146441 249003 
985098240 30328 328934 21.691770 468 889 1059 1054.462939 0.035116 0.146083 250274 
985703040 30399 330225 21.726044 469 890 1061 1057.546761 0.035083 0.145835 251276 
986307840 30497 331936 21.768436 470 891 1058 1061.529134 0.034995 0.145670 252573 
986912640 30561 333220 21.806878 471 889 1063 1064.743431 0.034987 0.145369 253554 
987517440 30627 334711 21.857250 472 888 1060 1069.118490 0.035059 0.144972 254716 
988122240 30711 336224 21.895998 472 889 1063 1072.654749 0.035037 0.144757 255890 
988727040 30788 337962 21.954138 473 887 1071 1077.655710 0.035148 0.144390 257282 
989331840 30849 339304 21.997731 474 885 1067 1081.195760 0.035258 0.144168 258301 
989936640 30925 340538 22.023476 475 885 1069 1083.557445 0.035181 0.144002 259233 
990541440 31016 342530 22.087310 475 882 1062 1089.107815 0.035327 0.143599 260796 
991146240 31102 344282 22.138898 476 887 1068 1093.892676 0.035363 0.143349 262134 
991751040 31202 346155 22.188001 476 881 1078 1098.864624 0.035441 0.143257 263592 
992355840 31270 347524 22.227311 476 878 1074 1102.638503 0.035375 0.143215 264643 
992960640 31365 349242 22.269536 476 877 1075 1106.318572 0.035496 0.142829 265996 
993565440 31440 350891 22.321310 476 876 1077 1111.072010 0.035583 0.142460 267307 
994170240 31532 352821 22.378600 476 866 1082 1116.832995 0.035576 0.142223 268877 
994775040 31624 354695 22.432014 476 860 1084 1121.261890 0.035634 0.141916 270271 
995379840 31704 356365 22.480760 482 862 1084 1125.093111 0.035670 0.141673 271599 
995984640 31762 357399 22.504817 482 862 1083 1127.379510 0.035791 0.141455 272398 
996589440 31836 358945 22.549629 483 861 1080 1131.556854 0.035719 0.141178 273629 
997194240 31914 360377 22.584258 484 862 1079 1134.696998 0.035723 0.140987 274746 
997799040 31964 361715 22.632649 485 862 1075 1138.652109 0.035706 0.140731 275846 
998403840 32011 362765 22.665021 486 859 1076 1141.424135 0.035726 0.140606 276657 
999008640 32077 364284 22.713097 487 859 1071 1145.520279 0.035768 0.140373 277848 
999613440 32149 365984 22.767987 489 857 1075 1150.991135 0.035560 0.140161 279227 
1000218240 32216 367476 22.813260 489 858 1066 1154.789856 0.035541 0.139675 280354 
1000823040 32280 368935 22.858426 489 854 1064 1158.896344 0.035582 0.139465 281501 
1001427840 32357 370418 22.895695 490 849 1065 1162.350403 0.035616 0.139214 282636 
1002032640 32445 372135 22.939436 491 850 1057 1165.843057 0.035740 0.138741 283969 
1002637440 32539 373921 22.982944 494 851 1064 1170.081441 0.035653 0.138542 285367 
1003242240 32629 375874 23.039260 494 852 1060 1174.866162 0.035760 0.138223 286894 
1003847040 32710 377563 23.085478 494 846 1063 1178.978600 0.035868 0.137990 288178 
1004451840 32808 379417 23.129542 494 842 1071 1183.205438 0.035775 0.137871 289571 
1005056640 32891 381027 23.169074 494 838 1076 1187.087349 0.035751 0.137719 290832 
1005661440 32993 383198 23.229049 497 839 1064 1192.851575 0.035815 0.137343 292579 
1006266240 33075 384982 23.279335 498 835 1057 1197.601391 0.035955 0.137044 294052 
1006871040 33177 386881 23.322241 498 835 1058 1201.480001 0.035994 0.136799 295486 
1007475840 33338 389279 23.353471 498 831 1068 1205.109425 0.035933 0.136622 297298 
1008080640 33434 391405 23.413591 498 833 1064 1210.668003 0.035848 0.136288 298898 
1008685440 33524 393252 23.460924 498 829 1060 1214.617408 0.035837 0.136013 300316 
1009290240 33601 395011 23.511860 501 831 1056 1219.391268 0.035893 0.135698 301702 
1009895040 33639 395855 23.535480 502 831 1060 1221.778115 0.035913 0.135516 302366 
1010499840 33690 396682 23.548946 504 833 1061 1223.105254 0.035868 0.135508 303013 
1011104640 33778 399003 23.625022 505 827 1066 1235.727100 0.034296 0.135230 305238 
1011709440 33845 400521 23.667957 508 827 1057 1240.482435 0.034202 0.134956 306439 
1012314240 33911 402040 23.711480 508 832 1050 1244.431600 0.034180 0.134684 307612 
1012919040 33995 404277 23.784498 510 829 1045 1251.121636 0.034163 0.134335 309399 
1013523840 34067 406117 23.842252 511 820 1048 1257.794523 0.033963 0.134088 310965 
1014128640 34140 407713 23.884769 511 817 1043 1263.180141 0.033826 0.133962 312311 
1014733440 34207 409314 23.931593 512 814 1034 1267.506709 0.033831 0.133676 313625 
1015338240 34285 410902 23.969783 513 819 1029 1271.207933 0.033803 0.133366 314817 
1015943040 34342 412321 24.012638 514 818 1027 1276.322986 0.033701 0.133238 315996 
1016547840 34343 412365 24.014501 514 818 1027 1276.536994 0.033686 0.133230 316035 
