820800000 0 0 0.000000 0 0 0 0.000000 0.000000 0.000000 0 
821404800 9580 40320 8.417537 178 1630 1188 198.236952 0.012615 0.193796 36211 
822009600 9629 40671 8.447606 178 1623 1193 199.364005 0.013595 0.194370 36463 
822614400 9671 41092 8.497984 179 1612 1194 201.170923 0.013755 0.194766 36778 
823219200 9742 41801 8.581605 180 1592 1209 204.467255 0.015166 0.196535 37344 
823824000 9805 42469 8.662723 182 1586 1211 208.398164 0.017345 0.196806 38002 
824428800 9876 43011 8.710207 182 1582 1215 209.947347 0.018434 0.196549 38379 
825033600 9933 43619 8.782644 183 1575 1214 213.125340 0.019799 0.197385 38931 
825638400 10013 44200 8.828523 184 1569 1221 214.862679 0.020965 0.197989 39334 
826243200 10095 44809 8.877464 184 1596 1223 219.274096 0.022620 0.197155 39902 
826848000 10167 45382 8.927314 186 1588 1225 221.416544 0.023847 0.197243 40346 
827452800 10235 46020 8.992672 186 1579 1221 224.208696 0.024294 0.198039 40889 
828057600 10296 46662 9.064103 186 1567 1231 228.600039 0.025135 0.198523 41503 
828662400 10362 47248 9.119475 187 1546 1242 230.642347 0.026102 0.199352 41909 
829267200 10415 47644 9.149112 187 1537 1254 231.978877 0.026681 0.199252 42206 
829872000 10482 48220 9.200534 187 1534 1246 234.183171 0.027057 0.199317 42665 
830476800 10544 48765 9.249810 188 1542 1241 237.095599 0.025883 0.199035 43086 
831081600 10620 49380 9.299435 189 1545 1243 239.560640 0.025114 0.199704 43540 
831686400 10679 49860 9.337953 190 1543 1247 241.272778 0.025597 0.200058 43897 
832291200 10765 50465 9.375755 190 1557 1242 243.121969 0.026632 0.200058 44382 
832896000 10822 51056 9.435594 191 1547 1243 246.272408 0.025580 0.200270 44887 
833500800 10882 51476 9.460761 191 1541 1252 247.404337 0.026113 0.200695 45174 
834105600 10967 52298 9.537339 191 1527 1264 251.143613 0.027018 0.201484 45770 
834710400 11040 52978 9.597464 195 1506 1278 254.832065 0.028041 0.202829 46322 
835315200 11125 53720 9.657528 196 1504 1285 257.804225 0.029042 0.202775 46913 
835920000 11190 54354 9.714745 197 1485 1292 260.287578 0.029610 0.203415 47376 
836524800 11268 54945 9.752396 199 1491 1288 261.873447 0.029976 0.203880 47836 
837129600 11326 55396 9.782094 200 1482 1297 263.140915 0.030798 0.204321 48182 
837734400 11398 55948 9.817161 201 1482 1303 264.517108 0.031072 0.204673 48584 
838339200 11472 56637 9.873954 202 1486 1296 267.399407 0.031937 0.204555 49152 
838944000 11534 57255 9.928039 205 1471 1297 269.924224 0.032402 0.204827 49631 
839548800 11608 57966 9.987250 206 1457 1298 272.531875 0.032819 0.205536 50216 
840153600 11680 58498 10.016781 207 1457 1299 273.524315 0.033809 0.205423 50590 
840758400 11770 59231 10.064741 208 1446 1304 275.808156 0.034412 0.205599 51156 
841363200 11849 59742 10.083889 210 1450 1305 276.833826 0.034907 0.205655 51553 
841968000 11914 60337 10.128756 210 1440 1307 278.301494 0.035756 0.205882 52014 
842572800 11988 61141 10.200367 210 1430 1313 281.581915 0.036223 0.206194 52704 
843177600 12069 61834 10.246748 210 1424 1314 283.617864 0.036922 0.206330 53265 
843782400 12163 62792 10.325084 211 1419 1317 287.214667 0.037233 0.206679 54036 
844387200 12248 63697 10.401208 213 1417 1316 291.022861 0.038234 0.206753 54804 
844992000 12333 64524 10.463634 213 1408 1321 294.136058 0.038142 0.207207 55469 
845596800 12416 65422 10.538338 213 1394 1320 297.628705 0.038371 0.207230 56203 
846201600 12503 66489 10.635687 214 1393 1314 303.961449 0.039310 0.206860 57198 
846806400 12580 67176 10.679809 214 1384 1316 305.741971 0.039579 0.207573 57730 
847411200 12658 68026 10.748301 214 1369 1330 308.826671 0.040026 0.208234 58392 
848016000 12718 68648 10.795408 216 1362 1322 311.123919 0.040826 0.208259 58877 
848620800 12777 69135 10.821789 216 1357 1325 312.233701 0.041063 0.208602 59246 
849225600 12855 69961 10.884636 217 1345 1311 315.346247 0.042047 0.208964 59962 
849830400 12925 70833 10.960619 218 1332 1321 319.596286 0.042521 0.209357 60707 
850435200 13007 71783 11.037595 221 1328 1319 323.340970 0.042556 0.209408 61498 
851040000 13082 72633 11.104265 221 1314 1308 326.044030 0.043196 0.209749 62177 
851644800 13129 73211 11.152563 222 1305 1299 328.195141 0.043569 0.209788 62641 
852249600 13159 73490 11.169542 222 1297 1305 329.090964 0.043810 0.209810 62881 
852854400 13212 74163 11.226612 222 1284 1309 332.159703 0.045046 0.209805 63463 
853459200 13266 74877 11.288557 223 1275 1309 335.062717 0.045498 0.209878 64065 
854064000 13312 75369 11.323468 223 1268 1314 336.642428 0.045862 0.210141 64430 
854668800 13383 76087 11.370694 225 1265 1310 338.821490 0.046450 0.209926 64971 
855273600 13472 76948 11.423397 227 1268 1307 341.359412 0.046453 0.210052 65633 
855878400 13529 77725 11.490132 228 1261 1301 345.175253 0.047255 0.209280 66330 
856483200 13584 78376 11.539458 230 1265 1290 348.148115 0.047320 0.209145 66865 
857088000 13649 79102 11.590886 232 1256 1291 350.684446 0.047130 0.209560 67430 
857692800 13708 79835 11.647943 233 1244 1297 353.659177 0.047096 0.210190 68047 
858297600 13774 80625 11.706839 234 1246 1288 356.558589 0.047223 0.209903 68679 
858902400 13837 81347 11.757895 235 1245 1287 359.078702 0.047356 0.210011 69265 
859507200 13907 82186 11.819372 237 1236 1284 362.148271 0.047664 0.210199 69926 
860112000 13957 82757 11.858852 237 1237 1283 364.384467 0.047992 0.210494 70406 
860716800 14027 83582 11.917302 239 1230 1280 366.976545 0.048647 0.210281 71062 
861321600 14085 84261 11.964643 241 1230 1276 369.826624 0.048956 0.209956 71633 
861926400 14144 85089 12.031816 241 1227 1278 375.547370 0.047994 0.209638 72535 
862531200 14219 85827 12.072157 244 1227 1285 377.896617 0.048155 0.210036 73171 
863136000 14285 86606 12.125446 248 1221 1286 380.830662 0.048248 0.210024 73837 
863740800 14350 87315 12.169338 250 1215 1276 382.868153 0.048400 0.210051 74422 
864345600 14417 88127 12.225428 250 1208 1269 385.879309 0.048815 0.209791 75136 
864950400 14491 88944 12.275757 251 1213 1265 388.780070 0.049264 0.209499 75839 
865555200 14573 89855 12.331709 253 1201 1274 391.589240 0.049645 0.209925 76642 
866160000 14660 90844 12.393452 254 1202 1276 395.192906 0.049518 0.209721 77458 
866764800 14736 91689 12.444218 254 1204 1273 397.747150 0.050074 0.209077 78139 
867369600 14838 92805 12.509098 257 1205 1275 401.468931 0.049758 0.208755 79015 
867974400 14915 93825 12.581294 259 1204 1267 405.245055 0.049927 0.208233 79874 
868579200 14985 94765 12.647981 262 1196 1265 408.577377 0.049991 0.208115 80725 
869184000 15069 95556 12.682461 263 1200 1266 410.317208 0.050052 0.208069 81343 
869788800 15144 96611 12.758980 266 1196 1258 414.953381 0.050116 0.207381 82239 
870393600 15234 97883 12.850597 267 1182 1260 419.839044 0.050375 0.207209 83353 
870998400 15316 98888 12.913032 267 1178 1255 423.680857 0.051139 0.207004 84255 
871603200 15387 99753 12.965880 268 1171 1256 426.553064 0.051483 0.206700 84991 
872208000 15471 100698 13.017646 270 1174 1256 429.231336 0.051817 0.206548 85770 
872812800 15527 101196 13.034843 270 1175 1256 430.321633 0.051891 0.206642 86164 
873417600 15591 101827 13.062280 272 1173 1262 431.880187 0.051561 0.206429 86640 
874022400 15668 102783 13.120117 274 1173 1237 436.544932 0.050786 0.205965 87446 
874627200 15755 103853 13.183497 277 1175 1235 441.659537 0.050503 0.205437 88528 
875232000 15826 104597 13.218375 279 1181 1232 443.762416 0.050647 0.205458 89165 
875836800 15908 105439 13.256098 279 1183 1236 445.810410 0.050621 0.204960 89822 
876441600 15984 106224 13.291291 280 1180 1239 447.681557 0.050635 0.205200 90510 
877046400 16064 107096 13.333665 281 1179 1243 450.372883 0.051007 0.205364 91254 
877651200 16147 107991 13.375983 282 1190 1244 452.995603 0.051646 0.205038 92030 
878256000 16254 109069 13.420573 284 1195 1245 455.605882 0.052032 0.204342 92865 
878860800 16331 110094 13.482824 286 1200 1237 459.473762 0.052046 0.203980 93707 
879465600 16401 110967 13.531736 288 1192 1239 462.218035 0.052176 0.203580 94415 
880070400 16510 112149 13.585584 289 1199 1255 465.710721 0.052303 0.203516 95393 
880675200 16594 113049 13.625286 290 1188 1254 467.943715 0.052575 0.203379 96153 
881280000 16690 114339 13.701498 290 1193 1240 472.396046 0.052763 0.202720 97273 
881884800 16799 115640 13.767486 290 1210 1233 480.063932 0.051139 0.202374 98579 
882489600 16894 116670 13.812004 293 1205 1236 482.894164 0.051240 0.202404 99404 
883094400 16971 117760 13.877792 294 1196 1234 486.739732 0.051550 0.202440 100327 
883699200 17009 118290 13.909107 295 1192 1232 488.735963 0.051849 0.202381 100830 
884304000 17046 118906 13.951191 295 1187 1228 491.085181 0.051697 0.202395 101381 
884908800 17116 119900 14.010283 297 1174 1233 495.998130 0.050788 0.202259 102238 
885513600 17193 120802 14.052463 298 1166 1232 498.620136 0.050604 0.202322 102963 
886118400 17246 121504 14.090688 299 1158 1232 501.286327 0.050902 0.202324 103599 
886723200 17312 122388 14.139094 299 1147 1231 503.689117 0.051195 0.202150 104326 
887328000 17376 123364 14.199355 300 1147 1223 508.664825 0.050352 0.201820 105221 
887932800 17434 124070 14.233108 301 1146 1224 510.912470 0.050560 0.201793 105830 
888537600 17514 125133 14.289483 303 1141 1228 514.129040 0.050899 0.201381 106744 
889142400 17585 126095 14.341200 304 1142 1223 517.278590 0.051163 0.200798 107579 
889747200 17730 127201 14.348675 308 1205 1221 520.157812 0.049126 0.199542 108447 
890352000 17793 128146 14.404091 309 1200 1213 523.351093 0.049250 0.199144 109250 
890956800 17875 129156 14.451021 312 1204 1215 526.507860 0.049194 0.198614 110066 
891561600 17935 129943 14.490438 313 1207 1210 529.403401 0.049541 0.198365 110732 
892166400 17983 130548 14.519046 313 1207 1208 530.966468 0.049714 0.198042 111251 
892771200 18027 131277 14.564487 314 1202 1213 534.133688 0.050179 0.197772 111891 
893376000 18106 132198 14.602673 315 1192 1228 536.495085 0.050432 0.198157 112637 
893980800 18194 133192 14.641310 316 1197 1223 539.629658 0.050699 0.197845 113476 
894585600 18250 133819 14.665096 316 1190 1222 540.650849 0.050965 0.197635 113972 
895190400 18324 134742 14.706614 317 1183 1220 543.111875 0.050915 0.197605 114705 
895795200 18411 135782 14.750095 319 1176 1215 545.441095 0.051186 0.197224 115497 
896400000 18500 136816 14.790919 320 1179 1219 548.346378 0.050992 0.196933 116325 
897004800 18586 137821 14.830625 321 1181 1214 550.862477 0.051152 0.196572 117114 
897609600 18681 139134 14.895776 322 1180 1214 555.054976 0.051481 0.196140 118218 
898214400 18756 140055 14.934421 322 1185 1210 557.741096 0.051266 0.195783 118972 
898819200 18830 141169 14.994052 322 1175 1203 563.607966 0.050125 0.195282 119978 
899424000 18910 142154 15.034796 324 1166 1205 565.834691 0.050241 0.195112 120775 
900028800 19008 143426 15.091120 327 1167 1207 569.992214 0.050172 0.194760 121890 
900633600 19096 144584 15.142857 328 1164 1217 573.929305 0.050439 0.194842 122906 
901238400 19184 145714 15.191201 329 1165 1219 578.382193 0.050360 0.194723 123968 
901843200 19261 146650 15.227662 330 1162 1223 581.054359 0.050587 0.194631 124795 
902448000 19329 147394 15.251074 330 1160 1233 582.590305 0.050672 0.194641 125388 
903052800 19401 148410 15.299211 331 1157 1231 585.677233 0.050642 0.194426 126268 
903657600 19457 149132 15.329393 332 1156 1230 587.511333 0.050644 0.194225 126863 
904262400 19528 150051 15.367780 332 1156 1233 589.999181 0.050554 0.193882 127608 
904867200 19645 151601 15.434054 335 1163 1226 594.735963 0.050686 0.193567 128949 
905472000 19717 152398 15.458538 335 1161 1231 596.394380 0.050640 0.193459 129599 
906076800 19826 153787 15.513669 336 1157 1239 599.829315 0.050913 0.193143 130788 
906681600 19913 154963 15.564003 338 1149 1245 603.208959 0.051026 0.193045 131821 
907286400 20006 155992 15.594522 339 1152 1232 605.347296 0.051092 0.192863 132666 
907891200 20083 157355 15.670468 340 1144 1229 611.084001 0.051693 0.192612 134017 
908496000 20159 158250 15.700184 341 1146 1229 613.140830 0.051877 0.192292 134805 
909100800 20246 159228 15.729329 343 1156 1231 615.206757 0.051876 0.191919 135626 
909705600 20328 160278 15.769185 344 1162 1230 617.933983 0.052109 0.191455 136497 
910310400 20402 161385 15.820508 344 1158 1231 621.131458 0.052364 0.191084 137417 
910915200 20467 162402 15.869644 347 1160 1228 624.996336 0.052444 0.190844 138342 
911520000 20567 163708 15.919483 349 1166 1225 628.503039 0.052518 0.190323 139391 
912124800 20641 164871 15.975098 351 1159 1225 632.486507 0.052496 0.190280 140424 
912729600 20720 166001 16.023263 351 1151 1231 636.313031 0.052654 0.190415 141431 
913334400 20809 167442 16.093229 352 1147 1236 641.672834 0.052634 0.190074 142707 
913939200 20917 169159 16.174308 354 1141 1236 648.471291 0.051812 0.189809 144258 
914544000 20999 170385 16.227916 356 1146 1231 652.218677 0.052132 0.189151 145364 
915148800 21038 170882 16.245080 356 1144 1234 653.476946 0.052157 0.189184 145806 
915753600 21084 171728 16.289888 358 1139 1235 656.920414 0.052440 0.188988 146585 
916358400 21154 172825 16.339699 359 1136 1229 660.206769 0.052590 0.188704 147531 
916963200 21217 173728 16.376302 363 1137 1229 663.185087 0.052848 0.188755 148329 
917568000 21287 174673 16.411237 365 1128 1236 666.020952 0.053274 0.188992 149203 
918172800 21337 175365 16.437644 366 1127 1237 667.708019 0.053312 0.188649 149743 
918777600 21422 176707 16.497713 367 1119 1236 671.541033 0.053575 0.188541 150905 
919382400 21492 177629 16.529779 367 1123 1236 673.851852 0.053861 0.188337 151730 
919987200 21575 178674 16.563059 367 1129 1227 675.885145 0.054066 0.188212 152649 
920592000 21657 180001 16.622893 367 1133 1223 679.843746 0.054016 0.188029 153863 
921196800 21729 181082 16.667311 368 1131 1218 683.310783 0.053900 0.187805 154831 
921801600 21804 182261 16.718125 370 1135 1212 687.029352 0.054062 0.187447 155943 
922406400 21906 183946 16.794120 371 1142 1204 692.410572 0.054143 0.187058 157453 
923011200 21984 185197 16.848344 372 1145 1205 696.597434 0.054408 0.186990 158616 
923616000 22057 186550 16.915265 376 1141 1211 701.350410 0.054674 0.186602 159848 
924220800 22126 187451 16.943957 377 1142 1217 703.323782 0.054866 0.186537 160628 
924825600 22205 188773 17.002747 379 1137 1214 707.476785 0.054922 0.186216 161770 
925430400 22267 189774 17.045314 379 1137 1215 710.599183 0.054874 0.185949 162645 
926035200 22363 191205 17.100121 381 1146 1221 715.772034 0.054460 0.185638 163962 
926640000 22434 192401 17.152625 382 1145 1221 719.723545 0.054502 0.185508 165079 
927244800 22531 193892 17.211131 386 1147 1227 724.317784 0.054454 0.185049 166384 
927849600 22626 195417 17.273667 386 1145 1223 729.630867 0.054292 0.184634 167732 
928454400 22724 197324 17.367013 390 1136 1227 737.299419 0.054557 0.184249 169585 
929059200 22811 198845 17.434133 390 1136 1223 741.739512 0.054944 0.183768 170986 
929664000 22902 200482 17.507816 392 1130 1225 747.746922 0.054833 0.183354 172463 
930268800 22972 201607 17.552412 394 1138 1227 751.379331 0.054782 0.183014 173512 
930873600 23052 202921 17.605501 396 1138 1224 755.089190 0.054774 0.182682 174675 
931478400 23130 204064 17.644963 397 1147 1225 758.382361 0.054762 0.182394 175710 
932083200 23232 205445 17.686381 397 1149 1217 761.483557 0.054709 0.182124 176913 
932688000 23313 206707 17.733196 400 1149 1209 765.113113 0.054506 0.181630 178002 
933292800 23408 208264 17.794258 401 1145 1219 769.813910 0.054790 0.181407 179470 
933897600 23507 209658 17.837921 403 1149 1220 773.494448 0.054475 0.181450 180690 
934502400 23574 210792 17.883431 404 1147 1220 776.658268 0.054607 0.181446 181729 
935107200 23653 212156 17.939035 407 1147 1224 780.988458 0.054461 0.181067 182979 
935712000 23717 212992 17.961125 408 1151 1224 782.973310 0.054629 0.180778 183733 
936316800 23803 214584 18.029996 410 1143 1224 788.521615 0.054615 0.180550 185208 
936921600 23880 215947 18.086013 411 1133 1224 792.662144 0.054715 0.180580 186418 
937526400 23983 217526 18.140016 412 1129 1228 796.809323 0.055003 0.180301 187837 
938131200 24069 219091 18.205243 413 1125 1218 801.355021 0.054894 0.179850 189216 
938736000 24153 220177 18.231855 414 1129 1221 803.431209 0.054924 0.179630 190175 
939340800 24230 221691 18.298886 418 1133 1213 809.173834 0.054831 0.179381 191601 
939945600 24314 222930 18.337583 418 1142 1212 812.386280 0.054687 0.179289 192745 
940550400 24403 224143 18.370118 418 1141 1216 815.121993 0.054609 0.179164 193799 
941155200 24504 225537 18.408178 420 1141 1219 818.014691 0.054737 0.179273 195092 
941760000 24575 226981 18.472513 423 1135 1225 823.316378 0.054810 0.179247 196464 
942364800 24652 228755 18.558738 424 1129 1231 830.789388 0.054721 0.178830 198182 
942969600 24731 230205 18.616716 425 1121 1231 835.521572 0.054859 0.178772 199481 
943574400 24827 231833 18.675877 429 1126 1221 840.187135 0.055208 0.178319 200979 
944179200 24904 232870 18.701413 431 1126 1225 842.213701 0.055236 0.178117 201897 
944784000 24967 233896 18.736412 431 1128 1215 844.979052 0.055251 0.177937 202815 
945388800 25072 235770 18.807435 433 1128 1212 851.541401 0.055327 0.177570 204585 
945993600 25179 237560 18.869693 435 1131 1202 856.453553 0.055268 0.176961 206161 
946598400 25229 238299 18.890880 435 1129 1203 858.108130 0.055332 0.176830 206790 
947203200 25285 239168 18.917777 435 1129 1201 860.257069 0.055261 0.176779 207581 
947808000 25356 240446 18.965610 437 1123 1203 864.382868 0.055215 0.176621 208776 
948412800 25452 241861 19.005265 437 1118 1198 867.931400 0.055255 0.176527 209986 
949017600 25523 242843 19.029346 439 1113 1198 869.875798 0.055349 0.176858 210831 
949622400 25614 244636 19.101741 440 1101 1211 875.774264 0.055562 0.176581 212511 
950227200 25697 245843 19.133985 440 1107 1214 878.120092 0.055676 0.176334 213595 
950832000 25770 247221 19.186729 441 1105 1212 882.500427 0.055753 0.176153 214883 
951436800 25838 248679 19.249090 444 1111 1199 888.041489 0.055724 0.175709 216350 
952041600 25904 249641 19.274321 445 1114 1200 890.049645 0.055832 0.175464 217163 
952646400 25976 251072 19.331075 448 1115 1199 896.349784 0.055705 0.175148 218596 
953251200 26060 252941 19.412203 454 1111 1203 906.825096 0.054442 0.175009 220620 
953856000 26130 254501 19.479602 457 1108 1201 913.077995 0.054274 0.174725 222074 
954460800 26198 255533 19.507825 459 1109 1197 915.882128 0.054338 0.174656 223069 
955065600 26283 257121 19.565575 461 1095 1204 920.258266 0.054322 0.174758 224490 
955670400 26355 258258 19.598406 462 1098 1201 922.752115 0.054314 0.174432 225499 
956275200 26422 259380 19.633639 463 1092 1206 925.618121 0.054191 0.174401 226486 
956880000 26484 260354 19.661229 464 1094 1206 927.843679 0.054214 0.174197 227358 
957484800 26541 261577 19.711164 465 1098 1203 934.948419 0.054363 0.174051 228784 
958089600 26613 263105 19.772667 467 1099 1196 940.939240 0.054361 0.173680 230255 
958694400 26702 264612 19.819639 467 1100 1203 945.072654 0.054443 0.173455 231610 
959299200 26766 265951 19.872301 469 1097 1206 949.240230 0.054502 0.173194 232827 
959904000 26854 267394 19.914650 471 1100 1203 953.030833 0.054511 0.172956 234107 
960508800 26916 268594 19.957943 472 1101 1197 957.038193 0.054459 0.172754 235233 
961113600 27020 270406 20.015248 472 1103 1199 962.685936 0.054538 0.172556 236942 
961718400 27105 271695 20.047593 472 1102 1200 965.500609 0.054578 0.172543 238087 
962323200 27185 272918 20.078573 473 1103 1198 967.966231 0.054795 0.172234 239158 
962928000 27257 274209 20.120263 474 1099 1202 971.328686 0.054826 0.172092 240342 
963532800 27340 275600 20.160936 474 1095 1203 974.799415 0.054759 0.171931 241598 
964137600 27434 277513 20.231319 477 1094 1199 981.449005 0.054817 0.171681 243399 
964742400 27529 279298 20.291184 480 1092 1200 986.317047 0.054877 0.171415 245052 
965347200 27609 280753 20.337788 481 1094 1200 990.034264 0.054921 0.171224 246368 
965952000 27675 281970 20.377236 484 1090 1195 993.331527 0.054821 0.170906 247428 
966556800 27762 283455 20.420359 486 1081 1204 997.084000 0.054830 0.170959 248748 
967161600 27843 284696 20.450095 486 1083 1201 999.563840 0.055031 0.170837 249888 
967766400 27908 285940 20.491615 486 1085 1191 1003.232621 0.055180 0.170592 251039 
968371200 27997 287215 20.517555 488 1085 1192 1005.752045 0.055163 0.170335 252144 
968976000 28081 288503 20.547915 490 1084 1191 1008.549482 0.055178 0.170355 253274 
969580800 28165 289762 20.576034 490 1083 1187 1011.119546 0.055272 0.170288 254393 
970185600 28239 290873 20.600800 492 1079 1195 1013.329367 0.055336 0.170276 255370 
970790400 28309 292184 20.642481 494 1076 1202 1016.963015 0.055291 0.170178 256561 
971395200 28390 293407 20.669743 495 1080 1196 1019.444382 0.055474 0.170104 257672 
972000000 28493 295085 20.712807 498 1078 1200 1023.990313 0.055615 0.169968 259203 
972604800 28571 296212 20.735151 498 1073 1199 1025.798957 0.055657 0.170074 260169 
973209600 28657 297809 20.784381 500 1071 1201 1031.322330 0.055621 0.169976 261691 
973814400 28751 299346 20.823345 500 1067 1199 1035.017704 0.055645 0.169920 263029 
974419200 28823 300430 20.846546 501 1066 1203 1037.006904 0.055684 0.169874 263953 
975024000 28907 302044 20.897637 501 1064 1206 1041.580171 0.055867 0.169551 265438 
975628800 29017 304279 20.972464 503 1063 1210 1048.651618 0.055774 0.169037 267512 
976233600 29110 305844 21.012985 503 1063 1212 1052.185022 0.055738 0.168924 268864 
976838400 29201 307364 21.051608 504 1056 1215 1055.437280 0.055941 0.169032 270213 
977443200 29322 309296 21.096515 505 1055 1215 1059.430462 0.055934 0.168965 271987 
978048000 29386 310308 21.119445 506 1059 1215 1061.670319 0.055915 0.168758 272896 
978652800 29444 311274 21.143459 507 1062 1216 1063.920935 0.055955 0.168643 273771 
979257600 29518 312880 21.199268 508 1059 1217 1069.157870 0.055735 0.168399 275271 
979862400 29603 314228 21.229470 510 1059 1214 1071.767051 0.055773 0.168278 276485 
980467200 29685 315784 21.275661 512 1056 1217 1076.686273 0.055744 0.168064 277941 
981072000 29759 317616 21.345879 513 1054 1212 1087.138345 0.054447 0.167722 279904 
981676800 29865 319606 21.403382 516 1064 1203 1092.263988 0.054389 0.167315 281674 
982281600 29961 321476 21.459631 517 1064 1199 1097.568372 0.054294 0.166967 283431 
982886400 30045 323038 21.503611 521 1058 1201 1101.534165 0.054310 0.166715 284892 
983491200 30135 324667 21.547503 521 1052 1207 1105.243537 0.054319 0.166693 286352 
984096000 30203 326274 21.605403 523 1048 1204 1110.424196 0.054176 0.166461 287861 
984700800 30290 328086 21.662991 524 1047 1197 1115.317531 0.054265 0.166159 289536 
985305600 30351 329409 21.706632 524 1047 1188 1118.984745 0.054278 0.165839 290713 
985910400 30436 330974 21.748850 524 1050 1191 1122.912538 0.054267 0.165490 292123 
986515200 30523 332603 21.793598 527 1051 1187 1127.054418 0.054317 0.165200 293611 
987120000 30592 333979 21.834401 527 1053 1185 1130.857152 0.054216 0.164879 294869 
987724800 30664 335291 21.868706 527 1058 1177 1134.027981 0.054214 0.164684 296046 
988329600 30749 337233 21.934567 530 1054 1179 1140.111483 0.054200 0.164531 297933 
988934400 30816 338652 21.978972 531 1054 1179 1144.373897 0.054203 0.164304 299250 
989539200 30877 339794 22.009522 533 1057 1175 1147.188522 0.054164 0.163958 300316 
990144000 30964 341551 22.061168 535 1056 1180 1152.369784 0.053895 0.163734 301917 
990748800 31050 343073 22.098100 540 1061 1178 1155.984992 0.053818 0.163469 303294 
991353600 31145 344920 22.149302 542 1058 1183 1160.805715 0.053734 0.163312 304995 
991958400 31227 346601 22.198802 542 1058 1184 1166.224934 0.053803 0.163164 306672 
992563200 31305 348127 22.240984 542 1058 1183 1170.124006 0.053825 0.163121 308136 
993168000 31399 349968 22.291665 544 1061 1178 1175.042135 0.053924 0.162827 309782 
993772800 31494 352015 22.354417 546 1055 1182 1181.578586 0.053897 0.162566 311770 
994377600 31566 353528 22.399290 548 1052 1182 1185.471710 0.053927 0.162383 313194 
994982400 31652 355352 22.453684 548 1045 1193 1190.231771 0.053828 0.162321 314851 
995587200 31729 356847 22.493429 549 1047 1188 1193.747865 0.053858 0.162139 316237 
996192000 31795 358125 22.527127 550 1046 1190 1197.190124 0.053825 0.162127 317410 
996796800 31873 359600 22.564553 551 1050 1189 1201.153076 0.054059 0.161770 318787 
997401600 31937 360941 22.603313 552 1047 1191 1204.581019 0.054076 0.161661 320012 
998006400 31982 362120 22.645238 553 1043 1186 1208.168470 0.054144 0.161449 321116 
998611200 32045 363621 22.694399 555 1037 1187 1212.671993 0.054183 0.161373 322544 
999216000 32108 365258 22.751838 557 1035 1185 1218.354367 0.054262 0.161294 324181 
999820800 32177 366512 22.780993 559 1039 1188 1221.628741 0.054226 0.161214 325415 
1000425600 32242 368116 22.834564 559 1038 1184 1226.886856 0.054242 0.161012 326974 
1001030400 32313 369566 22.874137 561 1041 1185 1230.958252 0.054045 0.160832 328378 
1001635200 32395 371166 22.915018 563 1041 1184 1235.236055 0.054084 0.160602 329868 
1002240000 32489 372844 22.952015 563 1035 1188 1238.628336 0.054070 0.160463 331365 
1002844800 32572 374630 23.003193 568 1033 1187 1243.612182 0.054058 0.160220 333010 
1003449600 32675 376831 23.065402 568 1032 1179 1250.040643 0.053935 0.159935 335084 
1004054400 32756 378579 23.115093 570 1031 1181 1255.220540 0.053787 0.159785 336767 
1004659200 32852 380180 23.145014 571 1030 1186 1258.361500 0.053681 0.159788 338240 
1005264000 32934 382019 23.199065 574 1025 1189 1263.856379 0.053672 0.159703 339997 
1005868800 33028 383985 23.252089 575 1021 1182 1269.438719 0.053691 0.159488 341904 
1006473600 33124 385720 23.289458 578 1025 1176 1273.219961 0.053591 0.159384 343527 
1007078400 33256 387916 23.329083 581 1025 1180 1277.428434 0.053664 0.159382 345530 
1007683200 33382 390092 23.371398 581 1021 1189 1281.907315 0.053744 0.159562 347514 
1008288000 33467 392162 23.435743 583 1019 1189 1288.169062 0.053691 0.159288 349445 
1008892800 33564 394096 23.483256 584 1019 1184 1292.577583 0.053753 0.159037 351201 
1009497600 33619 395338 23.518725 584 1022 1180 1296.220887 0.053737 0.158812 352377 
1010102400 33651 396067 23.539687 584 1025 1177 1298.488663 0.053689 0.158721 353046 
1010707200 33723 397820 23.593393 586 1027 1180 1309.298402 0.053524 0.158647 355251 
1011312000 33805 399784 23.652359 586 1027 1180 1315.732643 0.053477 0.158400 357145 
1011916800 33877 401417 23.698498 588 1030 1178 1320.683768 0.053513 0.158119 358682 
1012521600 33956 403294 23.753917 589 1029 1175 1326.266286 0.053513 0.157710 360410 
1013126400 34030 405231 23.816103 591 1026 1176 1333.884396 0.053681 0.157427 362420 
1013731200 34095 406907 23.869013 593 1026 1178 1340.671887 0.053438 0.157227 364095 
1014336000 34161 408257 23.901935 594 1027 1169 1343.726003 0.053547 0.156959 365329 
1014940800 34235 410058 23.955484 597 1017 1169 1348.805141 0.053626 0.156838 367017 
1015545600 34315 411851 24.004138 598 1022 1168 1354.886784 0.053346 0.156596 368740 
1016150400 34343 412365 24.014501 598 1022 1168 1355.920042 0.053327 0.156537 369178 
