747411840 0 0 0.000000 0 0 0 0.000000 0.000000 0.000000 0 
748016640 2349 3826 3.257556 65 1024 470 29.362282 -0.146453 0.081767 640 
748621440 2449 4024 3.286239 72 1082 475 31.660269 -0.155520 0.081485 672 
749226240 2470 4071 3.296356 72 1089 472 31.766802 -0.154529 0.083011 682 
749831040 2511 4157 3.311031 73 1094 482 31.972123 -0.149834 0.085382 695 
750435840 2563 4229 3.300039 73 1111 502 31.763558 -0.147574 0.086801 702 
751040640 2626 4356 3.317593 73 1134 509 32.039604 -0.145214 0.087051 726 
751645440 2676 4467 3.338565 73 1148 511 32.441704 -0.145594 0.087508 739 
752250240 2729 4689 3.436424 74 1142 514 34.619274 -0.143950 0.090080 789 
752855040 2779 4836 3.480389 75 1141 528 35.181000 -0.142363 0.093578 827 
753459840 2847 5037 3.538462 77 1153 542 36.484018 -0.133198 0.092866 865 
754064640 2906 5242 3.607708 78 1149 548 37.671714 -0.131609 0.095520 909 
754669440 2944 5332 3.622283 78 1159 556 37.914402 -0.128495 0.094548 929 
755274240 2994 5505 3.677355 78 1162 559 38.820307 -0.124172 0.094342 968 
755879040 3039 5639 3.711089 80 1173 561 39.767029 -0.116725 0.093652 1008 
756483840 3086 5802 3.760207 80 1169 569 40.430331 -0.115067 0.096448 1045 
757088640 3108 5854 3.767053 80 1169 579 40.465251 -0.113640 0.096967 1052 
757693440 3133 5937 3.789978 81 1169 580 40.942228 -0.110849 0.096949 1071 
758298240 3170 6058 3.822082 81 1171 587 41.505994 -0.107888 0.097820 1099 
758903040 3235 6233 3.853478 81 1197 592 42.349304 -0.109797 0.098398 1137 
759507840 3303 6391 3.869815 82 1221 598 42.894944 -0.109703 0.098328 1158 
760112640 3337 6471 3.878334 82 1222 608 42.880432 -0.108011 0.099464 1170 
760717440 3400 6651 3.912353 84 1237 621 43.522941 -0.106023 0.097241 1204 
761322240 3459 6879 3.977450 85 1233 647 45.141370 -0.099331 0.099061 1268 
761927040 3511 7100 4.044432 85 1230 660 46.764455 -0.097162 0.099994 1327 
762531840 3546 7235 4.080654 86 1234 660 47.419628 -0.095606 0.098755 1352 
763136640 3622 7402 4.087245 87 1263 676 47.466593 -0.094191 0.098528 1375 
763741440 3701 7595 4.104296 87 1289 688 47.646042 -0.092784 0.098634 1410 
764346240 3749 7768 4.144038 87 1284 701 48.447586 -0.090057 0.098322 1447 
764951040 3826 7990 4.176686 87 1295 727 49.297961 -0.089661 0.100378 1502 
765555840 3871 8184 4.228365 88 1295 735 50.345647 -0.088069 0.100244 1548 
766160640 3903 8298 4.252114 88 1289 743 50.651806 -0.086965 0.101609 1577 
766765440 3944 8481 4.300710 88 1289 747 51.962982 -0.082345 0.103098 1632 
767370240 3996 8632 4.320320 88 1297 762 52.299299 -0.080780 0.102766 1657 
767975040 4030 8770 4.352357 90 1297 762 52.902233 -0.079305 0.103052 1689 
768579840 4086 9001 4.405776 90 1290 781 53.803231 -0.077031 0.102411 1741 
769184640 4170 9219 4.421583 91 1323 778 54.066667 -0.072913 0.101807 1774 
769789440 4256 9526 4.476504 93 1336 785 55.256579 -0.072268 0.102756 1838 
770394240 4330 9741 4.499307 94 1356 791 55.675751 -0.069825 0.101878 1882 
770999040 4382 9990 4.559562 94 1343 797 56.948882 -0.069118 0.102284 1953 
771603840 4452 10319 4.635669 95 1336 808 58.521114 -0.067377 0.101709 2037 
772208640 4504 10510 4.666963 95 1331 823 59.062611 -0.065968 0.103785 2094 
772813440 4569 10817 4.734953 96 1325 838 60.401838 -0.064924 0.105803 2215 
773418240 4634 11083 4.783341 96 1329 840 61.429866 -0.063507 0.107385 2312 
774023040 4684 11322 4.834330 97 1332 839 62.377455 -0.061755 0.108770 2403 
774627840 4740 11519 4.860338 97 1335 851 62.775527 -0.059850 0.108774 2458 
775232640 4827 11793 4.886265 97 1367 863 64.484359 -0.066501 0.109801 2552 
775837440 4871 11971 4.915212 97 1367 862 64.895504 -0.064702 0.111948 2617 
776442240 4926 12136 4.927324 98 1378 863 65.096630 -0.063096 0.111986 2671 
777047040 4976 12296 4.942122 99 1381 874 65.327170 -0.061439 0.113316 2725 
777651840 5044 12624 5.005551 101 1378 886 66.735131 -0.057946 0.115080 2850 
778256640 5085 12772 5.023402 102 1380 895 67.362832 -0.057732 0.116359 2904 
778861440 5152 13011 5.050854 103 1384 910 67.891693 -0.055558 0.117973 2972 
779466240 5207 13240 5.085462 103 1384 908 68.482428 -0.054246 0.119486 3053 
780071040 5275 13549 5.137062 103 1390 905 69.593555 -0.052782 0.121006 3165 
780675840 5355 13841 5.169374 103 1405 917 70.526984 -0.051763 0.120911 3257 
781280640 5406 14055 5.199778 103 1394 926 71.078061 -0.050193 0.123585 3329 
781885440 5461 14299 5.236770 105 1393 943 72.058964 -0.048278 0.125330 3426 
782490240 5514 14601 5.295974 105 1385 953 73.668480 -0.045830 0.126503 3571 
783095040 5575 14880 5.338117 106 1389 963 74.816502 -0.043631 0.126760 3691 
783699840 5644 15122 5.358611 106 1404 966 75.301559 -0.042377 0.126815 3777 
784304640 5684 15312 5.387755 106 1402 977 75.998593 -0.042486 0.126762 3849 
784909440 5748 15634 5.439805 108 1398 980 77.082116 -0.041122 0.127397 3976 
785514240 5813 15935 5.482539 109 1408 974 78.208154 -0.039923 0.128652 4092 
786119040 5896 16330 5.539349 109 1417 985 80.029512 -0.039905 0.129334 4234 
786723840 5970 16643 5.575544 111 1407 1004 80.774204 -0.036882 0.131238 4346 
787328640 6007 16823 5.601132 112 1401 1005 81.268187 -0.036369 0.132128 4424 
787933440 6055 17044 5.629727 112 1395 1017 81.840793 -0.035608 0.133627 4511 
788538240 6095 17247 5.659393 112 1389 1023 82.466940 -0.034723 0.134441 4601 
789143040 6130 17429 5.686460 113 1388 1030 83.099184 -0.033567 0.135151 4681 
789747840 6191 17663 5.706025 113 1397 1027 83.738007 -0.033880 0.135085 4758 
790352640 6279 18019 5.739449 114 1417 1030 84.693423 -0.033504 0.135094 4880 
790957440 6335 18352 5.793844 115 1423 1025 86.495975 -0.032981 0.134678 5011 
791562240 6399 18644 5.827160 115 1440 1023 87.420222 -0.031742 0.134373 5122 
792167040 6456 18907 5.857187 117 1439 1043 88.296778 -0.030966 0.135044 5224 
792771840 6515 19277 5.917728 118 1432 1058 89.920491 -0.028748 0.135503 5384 
793376640 6584 19690 5.981166 118 1426 1058 91.441677 -0.027414 0.135405 5551 
793981440 6639 20021 6.031330 119 1429 1065 93.147161 -0.028475 0.134565 5662 
794586240 6699 20468 6.110763 122 1412 1084 95.153008 -0.027485 0.134215 5836 
795191040 6791 20977 6.177882 123 1414 1086 96.831394 -0.025523 0.133927 6050 
795795840 6868 21458 6.248690 123 1407 1086 98.591147 -0.025184 0.134152 6245 
796400640 6933 21874 6.310111 125 1401 1100 100.536564 -0.023269 0.135746 6446 
797005440 7016 22310 6.359749 126 1416 1103 102.322121 -0.021663 0.135945 6661 
797610240 7090 22737 6.413822 127 1413 1106 103.940762 -0.020684 0.137920 6854 
798215040 7136 23071 6.466087 128 1421 1099 106.052410 -0.021941 0.137939 7034 
798819840 7228 23541 6.513835 131 1437 1110 107.884339 -0.022459 0.139346 7263 
799424640 7291 23860 6.545056 131 1448 1098 108.612810 -0.021318 0.138729 7407 
800029440 7362 24295 6.600109 132 1450 1094 110.059223 -0.019749 0.139294 7623 
800634240 7421 24613 6.633338 132 1446 1111 111.014688 -0.018972 0.140255 7769 
801239040 7474 25008 6.691999 133 1430 1115 112.940862 -0.018189 0.140996 7967 
801843840 7522 25367 6.744749 135 1416 1107 114.219357 -0.017497 0.141834 8155 
802448640 7610 25881 6.801840 136 1417 1124 115.800788 -0.016449 0.143387 8429 
803053440 7670 26267 6.849283 137 1405 1129 117.029726 -0.015234 0.144875 8636 
803658240 7724 26599 6.887364 138 1401 1137 118.070171 -0.014608 0.146383 8801 
804263040 7811 27115 6.942773 139 1401 1153 120.741774 -0.013361 0.148295 9067 
804867840 7881 27579 6.998858 141 1392 1151 122.315442 -0.012768 0.148997 9307 
805472640 7954 28092 7.063616 142 1389 1148 124.218758 -0.012132 0.148671 9568 
806077440 8007 28447 7.105533 142 1389 1147 125.416760 -0.011801 0.148998 9744 
806682240 8089 29107 7.196687 142 1376 1142 128.314501 -0.011800 0.150724 10100 
807287040 8163 29575 7.246110 143 1375 1144 129.931153 -0.010922 0.150541 10337 
807891840 8228 30147 7.327905 145 1366 1146 132.787312 -0.011598 0.151092 10660 
808496640 8266 30424 7.361239 145 1364 1151 133.834503 -0.010828 0.151443 10805 
809101440 8322 30846 7.413122 145 1355 1162 135.542658 -0.010689 0.153149 11041 
809706240 8372 31190 7.451027 148 1349 1168 136.960583 -0.009256 0.153944 11237 
810311040 8418 31511 7.486576 148 1343 1160 137.819435 -0.008495 0.154641 11404 
810915840 8474 31817 7.509323 148 1348 1166 138.459523 -0.007474 0.154239 11549 
811520640 8533 32212 7.549982 148 1345 1168 139.950311 -0.007812 0.154591 11755 
812125440 8610 32677 7.590476 148 1347 1176 141.323577 -0.007065 0.154788 11975 
812730240 8669 33092 7.634560 149 1348 1169 142.937132 -0.006621 0.155321 12194 
813335040 8716 33396 7.663148 149 1352 1165 144.069757 -0.005690 0.155505 12335 
813939840 8795 33987 7.728709 150 1354 1172 146.609892 -0.004767 0.155504 12673 
814544640 8853 34462 7.785383 152 1351 1167 148.740992 -0.004347 0.155536 12917 
815149440 8924 35044 7.853877 153 1344 1166 151.088301 -0.003575 0.155472 13216 
815754240 8999 35544 7.899544 153 1350 1167 152.623180 -0.003319 0.154887 13461 
816359040 9058 35972 7.942592 154 1346 1170 154.018106 -0.002987 0.155117 13679 
816963840 9132 36566 8.008322 154 1337 1178 155.953351 -0.002023 0.155513 13983 
817568640 9191 37069 8.066369 155 1334 1181 158.871070 -0.001145 0.155513 14273 
818173440 9274 37774 8.146215 156 1342 1169 161.951909 -0.001103 0.155127 14670 
818778240 9325 38134 8.178874 156 1332 1178 162.890938 -0.000462 0.155627 14863 
819383040 9416 38855 8.252974 179 1335 1192 168.442226 -0.004598 0.155797 15294 
819987840 9500 39532 8.322526 181 1339 1191 171.115789 -0.003251 0.155647 15672 
820592640 9531 39755 8.342252 181 1346 1193 171.914594 -0.002607 0.155177 15794 
821197440 9561 40184 8.405815 182 1338 1184 176.576718 -0.006470 0.155695 16103 
821802240 9608 40476 8.425479 182 1334 1189 177.311823 -0.006297 0.156102 16260 
822407040 9647 40850 8.468954 182 1319 1190 178.703638 -0.006055 0.157083 16489 
823011840 9708 41429 8.535023 183 1304 1193 180.743304 -0.005410 0.157752 16836 
823616640 9773 42054 8.606160 183 1301 1182 183.708790 -0.006077 0.158718 17229 
824221440 9841 42763 8.690783 185 1300 1180 187.628900 -0.005726 0.158902 17677 
824826240 9907 43331 8.747552 187 1302 1180 189.665489 -0.005446 0.158732 18010 
825431040 9979 43994 8.817316 188 1291 1192 192.566991 -0.005300 0.159550 18410 
826035840 10047 44592 8.876680 188 1293 1187 196.774361 -0.005575 0.159624 18819 
826640640 10133 45054 8.892529 189 1319 1191 197.753873 -0.005728 0.159433 19081 
827245440 10206 45746 8.964531 192 1306 1187 200.651186 -0.004795 0.160374 19543 
827850240 10277 46441 9.037852 192 1305 1181 205.104992 -0.003605 0.161244 20037 
828455040 10331 46984 9.095731 192 1292 1179 207.216533 -0.003099 0.161495 20380 
829059840 10388 47416 9.128995 193 1290 1192 208.473816 -0.002706 0.161081 20628 
829664640 10460 48022 9.182027 195 1279 1199 210.556023 -0.002523 0.161585 20988 
830269440 10522 48632 9.243870 199 1267 1201 213.979091 -0.002216 0.162386 21367 
830874240 10592 49211 9.292107 203 1274 1201 216.575906 -0.001330 0.162701 21733 
831479040 10648 49654 9.326446 205 1276 1205 217.851991 -0.001081 0.163672 22009 
832083840 10719 50149 9.357030 205 1278 1214 219.051031 -0.000504 0.164481 22311 
832688640 10803 50868 9.417384 206 1277 1213 222.204943 -0.000776 0.164968 22759 
833293440 10856 51289 9.448968 207 1273 1214 223.434414 0.000048 0.165779 23024 
833898240 10931 51953 9.505626 207 1271 1218 226.191016 0.001415 0.165615 23436 
834503040 11009 52618 9.559088 211 1272 1213 228.461986 0.001970 0.165225 23845 
835107840 11074 53233 9.614051 211 1267 1212 231.846126 0.002840 0.165493 24271 
835712640 11155 54023 9.685881 212 1265 1214 235.211116 0.002769 0.165778 24813 
836317440 11243 54738 9.737259 212 1275 1210 237.115361 0.003602 0.165931 25275 
836922240 11297 55144 9.762592 213 1279 1199 238.212977 0.003879 0.166431 25521 
837527040 11361 55723 9.809524 213 1269 1202 239.820790 0.004396 0.166644 25875 
838131840 11436 56301 9.846275 214 1271 1203 241.326688 0.004836 0.166938 26239 
838736640 11510 56983 9.901477 214 1263 1212 243.489140 0.005495 0.167539 26655 
839341440 11569 57653 9.966808 217 1249 1209 246.164751 0.005267 0.167793 27076 
839946240 11650 58218 9.994506 217 1257 1210 247.268326 0.005626 0.167639 27432 
840551040 11723 58835 10.037533 218 1250 1207 248.900452 0.006112 0.167829 27819 
841155840 11806 59479 10.076063 218 1256 1205 250.389124 0.006277 0.167549 28209 
841760640 11885 60042 10.103828 218 1257 1206 251.544636 0.006566 0.167937 28561 
842365440 11955 60776 10.167461 218 1251 1206 253.830698 0.006995 0.168139 29026 
842970240 12039 61568 10.228092 220 1256 1200 256.785613 0.007379 0.168197 29539 
843575040 12114 62342 10.292554 221 1246 1200 259.435529 0.007484 0.168709 30017 
844179840 12205 63243 10.363458 221 1236 1207 262.269562 0.008090 0.168876 30599 
844784640 12300 64203 10.439512 221 1231 1210 265.848618 0.008590 0.168560 31234 
845389440 12377 65052 10.511756 222 1223 1210 269.082976 0.008903 0.168748 31789 
845994240 12460 65781 10.558748 223 1218 1208 270.995987 0.009203 0.169417 32280 
846599040 12554 66962 10.667835 227 1215 1200 277.733312 0.009045 0.169274 33120 
847203840 12626 67625 10.712023 227 1214 1202 279.655631 0.009809 0.169513 33557 
847808640 12697 68420 10.777349 228 1200 1195 282.503899 0.010107 0.170165 34099 
848413440 12754 68948 10.811981 230 1200 1195 283.848048 0.010423 0.170144 34461 
849018240 12823 69612 10.857366 230 1195 1197 285.643297 0.010640 0.170604 34941 
849623040 12897 70425 10.921144 231 1187 1202 288.762658 0.010766 0.170887 35534 
850227840 12971 71378 11.005782 232 1177 1199 292.985892 0.011335 0.171239 36225 
850832640 13046 72232 11.073432 232 1176 1183 296.039092 0.011773 0.171117 36800 
851437440 13118 73112 11.146821 232 1166 1176 299.162220 0.012000 0.171036 37427 
852042240 13151 73449 11.170101 233 1157 1177 300.104631 0.012019 0.171210 37653 
852647040 13194 73991 11.215856 236 1151 1179 302.476429 0.012400 0.171324 38062 
853251840 13244 74547 11.257475 238 1148 1177 304.473422 0.012727 0.171166 38465 
853856640 13291 75121 11.304040 239 1142 1175 306.600105 0.012672 0.171148 38863 
854461440 13353 75777 11.349809 239 1145 1170 308.567064 0.012725 0.170991 39310 
855066240 13436 76702 11.417386 239 1136 1182 311.892081 0.013303 0.170880 39934 
855671040 13499 77332 11.457441 239 1138 1183 314.181939 0.013558 0.170906 40393 
856275840 13557 78021 11.510069 240 1129 1187 316.355241 0.013957 0.171157 40856 
856880640 13627 78828 11.569384 243 1129 1182 320.189330 0.014492 0.171192 41429 
857485440 13674 79422 11.616498 244 1119 1186 322.463069 0.014617 0.171567 41844 
858090240 13751 80383 11.691222 246 1116 1194 326.500473 0.015588 0.172109 42565 
858695040 13815 81131 11.745349 246 1110 1199 329.073760 0.016008 0.171814 43095 
859299840 13876 81708 11.776881 246 1108 1203 330.558086 0.016192 0.172133 43490 
859904640 13937 82512 11.840712 247 1103 1204 333.742843 0.016330 0.171976 44075 
860509440 13993 83191 11.890374 251 1101 1197 336.347317 0.016158 0.171736 44532 
861114240 14064 83948 11.937998 251 1099 1193 338.367036 0.016903 0.171823 45094 
861719040 14116 84807 12.015727 252 1093 1187 344.609096 0.014802 0.172231 45774 
862323840 14180 85383 12.042736 252 1098 1188 345.853738 0.015134 0.172114 46171 
862928640 14256 86247 12.099747 252 1094 1194 348.874439 0.015426 0.172248 46776 
863533440 14320 87008 12.151955 254 1090 1193 351.558520 0.015725 0.172283 47304 
864138240 14384 87788 12.206340 255 1083 1192 354.217047 0.015973 0.172162 47861 
864743040 14459 88622 12.258386 255 1074 1188 356.987758 0.015602 0.172203 48456 
865347840 14536 89478 12.311227 255 1068 1188 359.567832 0.015693 0.172432 49041 
865952640 14630 90467 12.367327 255 1070 1181 362.930964 0.015953 0.172543 49731 
866557440 14699 91355 12.430097 256 1054 1182 365.954147 0.016493 0.172749 50315 
867162240 14804 92428 12.486895 259 1049 1184 368.641448 0.016722 0.173212 51075 
867767040 14884 93327 12.540580 261 1045 1186 371.324106 0.017050 0.173137 51725 
868371840 14954 94392 12.624315 261 1032 1183 375.097499 0.017611 0.172780 52474 
868976640 15029 95221 12.671635 265 1017 1193 377.336882 0.017853 0.172756 53039 
869581440 15110 96075 12.716744 266 1022 1186 379.502052 0.018050 0.172240 53627 
870186240 15194 97349 12.814137 267 1018 1177 384.916809 0.018317 0.171997 54601 
870791040 15278 98453 12.888205 267 1017 1172 389.164550 0.018571 0.171831 55408 
871395840 15354 99237 12.926534 267 1012 1167 391.045851 0.019230 0.171583 55922 
872000640 15440 100419 13.007642 269 1011 1164 395.247539 0.019150 0.171150 56803 
872605440 15507 101043 13.031921 269 1012 1172 396.521958 0.019260 0.171117 57257 
873210240 15564 101471 13.039193 269 1013 1181 396.968517 0.019469 0.171122 57542 
873815040 15642 102335 13.084644 270 1015 1178 399.147551 0.019813 0.171057 58156 
874419840 15715 103444 13.165002 271 1010 1167 406.422908 0.017724 0.170631 59050 
875024640 15788 104192 13.198885 271 1018 1161 408.115784 0.018017 0.170166 59561 
875629440 15874 105080 13.239259 272 1017 1167 410.233967 0.018180 0.170365 60171 
876234240 15945 105798 13.270367 273 1018 1166 411.683913 0.018569 0.170352 60697 
876839040 16026 106716 13.317858 273 1015 1163 414.136279 0.018760 0.170546 61376 
877443840 16110 107522 13.348479 273 1016 1162 415.955059 0.018896 0.170657 61925 
878048640 16201 108531 13.398062 273 1026 1156 418.601568 0.019147 0.170442 62655 
878653440 16302 109647 13.451969 275 1030 1160 421.613054 0.019168 0.170037 63443 
879258240 16362 110536 13.511307 275 1026 1149 424.956118 0.019174 0.169805 64101 
879863040 16451 111454 13.549815 277 1029 1150 426.969424 0.019271 0.169512 64734 
880467840 16563 112669 13.604902 278 1046 1149 430.396909 0.019234 0.169225 65606 
881072640 16653 113880 13.676815 279 1042 1145 434.413499 0.019514 0.169296 66486 
881677440 16760 115181 13.744749 281 1063 1135 441.753222 0.018995 0.168578 67592 
882282240 16848 116091 13.780983 283 1065 1130 444.026828 0.019172 0.168653 68274 
882887040 16959 117616 13.870629 285 1057 1117 449.415296 0.019430 0.168334 69390 
883491840 16996 118056 13.892210 285 1051 1122 450.417981 0.019526 0.168479 69707 
884096640 17024 118488 13.920113 285 1049 1119 452.153313 0.019507 0.168506 70038 
884701440 17088 119657 14.004799 285 1042 1113 458.224017 0.019670 0.168137 70986 
885306240 17162 120412 14.032397 285 1037 1120 459.763780 0.019726 0.168261 71526 
885911040 17218 121122 14.069230 286 1031 1120 461.995238 0.019703 0.168208 72054 
886515840 17287 122116 14.128073 286 1035 1113 465.033378 0.019783 0.167987 72809 
887120640 17348 122818 14.159327 289 1039 1108 466.909039 0.019638 0.167806 73312 
887725440 17400 123615 14.208621 292 1038 1106 471.172069 0.019346 0.167677 73963 
888330240 17476 124668 14.267338 293 1031 1113 474.686770 0.019350 0.167578 74721 
888935040 17560 125644 14.310251 295 1035 1110 477.247153 0.019527 0.167118 75433 
889539840 17623 126478 14.353742 295 1032 1096 479.836804 0.019732 0.167105 76047 
890144640 17768 127799 14.385299 297 1094 1090 484.002251 0.017797 0.166594 77024 
890749440 17838 128594 14.417984 299 1091 1095 485.955600 0.017957 0.166603 77586 
891354240 17910 129642 14.477052 301 1094 1092 490.104411 0.017972 0.166184 78396 
891959040 17966 130353 14.511076 301 1101 1087 491.942781 0.018090 0.165909 78909 
892563840 18006 130954 14.545596 301 1105 1087 494.283905 0.018082 0.165598 79360 
893168640 18073 131777 14.582748 302 1099 1090 496.363636 0.018185 0.165722 79944 
893773440 18163 132842 14.627760 304 1095 1091 499.985245 0.018202 0.165540 80734 
894378240 18221 133453 14.648263 305 1092 1097 501.021459 0.018495 0.165471 81180 
894983040 18294 134357 14.688641 307 1090 1086 503.251339 0.018536 0.165371 81856 
895587840 18371 135370 14.737358 307 1083 1081 505.866202 0.018782 0.165162 82593 
896192640 18463 136293 14.763906 307 1083 1091 507.449927 0.018794 0.165222 83220 
896797440 18545 137328 14.810245 308 1087 1085 510.607495 0.018902 0.164919 84042 
897402240 18650 138667 14.870456 309 1093 1081 514.418660 0.019168 0.164786 85094 
898007040 18724 139594 14.910703 309 1099 1077 516.806345 0.019390 0.164568 85781 
898611840 18795 140489 14.949614 310 1091 1083 519.504017 0.019253 0.164951 86480 
899216640 18873 141743 15.020717 312 1074 1092 526.144651 0.019002 0.165292 87527 
899821440 18959 142826 15.066828 313 1071 1089 528.663854 0.019335 0.165273 88348 
900426240 19067 144301 15.136204 316 1075 1093 534.162165 0.019626 0.165022 89514 
901031040 19142 145233 15.174276 318 1074 1095 537.817052 0.020160 0.164965 90275 
901635840 19227 146256 15.213606 320 1080 1098 540.205544 0.020413 0.164695 91013 
902240640 19297 147008 15.236358 320 1082 1095 541.754884 0.020615 0.164584 91572 
902845440 19379 148155 15.290263 322 1078 1087 544.736983 0.020927 0.164258 92413 
903450240 19431 148783 15.313983 323 1077 1083 546.099840 0.021008 0.164159 92864 
904055040 19492 149579 15.347732 323 1079 1075 547.991586 0.021223 0.163869 93433 
904659840 19598 151061 15.415961 325 1081 1061 552.050005 0.021469 0.163381 94577 
905264640 19691 152083 15.446955 326 1079 1067 553.974608 0.021838 0.163515 95323 
905869440 19783 153271 15.495223 328 1067 1069 556.775312 0.021864 0.163479 96179 
906474240 19865 154290 15.533854 328 1067 1066 558.982029 0.022084 0.163355 96950 
907079040 19975 155610 15.580476 328 1064 1065 562.009312 0.022050 0.163332 97913 
907683840 20048 156647 15.627195 329 1062 1060 565.164106 0.021977 0.163372 98686 
908288640 20127 157898 15.690167 329 1053 1057 569.483977 0.021915 0.163020 99626 
908893440 20203 158745 15.714993 331 1059 1058 571.300302 0.022137 0.162831 100242 
909498240 20289 159791 15.751491 332 1067 1055 573.741633 0.022323 0.162697 101019 
910103040 20378 160868 15.788399 332 1065 1061 575.968495 0.022543 0.162743 101852 
910707840 20443 162054 15.854229 332 1067 1052 580.262290 0.022448 0.162341 102797 
911312640 20523 163204 15.904497 333 1055 1065 583.803245 0.022632 0.162051 103649 
911917440 20614 164443 15.954497 333 1058 1063 587.262346 0.022596 0.161765 104566 
912522240 20687 165596 16.009668 333 1054 1061 591.025282 0.022900 0.161287 105441 
913127040 20761 166924 16.080536 338 1052 1067 596.574057 0.023069 0.160850 106510 
913731840 20860 168256 16.131927 339 1059 1070 601.315916 0.023376 0.160445 107569 
914336640 20975 170001 16.209869 340 1058 1075 606.680524 0.023645 0.159964 108924 
914941440 21013 170522 16.230143 341 1057 1077 607.911293 0.023612 0.159819 109299 
915546240 21067 171347 16.266863 341 1052 1082 610.872929 0.023560 0.159964 109977 
916151040 21120 172295 16.315814 343 1046 1077 614.003030 0.023591 0.159739 110728 
916755840 21185 173262 16.357045 343 1047 1074 616.530092 0.023634 0.159367 111452 
917360640 21262 174346 16.399774 343 1050 1065 619.586869 0.023610 0.158915 112244 
917965440 21320 175083 16.424296 344 1045 1070 621.203565 0.023628 0.158906 112816 
918570240 21378 175951 16.460941 344 1043 1070 623.715408 0.023557 0.159033 113489 
919175040 21461 177229 16.516379 347 1039 1071 627.183076 0.023679 0.158925 114487 
919779840 21548 178279 16.547151 347 1048 1064 629.390663 0.024019 0.158882 115325 
920384640 21625 179480 16.599306 348 1050 1065 632.914127 0.024216 0.158717 116305 
920989440 21696 180697 16.657172 351 1052 1060 637.187869 0.024252 0.158376 117312 
921594240 21763 181632 16.691816 351 1054 1065 639.523227 0.024307 0.158188 118060 
922199040 21861 183202 16.760624 352 1044 1069 644.076300 0.024420 0.158413 119333 
922803840 21942 184536 16.820345 354 1046 1063 648.206089 0.024481 0.157987 120404 
923408640 22018 185803 16.877373 359 1045 1062 652.212735 0.024552 0.157992 121454 
924013440 22094 186971 16.925048 360 1049 1063 655.536073 0.024575 0.157670 122400 
924618240 22181 188398 16.987331 363 1050 1057 659.737884 0.024550 0.157433 123565 
925223040 22235 189252 17.022892 363 1045 1059 662.059726 0.024592 0.157318 124282 
925827840 22329 190713 17.082091 363 1055 1061 667.215908 0.024310 0.157020 125457 
926432640 22401 191778 17.122271 363 1052 1062 669.758136 0.024506 0.156946 126288 
927037440 22486 193271 17.190341 366 1046 1059 674.553322 0.024325 0.156664 127465 
927642240 22575 194766 17.255017 367 1050 1060 679.885980 0.024158 0.156342 128696 
928247040 22690 196592 17.328515 368 1050 1049 685.062759 0.024527 0.156180 130205 
928851840 22772 198246 17.411382 368 1040 1038 690.986387 0.024586 0.156133 131610 
929456640 22854 199640 17.470902 370 1038 1031 695.136781 0.024638 0.155821 132745 
930061440 22930 200838 17.517488 371 1035 1027 698.578718 0.024848 0.155816 133730 
930666240 23022 202490 17.591000 373 1029 1034 703.710798 0.024714 0.155540 135110 
931271040 23095 203728 17.642607 374 1029 1033 707.677852 0.024937 0.155488 136163 
931875840 23188 204818 17.665862 375 1038 1034 709.466707 0.025102 0.155365 136990 
932480640 23285 206150 17.706678 375 1032 1039 712.188447 0.025361 0.155351 138022 
933085440 23369 207655 17.771834 377 1026 1043 717.079293 0.025426 0.155334 139258 
933690240 23462 209057 17.820902 380 1027 1045 720.533373 0.025398 0.155216 140394 
934295040 23549 210377 17.867171 380 1023 1057 723.760330 0.025569 0.155263 141453 
934899840 23618 211593 17.917944 382 1020 1065 727.368617 0.025714 0.155215 142471 
935504640 23687 212620 17.952463 382 1019 1069 729.826572 0.025806 0.155092 143267 
936109440 23758 213643 17.984931 383 1014 1069 732.118613 0.025920 0.154958 144054 
936714240 23844 215382 18.065929 383 1013 1074 738.482805 0.026164 0.154605 145550 
937319040 23938 216816 18.114797 384 1017 1062 741.889047 0.026327 0.154372 146693 
937923840 24030 218311 18.169871 389 1021 1058 745.981024 0.026207 0.154212 147899 
938528640 24115 219593 18.212150 391 1017 1065 748.814348 0.026432 0.154224 148952 
939133440 24196 221050 18.271615 391 1012 1068 753.414283 0.026342 0.154155 150158 
939738240 24270 222282 18.317429 391 1012 1069 756.718500 0.026510 0.154013 151148 
940343040 24368 223627 18.354153 392 1004 1082 759.445420 0.026559 0.154268 152203 
940947840 24458 224822 18.384332 392 1001 1086 761.537983 0.026727 0.154412 153144 
941552640 24537 226166 18.434690 395 998 1086 765.021315 0.026897 0.154074 154270 
942157440 24617 227954 18.520047 396 992 1080 771.914206 0.026832 0.153660 155795 
942762240 24707 229779 18.600316 398 986 1086 778.217833 0.026851 0.153580 157357 
943367040 24787 231260 18.659781 400 984 1082 782.841005 0.026949 0.153366 158570 
943971840 24873 232388 18.685965 400 993 1073 784.763800 0.027032 0.153196 159458 
944576640 24939 233400 18.717671 400 987 1082 787.017844 0.027057 0.153355 160238 
945181440 25018 234706 18.762971 400 992 1082 790.276761 0.027178 0.152999 161326 
945786240 25134 236733 18.837670 400 990 1080 796.515477 0.026830 0.152953 163054 
946391040 25206 238017 18.885741 402 989 1074 799.967785 0.026867 0.152629 164081 
946995840 25257 238711 18.902562 404 988 1074 801.318050 0.026866 0.152696 164645 
947600640 25318 239709 18.935856 404 985 1081 803.560313 0.026979 0.152686 165469 
948205440 25414 241313 18.990556 408 978 1087 808.110490 0.027129 0.152714 166825 
948810240 25492 242357 19.014357 408 971 1096 810.092107 0.027191 0.152812 167643 
949415040 25580 244007 19.077952 408 969 1090 815.096794 0.027274 0.152618 168994 
950019840 25658 245287 19.119729 408 972 1094 818.126276 0.027446 0.152497 170004 
950624640 25742 246737 19.169995 408 978 1092 821.995338 0.027448 0.152361 171176 
951229440 25806 247869 19.210184 410 976 1089 824.970937 0.027480 0.152297 172123 
951834240 25881 249410 19.273598 411 967 1096 830.430818 0.027678 0.152107 173412 
952439040 25944 250511 19.311671 413 965 1103 834.953901 0.027183 0.152032 174385 
953043840 26020 252000 19.369716 414 957 1107 839.520907 0.027152 0.151972 175626 
953648640 26096 253706 19.444053 416 956 1105 849.563688 0.025877 0.151752 177246 
954253440 26166 255167 19.503707 419 950 1104 855.137430 0.025808 0.151691 178484 
954858240 26250 256483 19.541562 420 945 1107 857.938133 0.025924 0.151672 179528 
955463040 26329 257759 19.579855 421 946 1104 860.686999 0.025994 0.151433 180552 
956067840 26400 258960 19.618182 421 941 1106 863.704924 0.026035 0.151279 181518 
956672640 26452 259931 19.653032 421 946 1108 866.249131 0.026075 0.151040 182299 
957277440 26513 260799 19.673292 423 945 1110 867.765323 0.026139 0.150989 182978 
957882240 26576 262171 19.729907 425 944 1108 874.836996 0.025458 0.150794 184213 
958487040 26653 263902 19.802799 425 944 1109 882.050576 0.025524 0.150420 185715 
959091840 26737 265292 19.844560 425 950 1102 885.278229 0.025711 0.150102 186872 
959696640 26813 266640 19.888860 425 950 1100 888.763958 0.025701 0.149819 187976 
960301440 26893 268301 19.953222 425 947 1096 894.903283 0.025616 0.149542 189434 
960906240 26977 269719 19.996219 427 947 1093 898.849687 0.025623 0.149447 190591 
961511040 27073 271197 20.034499 428 951 1090 902.078011 0.025721 0.149488 191802 
962115840 27148 272300 20.060410 428 953 1091 904.217696 0.025769 0.149330 192649 
962720640 27229 273718 20.104888 428 951 1096 907.833780 0.025818 0.149270 193786 
963325440 27297 274915 20.142507 429 949 1092 910.704033 0.025820 0.149142 194762 
963930240 27392 276601 20.195751 431 951 1085 915.014019 0.025866 0.148737 196109 
964535040 27489 278417 20.256612 431 952 1090 920.595002 0.025923 0.148555 197607 
965139840 27577 280308 20.329115 432 943 1094 926.327737 0.025970 0.148330 199223 
965744640 27638 281269 20.353788 436 944 1091 928.291049 0.026009 0.148273 200016 
966349440 27723 282740 20.397504 437 937 1096 932.036143 0.026091 0.148535 201274 
966954240 27810 284159 20.435743 437 938 1091 935.113412 0.026114 0.148263 202433 
967559040 27876 285378 20.474817 437 936 1092 938.032429 0.026179 0.148103 203423 
968163840 27963 286594 20.498087 440 936 1097 940.260058 0.026147 0.148135 204416 
968768640 28049 288032 20.537773 441 938 1095 943.304360 0.026306 0.148161 205613 
969373440 28127 289153 20.560529 442 934 1100 945.155047 0.026366 0.148184 206530 
969978240 28204 290430 20.594951 443 929 1103 948.116366 0.026300 0.148097 207578 
970583040 28282 291833 20.637367 444 926 1110 951.892087 0.026404 0.148245 208816 
971187840 28362 292935 20.656865 446 931 1106 953.635428 0.026390 0.148276 209714 
971792640 28454 294325 20.687777 447 924 1108 956.713502 0.026248 0.148377 210859 
972397440 28539 295795 20.729178 448 924 1106 959.951925 0.026310 0.148491 212123 
973002240 28607 297123 20.772748 449 923 1098 964.690810 0.026389 0.148399 213350 
973607040 28710 298779 20.813584 449 923 1097 968.189411 0.026506 0.148304 214699 
974211840 28790 300013 20.841473 449 919 1098 970.560681 0.026629 0.148308 215750 
974816640 28879 301625 20.888881 450 919 1099 974.692060 0.026655 0.148089 217072 
975421440 28964 303093 20.928946 452 918 1103 978.443102 0.026705 0.148173 218320 
976026240 29067 305200 20.999759 452 916 1102 984.290776 0.026738 0.148019 220114 
976631040 29150 306531 21.031286 454 916 1100 986.962264 0.026811 0.148197 221249 
977235840 29269 308441 21.076292 456 916 1096 990.725204 0.026832 0.148125 222842 
977840640 29358 309940 21.114517 456 917 1095 993.967641 0.026816 0.148194 224123 
978445440 29422 310809 21.127660 457 918 1092 995.153966 0.026839 0.148032 224835 
979050240 29484 311906 21.157645 457 915 1100 997.596798 0.026891 0.148033 225730 
979655040 29574 313772 21.219450 460 915 1093 1003.189491 0.027073 0.147797 227396 
980259840 29658 315345 21.265426 462 918 1089 1007.969115 0.026935 0.147569 228730 
980864640 29732 317090 21.329880 466 911 1087 1017.572178 0.026275 0.147349 230462 
981469440 29824 318814 21.379694 466 918 1081 1021.628219 0.026325 0.147109 231920 
982074240 29916 320533 21.428867 466 916 1083 1025.729710 0.026380 0.146857 233331 
982679040 30017 322431 21.483226 468 914 1090 1030.444748 0.026330 0.146730 234923 
983283840 30097 324053 21.533907 469 908 1096 1034.726052 0.026444 0.146709 236317 
983888640 30183 325820 21.589637 470 910 1089 1039.215452 0.026590 0.146289 237792 
984493440 30250 327276 21.638083 470 908 1086 1043.371967 0.026515 0.145980 239050 
985098240 30328 328934 21.691770 472 901 1085 1047.549657 0.026524 0.145834 240392 
985703040 30399 330225 21.726044 473 900 1093 1050.627257 0.026526 0.145748 241502 
986307840 30497 331936 21.768436 473 899 1088 1054.476834 0.026558 0.145458 242907 
986912640 30561 333220 21.806878 473 894 1090 1057.866104 0.026724 0.145414 243979 
987517440 30627 334711 21.857250 474 894 1090 1062.571065 0.026602 0.145176 245284 
988122240 30711 336224 21.895998 474 896 1087 1065.855557 0.026748 0.145015 246518 
988727040 30788 337962 21.954138 475 898 1086 1070.942705 0.026754 0.144882 248004 
989331840 30849 339304 21.997731 475 893 1090 1074.508477 0.026917 0.144692 249162 
989936640 30925 340538 22.023476 475 894 1088 1076.659919 0.026956 0.144489 250140 
990541440 31016 342530 22.087310 477 889 1083 1082.221305 0.026978 0.144277 251869 
991146240 31102 344282 22.138898 478 897 1081 1086.868304 0.026976 0.143979 253331 
991751040 31202 346155 22.188001 479 895 1077 1091.887251 0.026820 0.143936 254925 
992355840 31270 347524 22.227311 484 893 1074 1095.546530 0.026791 0.143807 256078 
992960640 31365 349242 22.269536 484 895 1070 1099.641958 0.026846 0.143559 257538 
993565440 31440 350891 22.321310 484 888 1073 1104.484351 0.026984 0.143447 258982 
994170240 31532 352821 22.378600 485 886 1069 1110.042243 0.026978 0.143284 260636 
994775040 31624 354695 22.432014 486 882 1070 1114.400013 0.027156 0.143021 262202 
995379840 31704 356365 22.480760 486 887 1065 1118.477353 0.027111 0.142679 263603 
995984640 31762 357399 22.504817 489 888 1061 1120.875952 0.027088 0.142517 264475 
996589440 31836 358945 22.549629 489 890 1053 1125.030657 0.027035 0.142269 265827 
997194240 31914 360377 22.584258 491 892 1049 1128.111863 0.027059 0.142104 267036 
997799040 31964 361715 22.632649 492 888 1048 1132.273933 0.027047 0.141835 268208 
998403840 32011 362765 22.665021 493 886 1050 1135.008278 0.027055 0.141662 269106 
999008640 32077 364284 22.713097 493 880 1051 1138.990990 0.027035 0.141515 270409 
999613440 32149 365984 22.767987 494 881 1052 1144.463654 0.026845 0.141393 271845 
1000218240 32216 367476 22.813260 496 880 1050 1148.523156 0.026827 0.141180 273124 
1000823040 32280 368935 22.858426 497 873 1054 1152.717410 0.026750 0.141207 274365 
1001427840 32357 370418 22.895695 500 874 1051 1156.378465 0.026806 0.141000 275636 
1002032640 32445 372135 22.939436 501 873 1052 1160.128772 0.026886 0.140842 277078 
1002637440 32539 373921 22.982944 502 874 1055 1164.251268 0.026853 0.140909 278632 
1003242240 32629 375874 23.039260 504 868 1056 1169.446198 0.026879 0.140734 280317 
1003847040 32710 377563 23.085478 505 865 1051 1173.676001 0.026920 0.140523 281760 
1004451840 32808 379417 23.129542 506 862 1056 1177.753962 0.027001 0.140459 283313 
1005056640 32891 381027 23.169074 507 862 1048 1181.326077 0.027033 0.140451 284634 
1005661440 32993 383198 23.229049 507 860 1045 1186.588731 0.027130 0.140280 286437 
1006266240 33075 384982 23.279335 507 858 1044 1191.254603 0.027140 0.140026 287954 
1006871040 33177 386881 23.322241 508 858 1040 1195.133737 0.027182 0.139860 289549 
1007475840 33338 389279 23.353471 509 855 1048 1198.760454 0.027215 0.140188 291536 
1008080640 33434 391405 23.413591 510 856 1049 1204.263684 0.027247 0.140101 293351 
1008685440 33524 393252 23.460924 511 859 1040 1208.180408 0.027257 0.139752 294880 
1009290240 33601 395011 23.511860 512 859 1044 1212.946579 0.027328 0.139530 296423 
1009895040 33639 395855 23.535480 512 860 1046 1215.363715 0.027394 0.139509 297163 
1010499840 33690 396682 23.548946 512 860 1049 1216.521817 0.027406 0.139403 297819 
1011104640 33778 399003 23.625022 512 858 1049 1228.768252 0.025780 0.139172 300089 
1011709440 33845 400521 23.667957 515 854 1049 1233.589954 0.025778 0.139013 301434 
1012314240 33911 402040 23.711480 517 853 1044 1237.774115 0.025699 0.138800 302733 
1012919040 33995 404277 23.784498 520 851 1040 1244.713693 0.025646 0.138471 304706 
1013523840 34067 406117 23.842252 520 849 1041 1251.499809 0.025425 0.138281 306384 
1014128640 34140 407713 23.884769 521 849 1035 1257.102871 0.025113 0.138055 307816 
1014733440 34207 409314 23.931593 523 849 1026 1261.355454 0.025066 0.137862 309213 
1015338240 34285 410902 23.969783 523 854 1022 1265.094356 0.025091 0.137646 310550 
1015943040 34342 412321 24.012638 523 854 1018 1270.333411 0.024943 0.137488 311889 
1016547840 34343 412365 24.014501 523 854 1017 1270.488717 0.024941 0.137494 311928 
