747411840 0 0 0.000000 0 0 0 0.000000 0.000000 0.000000 0 
748016640 2349 3826 3.257556 65 1032 461 29.455087 -0.145026 0.080400 650 
748621440 2449 4024 3.286239 70 1077 485 31.466721 -0.151908 0.082494 685 
749226240 2470 4071 3.296356 70 1085 485 31.616194 -0.149803 0.082966 695 
749831040 2511 4157 3.311031 70 1094 494 31.753086 -0.147376 0.083665 704 
750435840 2563 4229 3.300039 70 1112 508 31.588763 -0.144303 0.084887 715 
751040640 2626 4356 3.317593 70 1138 515 31.772277 -0.144879 0.086205 745 
751645440 2676 4467 3.338565 70 1150 525 32.188341 -0.141817 0.086674 760 
752250240 2729 4689 3.436424 71 1143 533 34.363503 -0.137119 0.090401 819 
752855040 2779 4836 3.480389 71 1142 544 34.880173 -0.133582 0.090387 848 
753459840 2847 5037 3.538462 71 1151 556 36.165789 -0.132802 0.092530 902 
754064640 2906 5242 3.607708 73 1145 579 37.543703 -0.126388 0.092609 941 
754669440 2944 5332 3.622283 73 1151 591 37.750000 -0.123892 0.092226 957 
755274240 2994 5505 3.677355 74 1146 601 38.549766 -0.119319 0.095666 995 
755879040 3039 5639 3.711089 74 1161 602 39.400461 -0.116931 0.095868 1031 
756483840 3086 5802 3.760207 75 1163 610 40.230719 -0.112728 0.097155 1075 
757088640 3108 5854 3.767053 75 1165 621 40.365508 -0.112223 0.097806 1087 
757693440 3133 5937 3.789978 76 1158 626 40.680498 -0.109243 0.100092 1108 
758298240 3170 6058 3.822082 77 1161 631 41.371609 -0.107250 0.101662 1136 
758903040 3235 6233 3.853478 79 1187 635 42.184853 -0.110111 0.100839 1170 
759507840 3303 6391 3.869815 80 1214 643 42.760521 -0.111285 0.100015 1198 
760112640 3337 6471 3.878334 80 1217 645 42.833683 -0.108790 0.099435 1209 
760717440 3400 6651 3.912353 82 1225 661 43.348824 -0.105401 0.099384 1249 
761322240 3459 6879 3.977450 82 1227 681 45.089332 -0.098725 0.100492 1312 
761927040 3511 7100 4.044432 83 1218 697 46.803760 -0.094383 0.101074 1370 
762531840 3546 7235 4.080654 83 1219 702 47.455161 -0.093075 0.102133 1404 
763136640 3622 7402 4.087245 85 1249 715 47.681391 -0.089874 0.102360 1435 
763741440 3701 7595 4.104296 85 1279 725 47.962172 -0.089661 0.103166 1476 
764346240 3749 7768 4.144038 88 1275 733 48.741531 -0.087606 0.103531 1514 
764951040 3826 7990 4.176686 89 1298 741 49.463147 -0.087229 0.104431 1565 
765555840 3871 8184 4.228365 90 1290 758 50.378714 -0.086634 0.105514 1617 
766160640 3903 8298 4.252114 92 1280 778 50.796311 -0.084828 0.107592 1651 
766765440 3944 8481 4.300710 92 1274 790 51.936105 -0.086376 0.108522 1695 
767370240 3996 8632 4.320320 92 1276 811 52.147648 -0.083604 0.108962 1723 
767975040 4030 8770 4.352357 92 1267 824 52.637221 -0.081966 0.109455 1755 
768579840 4086 9001 4.405776 94 1267 826 53.639256 -0.080099 0.109715 1815 
769184640 4170 9219 4.421583 94 1293 836 54.122782 -0.077432 0.108231 1859 
769789440 4256 9526 4.476504 95 1301 854 55.259398 -0.074072 0.108634 1947 
770394240 4330 9741 4.499307 95 1317 867 55.655889 -0.071179 0.109349 1994 
770999040 4382 9990 4.559562 95 1309 875 56.704245 -0.069823 0.109370 2062 
771603840 4452 10319 4.635669 95 1299 880 58.097035 -0.066266 0.110459 2142 
772208640 4504 10510 4.666963 95 1303 882 58.766874 -0.064896 0.110435 2188 
772813440 4569 10817 4.734953 97 1293 890 60.086671 -0.062050 0.113458 2309 
773418240 4634 11083 4.783341 98 1291 901 61.114804 -0.058971 0.115137 2396 
774023040 4684 11322 4.834330 99 1282 908 62.269001 -0.057566 0.117067 2496 
774627840 4740 11519 4.860338 100 1290 915 62.827004 -0.057066 0.118895 2572 
775232640 4827 11793 4.886265 101 1322 923 64.631034 -0.061406 0.120042 2676 
775837440 4871 11971 4.915212 102 1320 927 65.272839 -0.060588 0.121019 2737 
776442240 4926 12136 4.927324 102 1323 941 65.477873 -0.058077 0.122536 2793 
777047040 4976 12296 4.942122 102 1325 953 65.698553 -0.057040 0.123399 2842 
777651840 5044 12624 5.005551 103 1323 959 66.965900 -0.055567 0.124000 2965 
778256640 5085 12772 5.023402 103 1335 960 67.560669 -0.055520 0.124910 3019 
778861440 5152 13011 5.050854 103 1355 961 68.312500 -0.053194 0.124394 3097 
779466240 5207 13240 5.085462 103 1353 972 68.916843 -0.052079 0.125757 3181 
780071040 5275 13549 5.137062 103 1349 977 69.979147 -0.050876 0.126974 3304 
780675840 5355 13841 5.169374 103 1359 989 70.713725 -0.049920 0.127927 3412 
781280640 5406 14055 5.199778 104 1355 991 71.292638 -0.049018 0.129843 3497 
781885440 5461 14299 5.236770 104 1358 1004 72.193371 -0.047042 0.129510 3598 
782490240 5514 14601 5.295974 104 1360 1003 73.895176 -0.045589 0.130144 3715 
783095040 5575 14880 5.338117 105 1362 1013 75.022063 -0.043837 0.130307 3833 
783699840 5644 15122 5.358611 105 1380 1009 75.431609 -0.042043 0.130854 3917 
784304640 5684 15312 5.387755 105 1386 1012 76.108726 -0.041181 0.130160 3997 
784909440 5748 15634 5.439805 106 1379 1017 77.186152 -0.039885 0.130095 4114 
785514240 5813 15935 5.482539 106 1380 1022 78.191639 -0.039525 0.131048 4243 
786119040 5896 16330 5.539349 106 1387 1028 80.055292 -0.040396 0.130337 4386 
786723840 5970 16643 5.575544 106 1397 1031 80.950419 -0.038506 0.130583 4503 
787328640 6007 16823 5.601132 106 1392 1026 81.498585 -0.037460 0.131100 4571 
787933440 6055 17044 5.629727 107 1387 1035 82.068043 -0.036703 0.131765 4642 
788538240 6095 17247 5.659393 107 1383 1035 82.697293 -0.036919 0.132782 4720 
789143040 6130 17429 5.686460 107 1383 1039 83.286460 -0.036236 0.133014 4791 
789747840 6191 17663 5.706025 109 1388 1038 83.868196 -0.035593 0.134482 4894 
790352640 6279 18019 5.739449 111 1406 1039 84.832617 -0.033868 0.134371 5018 
790957440 6335 18352 5.793844 111 1417 1032 86.832833 -0.033665 0.134495 5150 
791562240 6399 18644 5.827160 112 1422 1046 87.657759 -0.032736 0.135248 5258 
792167040 6456 18907 5.857187 112 1431 1038 88.367100 -0.031247 0.134788 5364 
792771840 6515 19277 5.917728 112 1439 1028 89.908826 -0.029589 0.133654 5515 
793376640 6584 19690 5.981166 113 1442 1032 91.594775 -0.028405 0.133822 5689 
793981440 6639 20021 6.031330 114 1446 1034 93.357433 -0.025190 0.134088 5837 
794586240 6699 20468 6.110763 114 1438 1030 95.319003 -0.024307 0.134118 6031 
795191040 6791 20977 6.177882 115 1437 1034 97.263437 -0.022372 0.135516 6249 
795795840 6868 21458 6.248690 115 1417 1050 99.035527 -0.021718 0.136569 6435 
796400640 6933 21874 6.310111 116 1417 1055 100.888216 -0.021344 0.136720 6625 
797005440 7016 22310 6.359749 116 1427 1069 102.522235 -0.018962 0.138031 6863 
797610240 7090 22737 6.413822 117 1412 1079 103.967842 -0.017480 0.141432 7063 
798215040 7136 23071 6.466087 117 1403 1095 106.107343 -0.014993 0.143746 7273 
798819840 7228 23541 6.513835 118 1425 1097 108.037355 -0.012365 0.143997 7522 
799424640 7291 23860 6.545056 119 1429 1092 108.805651 -0.011229 0.145064 7683 
800029440 7362 24295 6.600109 120 1431 1092 110.512632 -0.010416 0.146207 7890 
800634240 7421 24613 6.633338 120 1431 1097 111.390648 -0.010088 0.147087 8038 
801239040 7474 25008 6.691999 120 1410 1121 113.261172 -0.009982 0.147732 8246 
801843840 7522 25367 6.744749 122 1395 1123 114.750598 -0.009420 0.149300 8442 
802448640 7610 25881 6.801840 124 1398 1129 116.419974 -0.008938 0.150039 8701 
803053440 7670 26267 6.849283 125 1397 1126 117.609126 -0.008209 0.150668 8903 
803658240 7724 26599 6.887364 125 1392 1126 118.597100 -0.006722 0.151587 9062 
804263040 7811 27115 6.942773 125 1395 1125 121.376520 -0.006359 0.153425 9344 
804867840 7881 27579 6.998858 127 1382 1137 122.944043 -0.005223 0.154540 9571 
805472640 7954 28092 7.063616 127 1375 1140 124.746794 -0.004708 0.154556 9828 
806077440 8007 28447 7.105533 128 1375 1133 125.915074 -0.004537 0.154821 10008 
806682240 8089 29107 7.196687 128 1366 1130 128.875757 -0.002834 0.155286 10347 
807287040 8163 29575 7.246110 128 1359 1135 130.341541 -0.002036 0.155752 10582 
807891840 8228 30147 7.327905 128 1352 1139 133.330822 -0.000183 0.155985 10910 
808496640 8266 30424 7.361239 129 1349 1138 134.369949 0.000536 0.155587 11056 
809101440 8322 30846 7.413122 129 1355 1137 136.093247 0.000915 0.155492 11276 
809706240 8372 31190 7.451027 129 1352 1141 137.425944 0.001228 0.155411 11450 
810311040 8418 31511 7.486576 129 1340 1151 138.380138 0.002103 0.155906 11620 
810915840 8474 31817 7.509323 129 1343 1152 138.992920 0.002670 0.156747 11765 
811520640 8533 32212 7.549982 129 1348 1149 140.686980 0.003309 0.156247 11970 
812125440 8610 32677 7.590476 133 1349 1155 141.994425 0.003059 0.157242 12208 
812730240 8669 33092 7.634560 133 1337 1165 143.384935 0.003710 0.158018 12425 
813335040 8716 33396 7.663148 134 1334 1170 144.537173 0.005305 0.159224 12589 
813939840 8795 33987 7.728709 134 1338 1175 147.152473 0.005772 0.159723 12918 
814544640 8853 34462 7.785383 134 1338 1171 149.176550 0.005989 0.159548 13174 
815149440 8924 35044 7.853877 134 1329 1167 151.170327 0.006224 0.159194 13449 
815754240 8999 35544 7.899544 134 1334 1174 152.937660 0.006999 0.159617 13724 
816359040 9058 35972 7.942592 134 1331 1171 154.384632 0.008090 0.160253 13953 
816963840 9132 36566 8.008322 134 1323 1171 156.272011 0.008879 0.160698 14263 
817568640 9191 37069 8.066369 134 1321 1166 158.982265 0.009491 0.160563 14542 
818173440 9274 37774 8.146215 135 1325 1147 161.887643 0.010199 0.160008 14911 
818778240 9325 38134 8.178874 135 1319 1150 162.878713 0.010614 0.160722 15090 
819383040 9416 38855 8.252974 178 1326 1151 168.361512 0.006431 0.161011 15513 
819987840 9500 39532 8.322526 179 1322 1152 170.844842 0.006789 0.161491 15888 
820592640 9531 39755 8.342252 179 1320 1162 171.690274 0.007340 0.161685 16010 
821197440 9561 40184 8.405815 180 1310 1166 176.577973 0.009425 0.162456 16352 
821802240 9608 40476 8.425479 180 1312 1159 177.181307 0.010010 0.162785 16516 
822407040 9647 40850 8.468954 182 1311 1149 178.803151 0.010577 0.163037 16760 
823011840 9708 41429 8.535023 183 1302 1154 181.006386 0.011386 0.163392 17116 
823616640 9773 42054 8.606160 184 1302 1150 183.764862 0.012174 0.163869 17502 
824221440 9841 42763 8.690783 184 1287 1154 187.833350 0.014761 0.164435 17996 
824826240 9907 43331 8.747552 185 1281 1157 189.779550 0.015140 0.165602 18353 
825431040 9979 43994 8.817316 188 1277 1153 192.620904 0.015434 0.165625 18748 
826035840 10047 44592 8.876680 191 1290 1141 196.955708 0.014135 0.165881 19191 
826640640 10133 45054 8.892529 191 1319 1138 197.861245 0.013850 0.166310 19467 
827245440 10206 45746 8.964531 191 1308 1140 200.638840 0.014101 0.167124 19912 
827850240 10277 46441 9.037852 194 1308 1135 205.148973 0.013783 0.167089 20376 
828455040 10331 46984 9.095731 195 1299 1142 207.254283 0.014043 0.167676 20738 
829059840 10388 47416 9.128995 197 1301 1149 208.451290 0.014296 0.167862 21022 
829664640 10460 48022 9.182027 199 1302 1151 210.869981 0.015228 0.167938 21432 
830269440 10522 48632 9.243870 199 1301 1154 214.158145 0.015121 0.168596 21833 
830874240 10592 49211 9.292107 200 1309 1150 216.673150 0.014869 0.168418 22220 
831479040 10648 49654 9.326446 200 1307 1157 217.914914 0.015443 0.168883 22486 
832083840 10719 50149 9.357030 200 1312 1169 219.125851 0.015996 0.168391 22745 
832688640 10803 50868 9.417384 202 1311 1180 222.386930 0.015540 0.168675 23205 
833293440 10856 51289 9.448968 204 1309 1181 223.850958 0.015403 0.169052 23462 
833898240 10931 51953 9.505626 204 1303 1188 226.387156 0.015602 0.168670 23874 
834503040 11009 52618 9.559088 206 1300 1197 228.446725 0.016161 0.168570 24274 
835107840 11074 53233 9.614051 207 1293 1206 231.711035 0.016952 0.169009 24700 
835712640 11155 54023 9.685881 208 1299 1196 234.961721 0.017488 0.168492 25217 
836317440 11243 54738 9.737259 209 1299 1207 236.947968 0.018126 0.167659 25610 
836922240 11297 55144 9.762592 210 1300 1211 238.457998 0.018639 0.167818 25862 
837527040 11361 55723 9.809524 211 1286 1219 240.241528 0.018734 0.168546 26208 
838131840 11436 56301 9.846275 211 1284 1233 241.883176 0.019026 0.169455 26566 
838736640 11510 56983 9.901477 212 1282 1228 244.026759 0.019519 0.169424 26988 
839341440 11569 57653 9.966808 213 1273 1229 246.776731 0.019665 0.169563 27432 
839946240 11650 58218 9.994506 214 1277 1225 247.941631 0.019928 0.169935 27749 
840551040 11723 58835 10.037533 217 1277 1208 249.674315 0.020189 0.169632 28121 
841155840 11806 59479 10.076063 220 1277 1210 251.704049 0.019987 0.169962 28511 
841760640 11885 60042 10.103828 222 1277 1218 252.738578 0.020842 0.170358 28848 
842365440 11955 60776 10.167461 222 1259 1227 254.982350 0.021224 0.170410 29300 
842970240 12039 61568 10.228092 223 1268 1214 257.632361 0.021183 0.169834 29757 
843575040 12114 62342 10.292554 223 1264 1202 260.498432 0.021748 0.170505 30279 
844179840 12205 63243 10.363458 225 1257 1208 263.515117 0.022273 0.170508 30845 
844784640 12300 64203 10.439512 229 1256 1210 267.182114 0.022642 0.170125 31467 
845389440 12377 65052 10.511756 229 1246 1215 270.542135 0.023133 0.170118 32055 
845994240 12460 65781 10.558748 231 1237 1210 272.508989 0.023249 0.170602 32554 
846599040 12554 66962 10.667835 234 1223 1209 279.174765 0.022801 0.171402 33421 
847203840 12626 67625 10.712023 234 1222 1217 281.209726 0.023174 0.171609 33852 
847808640 12697 68420 10.777349 234 1218 1204 284.072616 0.023385 0.171228 34428 
848413440 12754 68948 10.811981 234 1221 1196 285.477027 0.023875 0.171059 34798 
849018240 12823 69612 10.857366 234 1224 1180 287.246354 0.024255 0.170890 35225 
849623040 12897 70425 10.921144 235 1208 1186 290.324417 0.024263 0.171166 35798 
850227840 12971 71378 11.005782 238 1197 1190 294.747668 0.023787 0.171027 36482 
850832640 13046 72232 11.073432 240 1191 1188 297.913230 0.024182 0.171605 37095 
851437440 13118 73112 11.146821 243 1180 1190 301.115261 0.024436 0.172008 37746 
852042240 13151 73449 11.170101 243 1178 1193 302.175652 0.024418 0.172255 37991 
852647040 13194 73991 11.215856 245 1173 1190 304.699106 0.023968 0.172129 38395 
853251840 13244 74547 11.257475 247 1172 1191 306.777862 0.023913 0.172068 38799 
853856640 13291 75121 11.304040 249 1157 1200 308.720789 0.024262 0.172279 39212 
854461440 13353 75777 11.349809 249 1155 1198 310.672508 0.024337 0.171757 39661 
855066240 13436 76702 11.417386 251 1150 1211 314.413814 0.024642 0.172425 40337 
855671040 13499 77332 11.457441 253 1149 1209 316.797392 0.025128 0.172463 40775 
856275840 13557 78021 11.510069 253 1143 1207 319.155418 0.025406 0.172543 41288 
856880640 13627 78828 11.569384 255 1142 1203 322.516768 0.024815 0.172521 41859 
857485440 13674 79422 11.616498 255 1135 1198 324.658915 0.024834 0.172601 42278 
858090240 13751 80383 11.691222 256 1133 1200 328.330012 0.025196 0.172786 42973 
858695040 13815 81131 11.745349 258 1133 1199 331.021933 0.025458 0.172709 43516 
859299840 13876 81708 11.776881 258 1130 1202 332.376189 0.025774 0.173338 43924 
859904640 13937 82512 11.840712 258 1132 1191 335.425701 0.025629 0.173386 44498 
860509440 13993 83191 11.890374 259 1126 1183 337.765025 0.025705 0.173594 44967 
861114240 14064 83948 11.937998 259 1122 1184 339.941695 0.025984 0.173585 45458 
861719040 14116 84807 12.015727 260 1118 1183 346.181921 0.024483 0.173612 46180 
862323840 14180 85383 12.042736 262 1122 1189 347.707475 0.024662 0.173716 46572 
862928640 14256 86247 12.099747 264 1133 1179 350.941218 0.024596 0.172946 47170 
863533440 14320 87008 12.151955 265 1137 1164 353.513268 0.024983 0.172671 47728 
864138240 14384 87788 12.206340 266 1129 1174 356.486513 0.024815 0.172884 48287 
864743040 14459 88622 12.258386 267 1126 1170 359.244484 0.024770 0.172597 48901 
865347840 14536 89478 12.311227 268 1120 1169 361.563704 0.025116 0.172281 49485 
865952640 14630 90467 12.367327 269 1124 1163 364.865072 0.025380 0.171774 50138 
866557440 14699 91355 12.430097 270 1124 1151 368.129124 0.025693 0.171775 50802 
867162240 14804 92428 12.486895 271 1124 1152 370.879222 0.026013 0.171340 51490 
867767040 14884 93327 12.540580 273 1126 1150 373.484278 0.026420 0.170956 52134 
868371840 14954 94392 12.624315 275 1108 1159 377.729972 0.026173 0.171196 52963 
868976640 15029 95221 12.671635 276 1109 1146 379.827001 0.026592 0.170967 53530 
869581440 15110 96075 12.716744 276 1103 1147 381.800132 0.027349 0.170721 54122 
870186240 15194 97349 12.814137 276 1088 1138 387.012505 0.027598 0.170752 55070 
870791040 15278 98453 12.888205 277 1081 1138 391.287603 0.027266 0.170608 55861 
871395840 15354 99237 12.926534 277 1072 1140 393.139638 0.027562 0.170975 56426 
872000640 15440 100419 13.007642 279 1067 1133 397.010751 0.028085 0.170506 57268 
872605440 15507 101043 13.031921 279 1076 1129 398.660992 0.027934 0.170339 57720 
873210240 15564 101471 13.039193 279 1075 1135 398.973143 0.028253 0.170479 57997 
873815040 15642 102335 13.084644 280 1079 1126 401.102800 0.028539 0.170111 58593 
874419840 15715 103444 13.165002 280 1082 1119 408.291696 0.027848 0.169750 59526 
875024640 15788 104192 13.198885 283 1085 1122 410.258424 0.027832 0.169836 60069 
875629440 15874 105080 13.239259 284 1092 1114 412.287640 0.028076 0.169698 60677 
876234240 15945 105798 13.270367 284 1091 1116 413.910568 0.028152 0.169640 61170 
876839040 16026 106716 13.317858 286 1087 1117 416.495071 0.028304 0.169539 61840 
877443840 16110 107522 13.348479 288 1091 1114 418.249162 0.028440 0.169613 62425 
878048640 16201 108531 13.398062 291 1092 1119 421.162274 0.028457 0.169715 63125 
878653440 16302 109647 13.451969 293 1096 1119 424.276776 0.028186 0.169542 63899 
879258240 16362 110536 13.511307 293 1089 1118 427.404352 0.028529 0.169553 64562 
879863040 16451 111454 13.549815 294 1096 1119 429.683302 0.028625 0.169601 65194 
880467840 16563 112669 13.604902 296 1114 1113 433.229608 0.028855 0.169167 66099 
881072640 16653 113880 13.676815 299 1115 1099 437.290698 0.028984 0.168710 66977 
881677440 16760 115181 13.744749 299 1131 1095 444.670644 0.027139 0.168187 68047 
882282240 16848 116091 13.780983 300 1128 1103 446.923908 0.027390 0.168072 68703 
882887040 16959 117616 13.870629 301 1113 1109 452.600035 0.027678 0.168023 69837 
883491840 16996 118056 13.892210 301 1111 1111 453.556955 0.027803 0.167965 70135 
884096640 17024 118488 13.920113 301 1105 1115 455.385456 0.027876 0.167960 70460 
884701440 17088 119657 14.004799 302 1092 1122 461.581578 0.027858 0.167876 71405 
885306240 17162 120412 14.032397 304 1091 1117 463.063512 0.027929 0.167424 71916 
885911040 17218 121122 14.069230 306 1087 1123 465.494599 0.028007 0.167451 72437 
886515840 17287 122116 14.128073 308 1084 1123 468.835194 0.028312 0.167243 73194 
887120640 17348 122818 14.159327 309 1081 1125 470.601337 0.028418 0.167271 73675 
887725440 17400 123615 14.208621 311 1076 1121 474.889770 0.028525 0.167061 74360 
888330240 17476 124668 14.267338 311 1080 1121 478.359007 0.028625 0.166660 75168 
888935040 17560 125644 14.310251 312 1083 1116 480.744989 0.028628 0.166752 75911 
889539840 17623 126478 14.353742 313 1078 1119 483.582931 0.028864 0.166506 76550 
890144640 17768 127799 14.385299 314 1141 1113 487.789847 0.026457 0.165462 77469 
890749440 17838 128594 14.417984 314 1143 1113 489.764548 0.026681 0.165302 78068 
891354240 17910 129642 14.477052 315 1146 1107 493.762144 0.026603 0.164853 78881 
891959040 17966 130353 14.511076 316 1149 1105 495.609819 0.026692 0.164726 79381 
892563840 18006 130954 14.545596 316 1151 1104 497.943908 0.026648 0.164518 79839 
893168640 18073 131777 14.582748 318 1142 1112 500.227522 0.026711 0.164391 80434 
893773440 18163 132842 14.627760 319 1143 1106 503.510213 0.027097 0.164351 81253 
894378240 18221 133453 14.648263 319 1138 1110 504.553098 0.027273 0.164323 81666 
894983040 18294 134357 14.688641 319 1122 1115 506.668635 0.027296 0.164284 82333 
895587840 18371 135370 14.737358 319 1117 1114 509.393174 0.027390 0.164208 83116 
896192640 18463 136293 14.763906 320 1112 1123 511.042626 0.027455 0.164797 83755 
896797440 18545 137328 14.810245 321 1113 1119 514.372176 0.027595 0.164638 84527 
897402240 18650 138667 14.870456 322 1107 1128 518.264129 0.027463 0.165000 85538 
898007040 18724 139594 14.910703 322 1110 1130 520.660436 0.027708 0.164731 86229 
898611840 18795 140489 14.949614 325 1101 1140 523.407183 0.027728 0.165195 86946 
899216640 18873 141743 15.020717 326 1092 1142 529.844858 0.026663 0.165561 88000 
899821440 18959 142826 15.066828 326 1091 1136 532.454982 0.026883 0.165530 88786 
900426240 19067 144301 15.136204 330 1092 1143 537.602559 0.026593 0.165244 89924 
901031040 19142 145233 15.174276 331 1091 1134 541.106154 0.026786 0.165413 90670 
901635840 19227 146256 15.213606 331 1095 1141 543.914703 0.026849 0.165452 91438 
902240640 19297 147008 15.236358 331 1097 1141 545.585324 0.027048 0.165275 91984 
902845440 19379 148155 15.290263 331 1093 1144 548.785799 0.027146 0.165162 92827 
903450240 19431 148783 15.313983 331 1086 1147 550.076373 0.027309 0.165019 93276 
904055040 19492 149579 15.347732 331 1090 1143 552.253848 0.027358 0.164583 93838 
904659840 19598 151061 15.415961 333 1095 1131 556.557506 0.027753 0.164271 94998 
905264640 19691 152083 15.446955 333 1091 1148 558.608704 0.027806 0.164971 95771 
905869440 19783 153271 15.495223 337 1087 1147 561.955922 0.027749 0.165056 96656 
906474240 19865 154290 15.533854 337 1087 1149 564.326705 0.027922 0.164836 97416 
907079040 19975 155610 15.580476 340 1090 1145 567.338473 0.028081 0.164678 98373 
907683840 20048 156647 15.627195 340 1082 1143 570.439944 0.028225 0.164786 99187 
908288640 20127 157898 15.690167 341 1072 1146 574.895911 0.028678 0.164549 100173 
908893440 20203 158745 15.714993 343 1083 1143 576.677028 0.028767 0.164253 100804 
909498240 20289 159791 15.751491 345 1090 1142 579.026862 0.028920 0.164018 101571 
910103040 20378 160868 15.788399 345 1083 1151 581.436746 0.028862 0.164197 102360 
910707840 20443 162054 15.854229 347 1084 1140 585.832608 0.028892 0.163679 103288 
911312640 20523 163204 15.904497 349 1080 1150 589.623057 0.028933 0.163775 104176 
911917440 20614 164443 15.954497 349 1085 1147 592.809256 0.028983 0.163355 105127 
912522240 20687 165596 16.009668 350 1085 1145 596.625804 0.028902 0.162794 105986 
913127040 20761 166924 16.080536 350 1082 1144 602.046433 0.028682 0.162482 107038 
913731840 20860 168256 16.131927 351 1085 1154 606.650336 0.028024 0.162224 108033 
914336640 20975 170001 16.209869 351 1085 1152 612.506794 0.028253 0.161769 109423 
914941440 21013 170522 16.230143 352 1084 1155 614.093466 0.028129 0.161745 109831 
915546240 21067 171347 16.266863 353 1081 1157 616.970618 0.028273 0.161385 110500 
916151040 21120 172295 16.315814 355 1076 1153 620.241761 0.028366 0.161164 111238 
916755840 21185 173262 16.357045 356 1071 1149 622.765447 0.028426 0.160992 111955 
917360640 21262 174346 16.399774 357 1067 1152 626.084376 0.028348 0.160959 112826 
917965440 21320 175083 16.424296 357 1063 1153 627.667073 0.028256 0.160970 113351 
918570240 21378 175951 16.460941 358 1054 1156 630.015624 0.028309 0.161020 114038 
919175040 21461 177229 16.516379 359 1043 1159 633.509249 0.028415 0.160888 115046 
919779840 21548 178279 16.547151 360 1046 1163 635.953870 0.028362 0.160746 115837 
920384640 21625 179480 16.599306 360 1048 1151 639.426682 0.028352 0.160672 116809 
920989440 21696 180697 16.657172 360 1046 1147 643.674779 0.028316 0.160721 117826 
921594240 21763 181632 16.691816 362 1038 1154 646.115701 0.028368 0.160951 118577 
922199040 21861 183202 16.760624 366 1037 1154 650.783404 0.028430 0.160774 119854 
922803840 21942 184536 16.820345 367 1042 1154 654.959894 0.028139 0.160348 120910 
923408640 22018 185803 16.877373 368 1040 1160 658.998456 0.028253 0.160182 121921 
924013440 22094 186971 16.925048 368 1040 1155 662.552186 0.028430 0.159964 122855 
924618240 22181 188398 16.987331 370 1036 1157 666.877327 0.028573 0.159863 124002 
925223040 22235 189252 17.022892 371 1033 1155 669.239128 0.028647 0.159888 124677 
925827840 22329 190713 17.082091 371 1041 1156 674.257154 0.028634 0.159668 125885 
926432640 22401 191778 17.122271 374 1039 1158 677.031650 0.028655 0.159622 126736 
927037440 22486 193271 17.190341 374 1031 1166 681.802811 0.028736 0.159518 127973 
927642240 22575 194766 17.255017 375 1028 1166 687.160310 0.028858 0.159158 129212 
928247040 22690 196592 17.328515 377 1026 1156 692.805024 0.029048 0.158973 130708 
928851840 22772 198246 17.411382 378 1021 1156 698.622343 0.029219 0.158879 132058 
929456640 22854 199640 17.470902 379 1016 1149 702.788658 0.029423 0.158574 133167 
930061440 22930 200838 17.517488 379 1017 1137 706.315046 0.029461 0.158452 134159 
930666240 23022 202490 17.591000 381 1014 1136 711.477196 0.029302 0.157893 135487 
931271040 23095 203728 17.642607 381 1011 1142 715.192033 0.029390 0.157921 136470 
931875840 23188 204818 17.665862 383 1019 1139 717.163705 0.029471 0.157658 137322 
932480640 23285 206150 17.706678 384 1015 1133 719.768263 0.029723 0.157515 138344 
933085440 23369 207655 17.771834 386 1020 1125 724.588729 0.029809 0.157240 139605 
933690240 23462 209057 17.820902 387 1023 1127 728.337908 0.029657 0.157163 140748 
934295040 23549 210377 17.867171 388 1022 1125 731.532889 0.029631 0.157027 141773 
934899840 23618 211593 17.917944 390 1023 1117 735.308578 0.029596 0.156788 142769 
935504640 23687 212620 17.952463 390 1022 1117 737.789167 0.029569 0.156656 143580 
936109440 23758 213643 17.984931 392 1018 1117 740.164155 0.029720 0.156660 144432 
936714240 23844 215382 18.065929 394 1012 1109 746.446821 0.029708 0.156479 145898 
937319040 23938 216816 18.114797 396 1012 1110 749.856463 0.029815 0.156302 147095 
937923840 24030 218311 18.169871 396 1011 1112 754.162464 0.029658 0.156257 148328 
938528640 24115 219593 18.212150 397 1010 1110 757.059092 0.029788 0.156098 149327 
939133440 24196 221050 18.271615 398 1016 1104 761.915937 0.029727 0.155755 150561 
939738240 24270 222282 18.317429 399 1013 1103 765.482324 0.029796 0.155833 151580 
940343040 24368 223627 18.354153 400 1020 1103 768.296619 0.029835 0.155749 152624 
940947840 24458 224822 18.384332 401 1025 1102 770.478126 0.029932 0.155550 153565 
941552640 24537 226166 18.434690 403 1022 1096 774.017362 0.029885 0.155243 154618 
942157440 24617 227954 18.520047 405 1015 1093 780.782142 0.029789 0.154846 156138 
942762240 24707 229779 18.600316 406 1006 1095 787.176671 0.029714 0.154810 157662 
943367040 24787 231260 18.659781 406 1005 1094 791.766087 0.029680 0.154715 158900 
943971840 24873 232388 18.685965 407 1007 1094 793.663491 0.029782 0.154556 159802 
944576640 24939 233400 18.717671 409 1003 1101 795.990457 0.029750 0.154654 160606 
945181440 25018 234706 18.762971 411 1009 1102 799.307858 0.029966 0.154495 161674 
945786240 25134 236733 18.837670 411 1008 1099 805.824859 0.029905 0.154265 163366 
946391040 25206 238017 18.885741 411 1002 1101 809.311116 0.030009 0.154219 164449 
946995840 25257 238711 18.902562 412 1000 1100 810.604743 0.030099 0.154222 165001 
947600640 25318 239709 18.935856 414 1001 1097 813.064697 0.030003 0.154033 165792 
948205440 25414 241313 18.990556 416 992 1105 817.481073 0.030121 0.153955 167126 
948810240 25492 242357 19.014357 416 990 1106 819.298447 0.030205 0.153931 167951 
949415040 25580 244007 19.077952 416 987 1106 823.886005 0.030406 0.153636 169326 
950019840 25658 245287 19.119729 416 985 1111 826.981682 0.030552 0.153635 170391 
950624640 25742 246737 19.169995 417 983 1123 830.885945 0.030793 0.153657 171585 
951229440 25806 247869 19.210184 419 980 1124 833.946447 0.030819 0.153516 172524 
951834240 25881 249410 19.273598 420 971 1127 839.472818 0.030790 0.153284 173859 
952439040 25944 250511 19.311671 421 972 1129 844.089346 0.030608 0.153129 174822 
953043840 26020 252000 19.369716 423 970 1125 848.497387 0.030618 0.152965 176045 
953648640 26096 253706 19.444053 425 968 1120 858.443670 0.029054 0.152714 177621 
954253440 26166 255167 19.503707 426 967 1124 863.871513 0.029050 0.152559 178926 
954858240 26250 256483 19.541562 426 962 1117 866.610743 0.029108 0.152602 180002 
955463040 26329 257759 19.579855 427 965 1108 869.431425 0.029224 0.152392 181059 
956067840 26400 258960 19.618182 427 966 1107 872.552879 0.029252 0.152099 182050 
956672640 26452 259931 19.653032 428 966 1106 875.162483 0.029274 0.151774 182858 
957277440 26513 260799 19.673292 428 969 1105 877.085581 0.029158 0.151744 183558 
957882240 26576 262171 19.729907 429 969 1099 884.337071 0.028387 0.151532 184836 
958487040 26653 263902 19.802799 429 972 1096 891.546167 0.028411 0.151330 186375 
959091840 26737 265292 19.844560 430 975 1086 894.913266 0.028496 0.151248 187540 
959696640 26813 266640 19.888860 431 978 1081 898.133592 0.028538 0.150955 188609 
960301440 26893 268301 19.953222 433 973 1086 903.976797 0.028393 0.150914 190039 
960906240 26977 269719 19.996219 433 975 1086 908.138562 0.028523 0.150646 191219 
961511040 27073 271197 20.034499 433 977 1084 911.701178 0.028763 0.150620 192434 
962115840 27148 272300 20.060410 435 973 1086 913.829453 0.028735 0.150512 193287 
962720640 27229 273718 20.104888 435 971 1084 917.299938 0.028859 0.150540 194468 
963325440 27297 274915 20.142507 435 966 1081 920.013408 0.028911 0.150388 195433 
963930240 27392 276601 20.195751 436 961 1082 924.106381 0.029122 0.150379 196789 
964535040 27489 278417 20.256612 438 962 1077 929.686711 0.029188 0.150288 198356 
965139840 27577 280308 20.329115 440 953 1078 935.255974 0.029265 0.150085 199930 
965744640 27638 281269 20.353788 440 954 1075 937.081410 0.029265 0.149907 200689 
966349440 27723 282740 20.397504 442 948 1072 940.606572 0.029400 0.149856 201881 
966954240 27810 284159 20.435743 443 954 1069 943.788278 0.029437 0.149744 203061 
967559040 27876 285378 20.474817 444 956 1071 946.854642 0.029546 0.149540 204067 
968163840 27963 286594 20.498087 444 957 1071 948.993241 0.029548 0.149511 205002 
968768640 28049 288032 20.537773 445 956 1073 952.339549 0.029667 0.149493 206203 
969373440 28127 289153 20.560529 446 953 1077 954.489636 0.029565 0.149521 207128 
969978240 28204 290430 20.594951 447 953 1076 957.373564 0.029704 0.149440 208185 
970583040 28282 291833 20.637367 447 946 1082 960.974613 0.029728 0.149485 209346 
971187840 28362 292935 20.656865 449 953 1079 962.985191 0.029734 0.149332 210234 
971792640 28454 294325 20.687777 451 950 1078 965.898222 0.029609 0.149255 211359 
972397440 28539 295795 20.729178 451 949 1082 969.236203 0.029734 0.149045 212564 
973002240 28607 297123 20.772748 455 950 1084 973.843814 0.029667 0.148876 213708 
973607040 28710 298779 20.813584 457 952 1077 977.730338 0.029632 0.148724 215105 
974211840 28790 300013 20.841473 458 949 1082 979.911289 0.029696 0.149098 216131 
974816640 28879 301625 20.888881 458 954 1082 984.087053 0.029736 0.148926 217503 
975421440 28964 303093 20.928946 458 957 1082 987.838420 0.029813 0.148914 218729 
976026240 29067 305200 20.999759 459 956 1079 994.033646 0.029787 0.148685 220536 
976631040 29150 306531 21.031286 459 953 1087 996.836021 0.029795 0.148640 221616 
977235840 29269 308441 21.076292 461 941 1086 1000.549933 0.029949 0.148787 223206 
977840640 29358 309940 21.114517 463 943 1089 1003.971047 0.029970 0.148759 224449 
978445440 29422 310809 21.127660 463 942 1087 1005.086602 0.030036 0.148752 225134 
979050240 29484 311906 21.157645 463 945 1087 1007.594695 0.030028 0.148697 226068 
979655040 29574 313772 21.219450 465 944 1077 1012.972205 0.030040 0.148510 227653 
980259840 29658 315345 21.265426 467 947 1075 1017.559242 0.029927 0.148488 228988 
980864640 29732 317090 21.329880 468 940 1074 1027.155388 0.029585 0.148345 230713 
981469440 29824 318814 21.379694 471 939 1082 1031.353138 0.029583 0.148244 232140 
982074240 29916 320533 21.428867 472 945 1074 1035.730312 0.029633 0.147823 233568 
982679040 30017 322431 21.483226 475 941 1077 1040.470134 0.029622 0.147630 235139 
983283840 30097 324053 21.533907 476 942 1079 1044.725787 0.029712 0.147358 236512 
983888640 30183 325820 21.589637 476 943 1077 1049.275420 0.029635 0.147180 238011 
984493440 30250 327276 21.638083 476 936 1078 1053.416595 0.029680 0.147025 239283 
985098240 30328 328934 21.691770 477 935 1066 1057.470852 0.029813 0.146805 240668 
985703040 30399 330225 21.726044 477 937 1062 1060.442712 0.029927 0.146639 241770 
986307840 30497 331936 21.768436 479 939 1059 1064.668459 0.029772 0.146484 243184 
986912640 30561 333220 21.806878 480 939 1064 1068.004843 0.029931 0.146371 244258 
987517440 30627 334711 21.857250 482 939 1057 1072.717472 0.030095 0.146104 245557 
988122240 30711 336224 21.895998 483 941 1055 1076.047149 0.030056 0.145945 246824 
988727040 30788 337962 21.954138 483 937 1066 1081.485644 0.030218 0.145822 248360 
989331840 30849 339304 21.997731 486 930 1065 1085.328795 0.030170 0.145793 249512 
989936640 30925 340538 22.023476 486 930 1067 1087.512175 0.030230 0.145823 250535 
990541440 31016 342530 22.087310 487 929 1066 1093.190160 0.030214 0.145607 252234 
991146240 31102 344282 22.138898 487 939 1065 1097.869655 0.030266 0.145336 253706 
991751040 31202 346155 22.188001 489 931 1076 1103.347093 0.030280 0.145333 255364 
992355840 31270 347524 22.227311 491 927 1079 1107.122482 0.030193 0.145207 256504 
992960640 31365 349242 22.269536 492 929 1078 1111.227802 0.030173 0.144975 257939 
993565440 31440 350891 22.321310 493 930 1074 1116.061832 0.030209 0.144750 259368 
994170240 31532 352821 22.378600 494 926 1074 1121.711087 0.030280 0.144565 261064 
994775040 31624 354695 22.432014 495 925 1072 1126.246775 0.030436 0.144401 262682 
995379840 31704 356365 22.480760 495 926 1068 1130.216313 0.030439 0.144072 264107 
995984640 31762 357399 22.504817 495 925 1067 1132.502928 0.030446 0.143995 264965 
996589440 31836 358945 22.549629 498 926 1063 1136.668174 0.030389 0.143668 266311 
997194240 31914 360377 22.584258 500 928 1058 1139.839820 0.030328 0.143391 267481 
997799040 31964 361715 22.632649 500 922 1057 1143.733137 0.030369 0.143271 268616 
998403840 32011 362765 22.665021 501 921 1055 1146.550623 0.030415 0.143155 269483 
999008640 32077 364284 22.713097 501 918 1052 1150.771082 0.030335 0.142969 270798 
999613440 32149 365984 22.767987 502 917 1060 1156.110734 0.030426 0.142882 272312 
1000218240 32216 367476 22.813260 503 910 1060 1160.160231 0.030484 0.142654 273584 
1000823040 32280 368935 22.858426 505 908 1057 1164.114560 0.030410 0.142408 274821 
1001427840 32357 370418 22.895695 507 904 1061 1167.822542 0.030440 0.142432 276097 
1002032640 32445 372135 22.939436 507 908 1052 1171.539898 0.030464 0.142184 277569 
1002637440 32539 373921 22.982944 508 913 1052 1175.755002 0.030498 0.141958 279060 
1003242240 32629 375874 23.039260 510 913 1038 1180.721689 0.030525 0.141806 280725 
1003847040 32710 377563 23.085478 510 910 1037 1184.929991 0.030609 0.141675 282185 
1004451840 32808 379417 23.129542 510 910 1040 1189.125640 0.030593 0.141561 283765 
1005056640 32891 381027 23.169074 512 909 1038 1192.770363 0.030559 0.141352 285094 
1005661440 32993 383198 23.229049 513 907 1034 1198.145485 0.030543 0.140964 286928 
1006266240 33075 384982 23.279335 513 905 1028 1203.154709 0.030491 0.140764 288502 
1006871040 33177 386881 23.322241 514 906 1029 1207.394339 0.030436 0.140610 290117 
1007475840 33338 389279 23.353471 516 904 1038 1210.627032 0.030568 0.140853 292059 
1008080640 33434 391405 23.413591 517 902 1035 1216.053239 0.030580 0.140752 293848 
1008685440 33524 393252 23.460924 517 900 1038 1220.169252 0.030617 0.140542 295393 
1009290240 33601 395011 23.511860 518 898 1037 1224.784560 0.030647 0.140337 296909 
1009895040 33639 395855 23.535480 519 898 1040 1227.230001 0.030649 0.140372 297637 
1010499840 33690 396682 23.548946 520 899 1042 1228.432651 0.030693 0.140209 298298 
1011104640 33778 399003 23.625022 521 897 1041 1241.063532 0.029977 0.140073 300687 
1011709440 33845 400521 23.667957 524 892 1042 1245.709795 0.029990 0.139911 302034 
1012314240 33911 402040 23.711480 524 889 1040 1249.664416 0.029946 0.139814 303346 
1012919040 33995 404277 23.784498 526 886 1036 1256.275864 0.029938 0.139465 305260 
1013523840 34067 406117 23.842252 526 883 1039 1262.999795 0.029616 0.139422 306927 
1014128640 34140 407713 23.884769 527 880 1041 1268.769830 0.029429 0.139311 308390 
1014733440 34207 409314 23.931593 527 875 1040 1273.135732 0.029462 0.139181 309800 
1015338240 34285 410902 23.969783 528 881 1039 1276.860493 0.029556 0.138973 311162 
1015943040 34342 412321 24.012638 529 882 1033 1282.090734 0.029400 0.138794 312455 
1016547840 34343 412365 24.014501 529 882 1033 1282.237137 0.029400 0.138785 312497 
