820800000 0 0 0.000000 0 0 0 0.000000 0.000000 0.000000 0 
821404800 9580 40320 8.417537 178 1632 1198 198.357203 0.013252 0.193634 36174 
822009600 9629 40671 8.447606 178 1628 1204 199.488628 0.013363 0.193800 36415 
822614400 9671 41092 8.497984 179 1614 1206 201.126047 0.014233 0.194038 36706 
823219200 9742 41801 8.581605 181 1592 1209 204.409977 0.015183 0.194635 37184 
823824000 9805 42469 8.662723 185 1586 1205 208.323712 0.015685 0.194143 37702 
824428800 9876 43011 8.710207 186 1584 1207 210.173350 0.016747 0.193979 38064 
825033600 9933 43619 8.782644 187 1573 1203 213.182724 0.017322 0.193622 38507 
825638400 10013 44200 8.828523 187 1573 1206 214.710476 0.018344 0.193729 38907 
826243200 10095 44809 8.877464 187 1588 1210 218.988410 0.017276 0.193107 39391 
826848000 10167 45382 8.927314 187 1579 1224 220.833874 0.017907 0.193367 39769 
827452800 10235 46020 8.992672 188 1561 1230 223.429604 0.018754 0.193799 40272 
828057600 10296 46662 9.064103 190 1550 1229 227.876651 0.018879 0.194268 40810 
828662400 10362 47248 9.119475 190 1527 1236 229.615904 0.019765 0.194970 41174 
829267200 10415 47644 9.149112 190 1522 1250 230.954201 0.020223 0.195062 41422 
829872000 10482 48220 9.200534 194 1514 1254 233.195192 0.021108 0.194943 41822 
830476800 10544 48765 9.249810 194 1514 1260 236.051404 0.021303 0.194818 42208 
831081600 10620 49380 9.299435 194 1519 1260 238.595104 0.021112 0.194524 42652 
831686400 10679 49860 9.337953 195 1504 1279 240.199457 0.021866 0.194571 42944 
832291200 10765 50465 9.375755 197 1505 1297 242.173897 0.022128 0.194524 43332 
832896000 10822 51056 9.435594 198 1491 1302 245.521530 0.022235 0.194997 43803 
833500800 10882 51476 9.460761 199 1486 1307 246.606874 0.022537 0.195354 44051 
834105600 10967 52298 9.537339 200 1479 1302 250.062187 0.022396 0.194718 44640 
834710400 11040 52978 9.597464 202 1462 1311 253.393116 0.021873 0.195284 45124 
835315200 11125 53720 9.657528 204 1452 1328 256.239640 0.022245 0.196198 45629 
835920000 11190 54354 9.714745 206 1436 1326 258.349062 0.022848 0.196912 46045 
836524800 11268 54945 9.752396 207 1441 1325 259.999823 0.023523 0.196265 46431 
837129600 11326 55396 9.782094 207 1425 1329 261.285185 0.023670 0.197484 46727 
837734400 11398 55948 9.817161 207 1415 1338 262.608177 0.024257 0.197528 47113 
838339200 11472 56637 9.873954 208 1407 1344 264.891911 0.024544 0.196696 47572 
838944000 11534 57255 9.928039 208 1391 1342 267.110109 0.024288 0.196428 47974 
839548800 11608 57966 9.987250 209 1387 1347 269.481048 0.024909 0.196391 48492 
840153600 11680 58498 10.016781 210 1388 1338 270.364384 0.025629 0.196294 48827 
840758400 11770 59231 10.064741 211 1388 1329 272.590484 0.025742 0.195879 49352 
841363200 11849 59742 10.083889 212 1390 1332 273.942105 0.025932 0.195580 49680 
841968000 11914 60337 10.128756 213 1386 1326 275.679369 0.026529 0.195276 50087 
842572800 11988 61141 10.200367 214 1386 1318 278.744244 0.026907 0.194479 50648 
843177600 12069 61834 10.246748 214 1387 1310 280.721352 0.027444 0.194081 51096 
843782400 12163 62792 10.325084 216 1379 1308 284.537203 0.028507 0.193981 51842 
844387200 12248 63697 10.401208 217 1372 1316 288.130470 0.029875 0.193517 52514 
844992000 12333 64524 10.463634 220 1360 1318 290.896457 0.030391 0.193957 53110 
845596800 12416 65422 10.538338 221 1348 1315 293.994201 0.031113 0.193100 53743 
846201600 12503 66489 10.635687 225 1341 1316 300.552827 0.033188 0.192912 54667 
846806400 12580 67176 10.679809 228 1328 1320 302.575835 0.033785 0.193223 55172 
847411200 12658 68026 10.748301 231 1326 1315 305.872176 0.033875 0.193365 55806 
848016000 12718 68648 10.795408 232 1308 1323 307.689259 0.034280 0.194155 56274 
848620800 12777 69135 10.821789 232 1300 1333 308.961102 0.034484 0.194717 56589 
849225600 12855 69961 10.884636 232 1298 1312 311.814391 0.035509 0.193894 57202 
849830400 12925 70833 10.960619 233 1297 1295 316.185377 0.036342 0.193194 57910 
850435200 13007 71783 11.037595 233 1292 1302 320.005382 0.037390 0.193048 58655 
851040000 13082 72633 11.104265 233 1281 1292 322.760893 0.038126 0.192826 59258 
851644800 13129 73211 11.152563 233 1277 1296 325.273974 0.038867 0.192589 59681 
852249600 13159 73490 11.169542 233 1272 1296 326.062467 0.038796 0.192938 59866 
852854400 13212 74163 11.226612 235 1258 1305 329.310173 0.039405 0.192693 60401 
853459200 13266 74877 11.288557 237 1252 1305 332.292326 0.040202 0.192528 60948 
854064000 13312 75369 11.323468 237 1244 1311 333.898287 0.040239 0.193079 61345 
854668800 13383 76087 11.370694 239 1244 1295 335.928716 0.040906 0.192945 61861 
855273600 13472 76948 11.423397 241 1249 1302 338.790974 0.041381 0.192282 62527 
855878400 13529 77725 11.490132 241 1243 1301 342.593244 0.041302 0.191927 63120 
856483200 13584 78376 11.539458 243 1247 1296 345.546525 0.041220 0.191567 63679 
857088000 13649 79102 11.590886 245 1241 1298 348.080006 0.041158 0.191658 64201 
857692800 13708 79835 11.647943 245 1231 1306 350.990954 0.041209 0.191697 64776 
858297600 13774 80625 11.706839 246 1231 1292 354.234645 0.041332 0.191391 65369 
858902400 13837 81347 11.757895 246 1225 1295 356.780516 0.041701 0.191582 65945 
859507200 13907 82186 11.819372 247 1209 1305 359.893723 0.042072 0.191736 66588 
860112000 13957 82757 11.858852 248 1214 1302 362.187146 0.042393 0.191396 67055 
860716800 14027 83582 11.917302 249 1202 1309 364.911243 0.042328 0.191530 67700 
861321600 14085 84261 11.964643 249 1196 1309 367.462123 0.042684 0.191590 68275 
861926400 14144 85089 12.031816 250 1191 1306 373.279553 0.041658 0.191525 68963 
862531200 14219 85827 12.072157 251 1191 1299 375.738941 0.042102 0.191862 69553 
863136000 14285 86606 12.125446 252 1190 1291 378.381659 0.042251 0.191921 70174 
863740800 14350 87315 12.169338 254 1188 1286 380.732265 0.042348 0.191897 70715 
864345600 14417 88127 12.225428 254 1181 1283 383.924395 0.043261 0.191686 71414 
864950400 14491 88944 12.275757 254 1186 1277 386.921123 0.043560 0.191196 72044 
865555200 14573 89855 12.331709 255 1173 1275 389.344541 0.044084 0.191198 72733 
866160000 14660 90844 12.393452 257 1171 1270 392.665894 0.044349 0.190674 73497 
866764800 14736 91689 12.444218 259 1165 1276 395.525244 0.044564 0.190528 74170 
867369600 14838 92805 12.509098 262 1165 1274 398.999191 0.045054 0.189952 75047 
867974400 14915 93825 12.581294 262 1157 1270 402.981428 0.045577 0.189780 75845 
868579200 14985 94765 12.647981 262 1149 1264 406.324725 0.045713 0.189472 76559 
869184000 15069 95556 12.682461 263 1155 1253 408.060256 0.045757 0.189549 77132 
869788800 15144 96611 12.758980 265 1146 1248 412.669176 0.046225 0.189413 77980 
870393600 15234 97883 12.850597 270 1138 1239 417.654326 0.046360 0.188866 79002 
870998400 15316 98888 12.913032 272 1140 1235 421.497780 0.047268 0.188577 79851 
871603200 15387 99753 12.965880 272 1138 1232 424.313121 0.047829 0.188384 80488 
872208000 15471 100698 13.017646 273 1138 1226 427.077112 0.048123 0.188091 81181 
872812800 15527 101196 13.034843 273 1138 1222 427.956205 0.048506 0.188304 81538 
873417600 15591 101827 13.062280 273 1136 1223 429.312296 0.048704 0.188134 81985 
874022400 15668 102783 13.120117 274 1125 1233 434.076462 0.047672 0.188596 82814 
874627200 15755 103853 13.183497 275 1131 1232 438.975182 0.046250 0.187897 83689 
875232000 15826 104597 13.218375 275 1141 1228 441.190699 0.046506 0.187652 84277 
875836800 15908 105439 13.256098 276 1140 1233 443.264395 0.046697 0.187480 84888 
876441600 15984 106224 13.291291 276 1125 1249 445.007633 0.047011 0.187925 85454 
877046400 16064 107096 13.333665 276 1129 1249 447.215015 0.047509 0.187668 86166 
877651200 16147 107991 13.375983 277 1134 1246 449.703103 0.047842 0.186962 86790 
878256000 16254 109069 13.420573 278 1143 1244 452.061277 0.048207 0.186376 87557 
878860800 16331 110094 13.482824 278 1130 1256 455.778948 0.048626 0.186242 88329 
879465600 16401 110967 13.531736 279 1130 1252 458.346808 0.048833 0.185595 88973 
880070400 16510 112149 13.585584 279 1151 1251 461.856329 0.049128 0.185090 89890 
880675200 16594 113049 13.625286 279 1144 1252 463.868386 0.049443 0.184881 90553 
881280000 16690 114339 13.701498 281 1139 1261 468.202037 0.049537 0.183986 91521 
881884800 16799 115640 13.767486 281 1155 1252 475.583666 0.047082 0.183170 92663 
882489600 16894 116670 13.812004 282 1152 1258 478.498047 0.047567 0.182796 93424 
883094400 16971 117760 13.877792 284 1145 1256 482.584527 0.047463 0.182411 94293 
883699200 17009 118290 13.909107 284 1138 1255 484.445411 0.047470 0.182447 94673 
884304000 17046 118906 13.951191 286 1136 1249 486.834917 0.047406 0.182064 95150 
884908800 17116 119900 14.010283 288 1126 1247 491.196308 0.046514 0.181810 95933 
885513600 17193 120802 14.052463 290 1112 1250 493.693364 0.046399 0.181756 96605 
886118400 17246 121504 14.090688 290 1108 1247 496.527311 0.046386 0.181708 97205 
886723200 17312 122388 14.139094 291 1098 1250 499.157463 0.046784 0.181510 97884 
887328000 17376 123364 14.199355 291 1092 1257 504.195672 0.046346 0.181152 98730 
887932800 17434 124070 14.233108 291 1097 1251 506.453482 0.046008 0.180991 99268 
888537600 17514 125133 14.289483 294 1095 1250 509.646226 0.046058 0.180903 100066 
889142400 17585 126095 14.341200 294 1096 1241 512.606426 0.046110 0.180494 100792 
889747200 17730 127201 14.348675 294 1156 1239 515.619064 0.044043 0.179533 101650 
890352000 17793 128146 14.404091 294 1153 1228 518.610802 0.044450 0.179232 102373 
890956800 17875 129156 14.451021 295 1147 1240 521.481175 0.044552 0.179259 103139 
891561600 17935 129943 14.490438 295 1143 1244 524.249233 0.044714 0.178945 103752 
892166400 17983 130548 14.519046 295 1146 1236 525.776900 0.044947 0.178620 104219 
892771200 18027 131277 14.564487 295 1141 1241 528.918289 0.044729 0.178707 104820 
893376000 18106 132198 14.602673 295 1140 1241 531.211311 0.045016 0.178508 105555 
893980800 18194 133192 14.641310 296 1134 1253 534.063757 0.044695 0.178686 106345 
894585600 18250 133819 14.665096 297 1126 1260 535.284493 0.044842 0.178587 106822 
895190400 18324 134742 14.706614 297 1118 1259 537.520083 0.045099 0.178453 107508 
895795200 18411 135782 14.750095 299 1103 1275 540.097007 0.045163 0.178861 108291 
896400000 18500 136816 14.790919 299 1104 1280 543.154919 0.045225 0.178722 109085 
897004800 18586 137821 14.830625 300 1097 1295 545.502744 0.045538 0.178566 109829 
897609600 18681 139134 14.895776 300 1099 1289 549.678390 0.045710 0.177780 110913 
898214400 18756 140055 14.934421 300 1107 1267 552.261783 0.045758 0.177364 111617 
898819200 18830 141169 14.994052 301 1095 1274 558.086776 0.043797 0.177058 112566 
899424000 18910 142154 15.034796 302 1086 1274 560.494447 0.043837 0.176906 113270 
900028800 19008 143426 15.091120 302 1089 1267 564.259996 0.043816 0.176734 114282 
900633600 19096 144584 15.142857 303 1091 1258 568.002199 0.044165 0.176449 115209 
901238400 19184 145714 15.191201 305 1091 1250 572.123957 0.044083 0.176412 116108 
901843200 19261 146650 15.227662 306 1089 1255 574.416282 0.044353 0.176456 116809 
902448000 19329 147394 15.251074 306 1096 1241 575.857623 0.044661 0.176133 117392 
903052800 19401 148410 15.299211 306 1091 1240 578.748724 0.044871 0.176045 118189 
903657600 19457 149132 15.329393 307 1086 1243 580.350722 0.045115 0.175875 118735 
904262400 19528 150051 15.367780 308 1080 1247 582.596067 0.045383 0.175796 119461 
904867200 19645 151601 15.434054 308 1079 1253 586.863731 0.045428 0.175354 120657 
905472000 19717 152398 15.458538 308 1076 1262 588.419942 0.045549 0.175284 121265 
906076800 19826 153787 15.513669 308 1075 1253 591.740845 0.045859 0.175218 122349 
906681600 19913 154963 15.564003 311 1067 1254 594.872897 0.046124 0.174973 123254 
907286400 20006 155992 15.594522 312 1069 1258 596.941618 0.046610 0.174987 124076 
907891200 20083 157355 15.670468 312 1062 1255 602.386695 0.046694 0.174668 125256 
908496000 20159 158250 15.700184 314 1060 1256 604.155762 0.046818 0.174456 125951 
909100800 20246 159228 15.729329 315 1067 1247 606.027462 0.047003 0.174141 126663 
909705600 20328 160278 15.769185 316 1066 1254 608.480028 0.047271 0.174110 127494 
910310400 20402 161385 15.820508 317 1067 1250 611.999216 0.047254 0.173886 128434 
910915200 20467 162402 15.869644 319 1063 1251 615.573753 0.047225 0.173437 129256 
911520000 20567 163708 15.919483 321 1064 1256 619.220013 0.047333 0.173275 130323 
912124800 20641 164871 15.975098 321 1055 1259 623.108473 0.047345 0.173224 131256 
912729600 20720 166001 16.023263 322 1054 1261 626.431853 0.047527 0.172998 132177 
913334400 20809 167442 16.093229 322 1053 1265 631.899659 0.047468 0.172720 133431 
913939200 20917 169159 16.174308 325 1059 1262 638.766649 0.047441 0.172172 134913 
914544000 20999 170385 16.227916 325 1066 1249 642.508500 0.047747 0.171809 135920 
915148800 21038 170882 16.245080 326 1062 1251 643.806636 0.047916 0.171912 136306 
915753600 21084 171728 16.289888 326 1059 1249 646.625783 0.047772 0.171658 136969 
916358400 21154 172825 16.339699 326 1058 1240 649.883804 0.047815 0.171196 137818 
916963200 21217 173728 16.376302 328 1056 1244 652.559457 0.048065 0.171125 138561 
917568000 21287 174673 16.411237 329 1047 1251 655.118335 0.048257 0.171234 139342 
918172800 21337 175365 16.437644 330 1041 1254 656.735249 0.048444 0.171202 139890 
918777600 21422 176707 16.497713 331 1031 1249 660.639249 0.048632 0.171221 140984 
919382400 21492 177629 16.529779 332 1030 1253 663.179695 0.048802 0.171344 141735 
919987200 21575 178674 16.563059 333 1037 1245 665.344983 0.048895 0.171015 142499 
920592000 21657 180001 16.622893 334 1035 1246 669.242924 0.048913 0.170607 143555 
921196800 21729 181082 16.667311 334 1032 1246 672.704496 0.048777 0.170682 144479 
921801600 21804 182261 16.718125 335 1031 1248 676.189140 0.048857 0.170603 145467 
922406400 21906 183946 16.794120 338 1031 1241 681.842052 0.048785 0.170168 146824 
923011200 21984 185197 16.848344 338 1031 1239 685.675764 0.048899 0.169718 147809 
923616000 22057 186550 16.915265 340 1033 1235 690.783153 0.048901 0.169265 148964 
924220800 22126 187451 16.943957 340 1037 1231 693.011480 0.048836 0.169134 149672 
924825600 22205 188773 17.002747 340 1038 1222 696.942851 0.048903 0.168716 150739 
925430400 22267 189774 17.045314 340 1034 1215 699.923744 0.048764 0.168606 151514 
926035200 22363 191205 17.100121 340 1042 1215 705.004964 0.048395 0.168372 152701 
926640000 22434 192401 17.152625 341 1037 1222 709.026299 0.048675 0.168266 153703 
927244800 22531 193892 17.211131 341 1041 1217 713.163286 0.048788 0.167966 154904 
927849600 22626 195417 17.273667 342 1037 1215 718.163352 0.048327 0.167897 156236 
928454400 22724 197324 17.367013 345 1031 1215 725.374230 0.048532 0.167790 157954 
929059200 22811 198845 17.434133 348 1024 1215 730.099601 0.048449 0.167299 159214 
929664000 22902 200482 17.507816 351 1018 1210 735.956423 0.048527 0.167110 160611 
930268800 22972 201607 17.552412 352 1023 1205 739.188403 0.048576 0.166752 161547 
930873600 23052 202921 17.605501 353 1022 1205 742.827434 0.048801 0.166423 162607 
931478400 23130 204064 17.644963 354 1035 1201 746.103415 0.048772 0.166305 163611 
932083200 23232 205445 17.686381 355 1033 1198 749.012999 0.048800 0.166325 164713 
932688000 23313 206707 17.733196 357 1027 1194 752.425943 0.048809 0.166235 165754 
933292800 23408 208264 17.794258 358 1024 1195 756.999402 0.048807 0.166195 167029 
933897600 23507 209658 17.837921 360 1027 1202 760.189135 0.049001 0.166102 168171 
934502400 23574 210792 17.883431 361 1025 1203 763.396369 0.049042 0.165973 169115 
935107200 23653 212156 17.939035 364 1024 1204 767.598021 0.049080 0.165848 170284 
935712000 23717 212992 17.961125 365 1023 1208 769.341738 0.049233 0.165846 170982 
936316800 23803 214584 18.029996 366 1022 1191 774.555560 0.049488 0.165639 172372 
936921600 23880 215947 18.086013 366 1019 1192 778.866248 0.049512 0.165545 173548 
937526400 23983 217526 18.140016 368 1016 1200 783.044657 0.049656 0.165375 174888 
938131200 24069 219091 18.205243 371 1010 1201 787.521376 0.049803 0.165207 176181 
938736000 24153 220177 18.231855 372 1012 1198 789.234712 0.049965 0.164958 177088 
939340800 24230 221691 18.298886 372 1013 1187 794.936112 0.049858 0.164688 178401 
939945600 24314 222930 18.337583 372 1021 1186 797.758575 0.049822 0.164443 179443 
940550400 24403 224143 18.370118 372 1024 1183 800.221038 0.049898 0.164382 180413 
941155200 24504 225537 18.408178 375 1023 1189 802.894385 0.050024 0.164407 181526 
941760000 24575 226981 18.472513 376 1011 1198 807.895422 0.049920 0.164341 182798 
942364800 24652 228755 18.558738 379 1008 1192 815.200065 0.049710 0.163980 184370 
942969600 24731 230205 18.616716 381 1005 1191 819.481622 0.049750 0.163661 185575 
943574400 24827 231833 18.675877 381 1010 1191 824.172554 0.049784 0.163371 186948 
944179200 24904 232870 18.701413 381 1007 1195 825.989560 0.049919 0.163404 187785 
944784000 24967 233896 18.736412 381 1009 1196 828.720952 0.049763 0.163394 188680 
945388800 25072 235770 18.807435 384 1003 1202 835.136726 0.049621 0.163399 190362 
945993600 25179 237560 18.869693 384 1004 1188 839.781882 0.049559 0.163099 191894 
946598400 25229 238299 18.890880 385 998 1197 841.509771 0.049633 0.163183 192510 
947203200 25285 239168 18.917777 386 997 1200 843.331620 0.049761 0.163072 193196 
947808000 25356 240446 18.965610 387 996 1193 846.975785 0.049784 0.162690 194271 
948412800 25452 241861 19.005265 389 993 1189 850.473126 0.049896 0.162743 195504 
949017600 25523 242843 19.029346 389 996 1189 852.370019 0.050050 0.162758 196279 
949622400 25614 244636 19.101741 391 996 1187 858.322402 0.050068 0.162608 197843 
950227200 25697 245843 19.133985 392 999 1198 860.814492 0.050153 0.162466 198838 
950832000 25770 247221 19.186729 396 994 1202 865.012806 0.050073 0.162250 199988 
951436800 25838 248679 19.249090 397 995 1193 870.505147 0.050558 0.161991 201337 
952041600 25904 249641 19.274321 397 995 1194 872.444333 0.050670 0.161772 202116 
952646400 25976 251072 19.331075 397 1000 1190 878.669618 0.050469 0.161409 203453 
953251200 26060 252941 19.412203 400 995 1184 888.981581 0.048206 0.161218 205327 
953856000 26130 254501 19.479602 400 993 1182 895.157290 0.048043 0.160971 206711 
954460800 26198 255533 19.507825 401 992 1181 897.704100 0.048112 0.160909 207573 
955065600 26283 257121 19.565575 405 986 1180 902.201880 0.048061 0.160566 208888 
955670400 26355 258258 19.598406 405 990 1174 904.914058 0.048084 0.160327 209837 
956275200 26422 259380 19.633639 405 990 1172 907.786844 0.048123 0.160130 210762 
956880000 26484 260354 19.661229 405 997 1166 909.919574 0.048130 0.159957 211573 
957484800 26541 261577 19.711164 406 1000 1167 917.030632 0.047850 0.159738 212901 
958089600 26613 263105 19.772667 408 998 1163 923.120655 0.047329 0.159215 214278 
958694400 26702 264612 19.819639 409 998 1163 927.297955 0.047603 0.158970 215619 
959299200 26766 265951 19.872301 410 995 1159 931.185011 0.047713 0.158691 216760 
959904000 26854 267394 19.914650 411 992 1164 935.033217 0.047655 0.158667 217988 
960508800 26916 268594 19.957943 412 981 1176 939.204860 0.047636 0.158786 219063 
961113600 27020 270406 20.015248 412 982 1175 944.500888 0.047673 0.158528 220627 
961718400 27105 271695 20.047593 415 986 1169 947.316067 0.047816 0.158223 221713 
962323200 27185 272918 20.078573 415 983 1171 949.946073 0.047777 0.158175 222743 
962928000 27257 274209 20.120263 418 978 1171 953.439704 0.047709 0.157956 223787 
963532800 27340 275600 20.160936 420 977 1164 956.692538 0.047691 0.157777 224943 
964137600 27434 277513 20.231319 422 979 1157 963.110593 0.047694 0.157499 226600 
964742400 27529 279298 20.291184 424 977 1156 968.202187 0.047580 0.157263 228126 
965347200 27609 280753 20.337788 425 980 1152 971.890543 0.047647 0.156849 229348 
965952000 27675 281970 20.377236 425 975 1148 975.032701 0.047495 0.156744 230396 
966556800 27762 283455 20.420359 428 974 1144 978.782725 0.047536 0.156503 231694 
967161600 27843 284696 20.450095 430 978 1145 981.319973 0.047659 0.156320 232705 
967766400 27908 285940 20.491615 432 978 1141 984.738498 0.047615 0.156116 233765 
968371200 27997 287215 20.517555 435 975 1147 987.234347 0.047571 0.156156 234825 
968976000 28081 288503 20.547915 435 972 1156 990.285816 0.047760 0.156211 235906 
969580800 28165 289762 20.576034 436 968 1151 992.822297 0.047695 0.156339 236925 
970185600 28239 290873 20.600800 438 965 1154 995.052374 0.047745 0.156415 237854 
970790400 28309 292184 20.642481 438 961 1152 998.421915 0.047814 0.156262 238940 
971395200 28390 293407 20.669743 438 964 1149 1000.818528 0.047802 0.156096 239947 
972000000 28493 295085 20.712807 438 960 1152 1005.150809 0.047788 0.156020 241370 
972604800 28571 296212 20.735151 439 959 1155 1007.287249 0.047673 0.156024 242285 
973209600 28657 297809 20.784381 442 959 1160 1012.529714 0.047297 0.155877 243662 
973814400 28751 299346 20.823345 444 952 1160 1015.945671 0.047453 0.155793 244941 
974419200 28823 300430 20.846546 444 952 1156 1017.859487 0.047435 0.155738 245835 
975024000 28907 302044 20.897637 446 956 1151 1022.428132 0.047567 0.155461 247229 
975628800 29017 304279 20.972464 449 956 1156 1029.298687 0.047656 0.155354 249159 
976233600 29110 305844 21.012985 449 954 1158 1032.685881 0.047795 0.155251 250477 
976838400 29201 307364 21.051608 449 954 1151 1036.214376 0.047858 0.155063 251743 
977443200 29322 309296 21.096515 450 953 1150 1039.896528 0.047843 0.154804 253313 
978048000 29386 310308 21.119445 450 954 1147 1041.859797 0.047914 0.154597 254150 
978652800 29444 311274 21.143459 450 958 1144 1044.103383 0.047847 0.154359 254978 
979257600 29518 312880 21.199268 451 957 1139 1049.091876 0.047791 0.154013 256364 
979862400 29603 314228 21.229470 454 955 1139 1051.861501 0.047661 0.153926 257496 
980467200 29685 315784 21.275661 455 955 1138 1056.729661 0.047559 0.153664 258817 
981072000 29759 317616 21.345879 456 948 1140 1067.051581 0.046914 0.153527 260724 
981676800 29865 319606 21.403382 458 947 1146 1072.778235 0.046718 0.153462 262469 
982281600 29961 321476 21.459631 461 948 1141 1077.765028 0.046672 0.153084 264105 
982886400 30045 323038 21.503611 462 949 1139 1081.662173 0.046677 0.152735 265448 
983491200 30135 324667 21.547503 463 953 1134 1085.619180 0.046575 0.152409 266865 
984096000 30203 326274 21.605403 467 953 1129 1090.738337 0.046545 0.152103 268287 
984700800 30290 328086 21.662991 467 951 1124 1095.730274 0.046575 0.151703 269885 
985305600 30351 329409 21.706632 468 946 1125 1099.236994 0.046563 0.151485 271010 
985910400 30436 330974 21.748850 469 944 1129 1103.153240 0.046735 0.151371 272391 
986515200 30523 332603 21.793598 469 942 1123 1107.332765 0.046684 0.151190 273813 
987120000 30592 333979 21.834401 471 940 1123 1111.257911 0.046613 0.150952 275034 
987724800 30664 335291 21.868706 471 942 1115 1114.082638 0.046718 0.150799 276166 
988329600 30749 337233 21.934567 472 943 1113 1120.150639 0.046610 0.150528 277810 
988934400 30816 338652 21.978972 474 942 1112 1123.801986 0.046832 0.150181 279014 
989539200 30877 339794 22.009522 474 943 1104 1126.311818 0.046914 0.149997 279983 
990144000 30964 341551 22.061168 474 945 1099 1130.940512 0.046943 0.149792 281520 
990748800 31050 343073 22.098100 474 955 1095 1134.291723 0.046979 0.149494 282768 
991353600 31145 344920 22.149302 475 960 1087 1139.011270 0.046967 0.149120 284389 
991958400 31227 346601 22.198802 476 952 1094 1144.198290 0.046968 0.149186 285920 
992563200 31305 348127 22.240984 480 952 1093 1148.644817 0.046925 0.149043 287253 
993168000 31399 349968 22.291665 483 955 1092 1153.343673 0.046987 0.148784 288865 
993772800 31494 352015 22.354417 484 952 1090 1159.825872 0.046823 0.148528 290703 
994377600 31566 353528 22.399290 486 949 1084 1163.827599 0.046763 0.148350 291997 
994982400 31652 355352 22.453684 486 945 1081 1168.517945 0.046745 0.148107 293573 
995587200 31729 356847 22.493429 488 949 1079 1172.832046 0.046709 0.147884 294970 
996192000 31795 358125 22.527127 488 954 1078 1176.300110 0.046747 0.147594 296093 
996796800 31873 359600 22.564553 490 950 1076 1180.228406 0.046608 0.147367 297402 
997401600 31937 360941 22.603313 490 950 1074 1183.736857 0.046520 0.147304 298573 
998006400 31982 362120 22.645238 491 947 1075 1187.457195 0.046545 0.147136 299588 
998611200 32045 363621 22.694399 491 945 1072 1191.947574 0.046503 0.146901 300962 
999216000 32108 365258 22.751838 492 941 1072 1197.497882 0.046372 0.146671 302433 
999820800 32177 366512 22.780993 493 946 1072 1200.280200 0.046409 0.146454 303470 
1000425600 32242 368116 22.834564 493 944 1067 1205.353080 0.046438 0.146149 304932 
1001030400 32313 369566 22.874137 494 945 1069 1208.901185 0.046501 0.145948 306201 
1001635200 32395 371166 22.915018 494 943 1067 1212.822596 0.046563 0.145642 307571 
1002240000 32489 372844 22.952015 494 939 1076 1216.181477 0.046655 0.145724 308977 
1002844800 32572 374630 23.003193 495 936 1079 1220.835626 0.046544 0.145519 310499 
1003449600 32675 376831 23.065402 497 936 1073 1227.025493 0.046562 0.145123 312506 
1004054400 32756 378579 23.115093 499 926 1073 1231.582977 0.046473 0.145053 313971 
1004659200 32852 380180 23.145014 500 925 1076 1234.432789 0.046533 0.144848 315307 
1005264000 32934 382019 23.199065 500 923 1077 1239.862634 0.046468 0.144556 316917 
1005868800 33028 383985 23.252089 502 924 1066 1245.221509 0.046359 0.144276 318649 
1006473600 33124 385720 23.289458 503 923 1061 1248.727448 0.046372 0.144130 320111 
1007078400 33256 387916 23.329083 506 925 1063 1252.965360 0.046452 0.144050 321952 
1007683200 33382 390092 23.371398 507 923 1072 1257.563837 0.046351 0.144110 323856 
1008288000 33467 392162 23.435743 507 919 1067 1263.419727 0.046236 0.143670 325670 
1008892800 33564 394096 23.483256 509 920 1063 1267.448338 0.046340 0.143435 327307 
1009497600 33619 395338 23.518725 512 922 1062 1271.112883 0.046336 0.143273 328424 
1010102400 33651 396067 23.539687 513 924 1060 1273.332561 0.046308 0.143136 329019 
1010707200 33723 397820 23.593393 515 925 1061 1284.155146 0.045688 0.143152 331002 
1011312000 33805 399784 23.652359 517 922 1059 1290.175004 0.045639 0.142959 332796 
1011916800 33877 401417 23.698498 519 921 1061 1294.911415 0.045586 0.142875 334258 
1012521600 33956 403294 23.753917 521 919 1056 1300.251031 0.045505 0.142653 335881 
1013126400 34030 405231 23.816103 524 918 1053 1307.394005 0.045263 0.142390 337675 
1013731200 34095 406907 23.869013 525 914 1047 1313.871418 0.045088 0.142368 339239 
1014336000 34161 408257 23.901935 525 912 1043 1317.080355 0.045094 0.142171 340398 
1014940800 34235 410058 23.955484 525 908 1041 1322.208383 0.045031 0.141865 341974 
1015545600 34315 411851 24.004138 526 913 1034 1328.433455 0.045048 0.141476 343574 
1016150400 34343 412365 24.014501 526 913 1032 1329.476633 0.045050 0.141416 344036 
