820800000 0 0 0.000000 0 0 0 0.000000 0.000000 0.000000 0 
821404800 9580 40320 8.417537 180 1620 1204 198.260125 0.012814 0.195238 36244 
822009600 9629 40671 8.447606 181 1607 1213 199.210510 0.013851 0.196446 36516 
822614400 9671 41092 8.497984 181 1598 1203 200.912625 0.014896 0.196802 36872 
823219200 9742 41801 8.581605 181 1588 1207 204.349620 0.016648 0.196724 37489 
823824000 9805 42469 8.662723 182 1585 1203 208.342070 0.018317 0.196699 38084 
824428800 9876 43011 8.710207 183 1567 1216 209.916363 0.019005 0.197784 38512 
825033600 9933 43619 8.782644 183 1566 1209 213.176885 0.020717 0.197372 39052 
825638400 10013 44200 8.828523 183 1574 1206 214.827125 0.021671 0.197129 39504 
826243200 10095 44809 8.877464 184 1591 1213 219.228133 0.022632 0.197602 40097 
826848000 10167 45382 8.927314 185 1575 1221 221.245205 0.022884 0.198537 40523 
827452800 10235 46020 8.992672 185 1558 1230 223.713337 0.024163 0.199393 41028 
828057600 10296 46662 9.064103 186 1540 1229 227.880925 0.022581 0.200529 41634 
828662400 10362 47248 9.119475 186 1532 1233 230.102490 0.023096 0.201189 42073 
829267200 10415 47644 9.149112 188 1526 1246 231.478253 0.023738 0.202115 42389 
829872000 10482 48220 9.200534 188 1524 1240 233.354894 0.024737 0.202904 42799 
830476800 10544 48765 9.249810 190 1522 1248 236.529211 0.026759 0.203350 43330 
831081600 10620 49380 9.299435 190 1531 1238 239.078719 0.026935 0.203318 43822 
831686400 10679 49860 9.337953 190 1520 1250 240.640135 0.027384 0.204404 44171 
832291200 10765 50465 9.375755 190 1531 1250 242.394612 0.027869 0.205031 44614 
832896000 10822 51056 9.435594 191 1525 1252 245.761042 0.029974 0.205724 45154 
833500800 10882 51476 9.460761 192 1521 1260 246.772468 0.030363 0.206369 45446 
834105600 10967 52298 9.537339 194 1519 1250 250.494757 0.031732 0.205917 46125 
834710400 11040 52978 9.597464 195 1504 1261 253.892935 0.032427 0.206766 46685 
835315200 11125 53720 9.657528 196 1500 1272 256.881438 0.032846 0.207152 47242 
835920000 11190 54354 9.714745 196 1489 1273 259.055585 0.033516 0.206682 47721 
836524800 11268 54945 9.752396 199 1490 1280 260.785942 0.033541 0.206799 48188 
837129600 11326 55396 9.782094 202 1488 1276 262.135794 0.033042 0.207713 48512 
837734400 11398 55948 9.817161 203 1491 1274 263.467450 0.033640 0.207809 48922 
838339200 11472 56637 9.873954 204 1483 1276 265.906729 0.035046 0.207803 49470 
838944000 11534 57255 9.928039 207 1477 1268 268.200624 0.035093 0.208121 49956 
839548800 11608 57966 9.987250 208 1465 1276 270.679014 0.035393 0.208034 50501 
840153600 11680 58498 10.016781 208 1469 1271 271.689726 0.035560 0.207810 50847 
840758400 11770 59231 10.064741 210 1467 1267 273.629907 0.036237 0.207835 51381 
841363200 11849 59742 10.083889 211 1471 1268 274.396320 0.036430 0.207847 51758 
841968000 11914 60337 10.128756 211 1461 1271 276.275306 0.036668 0.208301 52188 
842572800 11988 61141 10.200367 215 1457 1272 279.382549 0.037445 0.208361 52855 
843177600 12069 61834 10.246748 217 1453 1270 281.428784 0.038480 0.208385 53404 
843782400 12163 62792 10.325084 217 1453 1270 285.165995 0.039346 0.208568 54206 
844387200 12248 63697 10.401208 220 1452 1266 288.793109 0.039915 0.208245 54874 
844992000 12333 64524 10.463634 221 1446 1269 291.685559 0.041437 0.208681 55611 
845596800 12416 65422 10.538338 223 1433 1266 295.166398 0.042599 0.209162 56407 
846201600 12503 66489 10.635687 223 1420 1274 301.352475 0.042726 0.209737 57390 
846806400 12580 67176 10.679809 224 1413 1282 303.202862 0.043389 0.210535 57940 
847411200 12658 68026 10.748301 225 1403 1285 306.047401 0.043584 0.211208 58650 
848016000 12718 68648 10.795408 227 1394 1284 308.357918 0.044015 0.211111 59141 
848620800 12777 69135 10.821789 227 1390 1291 309.438209 0.044645 0.211269 59540 
849225600 12855 69961 10.884636 229 1379 1294 312.600856 0.045244 0.211296 60239 
849830400 12925 70833 10.960619 229 1368 1295 316.682398 0.045091 0.211020 60956 
850435200 13007 71783 11.037595 233 1373 1287 320.633966 0.045541 0.210155 61720 
851040000 13082 72633 11.104265 233 1358 1278 323.631249 0.046069 0.210146 62394 
851644800 13129 73211 11.152563 238 1353 1275 326.194684 0.046633 0.210028 62894 
852249600 13159 73490 11.169542 238 1346 1279 326.905084 0.046802 0.210343 63108 
852854400 13212 74163 11.226612 240 1345 1273 329.895247 0.046800 0.209591 63666 
853459200 13266 74877 11.288557 241 1333 1277 332.909845 0.047319 0.209856 64291 
854064000 13312 75369 11.323468 242 1334 1277 334.631310 0.047591 0.209786 64708 
854668800 13383 76087 11.370694 242 1337 1272 336.630202 0.047786 0.209440 65252 
855273600 13472 76948 11.423397 242 1344 1269 339.606146 0.048653 0.208839 65927 
855878400 13529 77725 11.490132 244 1336 1269 343.007170 0.048762 0.208762 66592 
856483200 13584 78376 11.539458 245 1326 1276 345.910336 0.048755 0.208873 67100 
857088000 13649 79102 11.590886 245 1320 1272 348.533812 0.049015 0.209100 67733 
857692800 13708 79835 11.647943 246 1307 1279 351.277064 0.049275 0.209283 68370 
858297600 13774 80625 11.706839 248 1307 1281 354.595470 0.050247 0.208358 69051 
858902400 13837 81347 11.757895 248 1306 1287 357.299126 0.050235 0.208244 69636 
859507200 13907 82186 11.819372 248 1299 1290 360.332494 0.050405 0.207524 70310 
860112000 13957 82757 11.858852 250 1301 1289 362.730100 0.050214 0.207355 70830 
860716800 14027 83582 11.917302 251 1291 1294 365.554431 0.050624 0.207694 71526 
861321600 14085 84261 11.964643 251 1280 1299 367.794959 0.050856 0.208143 72106 
861926400 14144 85089 12.031816 253 1269 1305 373.878959 0.049422 0.208420 72943 
862531200 14219 85827 12.072157 256 1275 1303 376.309726 0.049098 0.208309 73561 
863136000 14285 86606 12.125446 256 1277 1298 379.026671 0.049248 0.208110 74228 
863740800 14350 87315 12.169338 258 1276 1300 381.450314 0.049419 0.208355 74840 
864345600 14417 88127 12.225428 259 1266 1298 384.548103 0.049435 0.208672 75554 
864950400 14491 88944 12.275757 260 1267 1304 387.664067 0.049376 0.208425 76241 
865555200 14573 89855 12.331709 261 1259 1310 390.477184 0.049637 0.208121 76990 
866160000 14660 90844 12.393452 262 1259 1308 393.842565 0.050022 0.208273 77842 
866764800 14736 91689 12.444218 264 1256 1308 396.760858 0.050070 0.208012 78572 
867369600 14838 92805 12.509098 267 1254 1309 400.094757 0.050492 0.208261 79509 
867974400 14915 93825 12.581294 269 1247 1295 403.663426 0.051123 0.207877 80341 
868579200 14985 94765 12.647981 270 1234 1292 407.107374 0.051145 0.208367 81127 
869184000 15069 95556 12.682461 270 1239 1282 408.763952 0.051340 0.207935 81782 
869788800 15144 96611 12.758980 272 1232 1280 413.313920 0.051473 0.207408 82679 
870393600 15234 97883 12.850597 273 1214 1280 418.129841 0.051772 0.207065 83755 
870998400 15316 98888 12.913032 274 1214 1275 422.167798 0.051321 0.206508 84614 
871603200 15387 99753 12.965880 274 1208 1282 425.150192 0.051955 0.206750 85372 
872208000 15471 100698 13.017646 274 1211 1274 427.796135 0.052501 0.206444 86142 
872812800 15527 101196 13.034843 275 1212 1269 428.831326 0.052780 0.206217 86544 
873417600 15591 101827 13.062280 276 1209 1276 430.192034 0.053091 0.206277 87030 
874022400 15668 102783 13.120117 278 1206 1279 435.365331 0.052616 0.206196 87929 
874627200 15755 103853 13.183497 280 1211 1275 440.597525 0.052161 0.205366 88920 
875232000 15826 104597 13.218375 281 1216 1269 442.620498 0.052269 0.205186 89555 
875836800 15908 105439 13.256098 281 1215 1266 444.738245 0.052373 0.204722 90195 
876441600 15984 106224 13.291291 281 1208 1266 446.689189 0.052582 0.204574 90813 
877046400 16064 107096 13.333665 285 1209 1270 449.173929 0.052674 0.204713 91529 
877651200 16147 107991 13.375983 286 1216 1273 451.798105 0.052484 0.204303 92381 
878256000 16254 109069 13.420573 286 1223 1270 454.645380 0.052437 0.204194 93262 
878860800 16331 110094 13.482824 289 1223 1270 458.477129 0.053035 0.203717 94163 
879465600 16401 110967 13.531736 289 1212 1277 461.042985 0.053208 0.203707 94885 
880070400 16510 112149 13.585584 290 1232 1275 465.066869 0.053854 0.202824 95886 
880675200 16594 113049 13.625286 290 1228 1268 467.047487 0.054269 0.202588 96599 
881280000 16690 114339 13.701498 292 1221 1265 471.373996 0.054771 0.201957 97718 
881884800 16799 115640 13.767486 293 1238 1265 478.780046 0.053216 0.201636 98977 
882489600 16894 116670 13.812004 294 1236 1271 481.746537 0.053533 0.201314 99828 
883094400 16971 117760 13.877792 295 1234 1258 485.799540 0.053966 0.200858 100756 
883699200 17009 118290 13.909107 295 1225 1266 487.526604 0.053918 0.200875 101203 
884304000 17046 118906 13.951191 296 1219 1266 489.971724 0.054081 0.200891 101779 
884908800 17116 119900 14.010283 298 1217 1264 494.685441 0.054583 0.200407 102728 
885513600 17193 120802 14.052463 299 1211 1265 496.973536 0.054687 0.200062 103449 
886118400 17246 121504 14.090688 300 1203 1272 499.533573 0.054688 0.199613 104017 
886723200 17312 122388 14.139094 302 1191 1281 502.102588 0.055095 0.199347 104719 
887328000 17376 123364 14.199355 302 1183 1284 506.941413 0.054493 0.199126 105574 
887932800 17434 124070 14.233108 303 1185 1282 509.195824 0.055067 0.198853 106205 
888537600 17514 125133 14.289483 306 1182 1279 512.632523 0.055249 0.198688 107094 
889142400 17585 126095 14.341200 306 1179 1279 515.776969 0.055172 0.198401 107862 
889747200 17730 127201 14.348675 309 1242 1279 518.767174 0.052944 0.197230 108786 
890352000 17793 128146 14.404091 311 1238 1277 522.284381 0.052959 0.196811 109593 
890956800 17875 129156 14.451021 312 1236 1278 525.095385 0.053380 0.196365 110411 
891561600 17935 129943 14.490438 313 1233 1283 528.105827 0.054188 0.196243 111229 
892166400 17983 130548 14.519046 313 1237 1281 529.727520 0.054496 0.196015 111720 
892771200 18027 131277 14.564487 313 1237 1274 532.883453 0.054249 0.195582 112326 
893376000 18106 132198 14.602673 314 1232 1283 535.313377 0.054423 0.195259 113097 
893980800 18194 133192 14.641310 316 1229 1278 538.368143 0.054491 0.194785 113912 
894585600 18250 133819 14.665096 316 1221 1280 539.411726 0.054776 0.194875 114399 
895190400 18324 134742 14.706614 316 1207 1279 541.729535 0.054870 0.195242 115157 
895795200 18411 135782 14.750095 318 1193 1293 544.167400 0.055309 0.195377 116046 
896400000 18500 136816 14.790919 319 1203 1295 547.289946 0.055507 0.194904 116869 
897004800 18586 137821 14.830625 319 1205 1297 549.659529 0.055999 0.194721 117696 
897609600 18681 139134 14.895776 320 1205 1293 553.928483 0.056226 0.194361 118821 
898214400 18756 140055 14.934421 322 1210 1293 556.558755 0.056295 0.194240 119598 
898819200 18830 141169 14.994052 324 1197 1295 562.521933 0.054818 0.193906 120554 
899424000 18910 142154 15.034796 324 1190 1294 564.823268 0.054908 0.193501 121336 
900028800 19008 143426 15.091120 327 1197 1295 568.965383 0.055128 0.193058 122460 
900633600 19096 144584 15.142857 329 1196 1299 572.903959 0.055650 0.192661 123494 
901238400 19184 145714 15.191201 329 1196 1298 576.947143 0.055627 0.192316 124487 
901843200 19261 146650 15.227662 330 1206 1288 579.769171 0.055679 0.191928 125239 
902448000 19329 147394 15.251074 330 1206 1294 581.294014 0.055754 0.191941 125872 
903052800 19401 148410 15.299211 332 1194 1301 584.422246 0.055689 0.192096 126724 
903657600 19457 149132 15.329393 333 1197 1295 586.205376 0.055737 0.191710 127327 
904262400 19528 150051 15.367780 334 1199 1292 588.734637 0.055613 0.191554 128109 
904867200 19645 151601 15.434054 337 1208 1291 593.607839 0.055662 0.190902 129386 
905472000 19717 152398 15.458538 338 1203 1301 595.034133 0.055799 0.190732 130048 
906076800 19826 153787 15.513669 341 1201 1302 598.393826 0.056179 0.190302 131209 
906681600 19913 154963 15.564003 342 1196 1308 601.675991 0.056316 0.190195 132202 
907286400 20006 155992 15.594522 344 1204 1296 603.809757 0.056461 0.189853 133076 
907891200 20083 157355 15.670468 345 1189 1300 609.560723 0.056637 0.189867 134347 
908496000 20159 158250 15.700184 345 1193 1295 611.509896 0.056723 0.189514 135092 
909100800 20246 159228 15.729329 346 1199 1298 613.756001 0.056840 0.189293 135905 
909705600 20328 160278 15.769185 348 1200 1301 616.547127 0.056946 0.189110 136789 
910310400 20402 161385 15.820508 349 1189 1307 619.911283 0.057155 0.188993 137725 
910915200 20467 162402 15.869644 352 1190 1304 623.598964 0.057127 0.188744 138645 
911520000 20567 163708 15.919483 352 1195 1310 627.011426 0.057132 0.188311 139769 
912124800 20641 164871 15.975098 353 1193 1304 630.985611 0.057189 0.187934 140791 
912729600 20720 166001 16.023263 354 1197 1286 634.692181 0.057328 0.187582 141815 
913334400 20809 167442 16.093229 356 1198 1277 640.277284 0.057077 0.187209 143087 
913939200 20917 169159 16.174308 359 1197 1280 647.294163 0.057037 0.186858 144794 
914544000 20999 170385 16.227916 360 1198 1271 650.911091 0.057202 0.186504 145863 
915148800 21038 170882 16.245080 360 1197 1271 652.226733 0.057160 0.186406 146269 
915753600 21084 171728 16.289888 360 1191 1267 655.323942 0.057257 0.186265 147056 
916358400 21154 172825 16.339699 362 1183 1265 658.432542 0.057406 0.186171 147984 
916963200 21217 173728 16.376302 365 1178 1270 661.011830 0.057489 0.186022 148767 
917568000 21287 174673 16.411237 366 1178 1271 663.646639 0.057412 0.185782 149550 
918172800 21337 175365 16.437644 366 1179 1265 665.479777 0.057451 0.185460 150147 
918777600 21422 176707 16.497713 369 1173 1258 669.695453 0.057564 0.185267 151317 
919382400 21492 177629 16.529779 369 1170 1268 672.229667 0.057563 0.185221 152093 
919987200 21575 178674 16.563059 369 1170 1273 674.762920 0.057339 0.185157 152995 
920592000 21657 180001 16.622893 372 1162 1275 678.893660 0.057577 0.185029 154205 
921196800 21729 181082 16.667311 372 1161 1271 682.818353 0.057948 0.184847 155227 
921801600 21804 182261 16.718125 373 1163 1276 686.425335 0.058005 0.184651 156261 
922406400 21906 183946 16.794120 375 1166 1274 691.943029 0.058193 0.184143 157796 
923011200 21984 185197 16.848344 375 1171 1272 696.079967 0.058179 0.183855 158927 
923616000 22057 186550 16.915265 376 1172 1267 701.029968 0.058302 0.183592 160185 
924220800 22126 187451 16.943957 377 1169 1271 703.172828 0.058375 0.183317 160968 
924825600 22205 188773 17.002747 379 1170 1266 707.284125 0.058419 0.183185 162161 
925430400 22267 189774 17.045314 381 1164 1261 710.225176 0.058365 0.183121 163101 
926035200 22363 191205 17.100121 381 1174 1261 715.494522 0.058120 0.182881 164460 
926640000 22434 192401 17.152625 381 1169 1265 719.197914 0.058227 0.182893 165537 
927244800 22531 193892 17.211131 383 1172 1272 723.460832 0.058348 0.182729 166867 
927849600 22626 195417 17.273667 386 1175 1260 728.989923 0.058612 0.182429 168304 
928454400 22724 197324 17.367013 387 1172 1264 736.828199 0.058878 0.182283 170161 
929059200 22811 198845 17.434133 389 1167 1262 741.495244 0.059061 0.181901 171524 
929664000 22902 200482 17.507816 389 1167 1264 747.419876 0.058817 0.181541 173082 
930268800 22972 201607 17.552412 392 1169 1261 751.041703 0.058944 0.181180 174070 
930873600 23052 202921 17.605501 394 1166 1264 755.098473 0.058932 0.180893 175245 
931478400 23130 204064 17.644963 396 1176 1263 758.906269 0.059143 0.180710 176350 
932083200 23232 205445 17.686381 396 1174 1264 762.145145 0.059218 0.180539 177523 
932688000 23313 206707 17.733196 397 1168 1259 765.746064 0.059159 0.180226 178645 
933292800 23408 208264 17.794258 400 1167 1261 770.349880 0.059374 0.180056 180017 
933897600 23507 209658 17.837921 402 1171 1257 773.667759 0.059396 0.180017 181264 
934502400 23574 210792 17.883431 405 1166 1263 777.282260 0.059566 0.179958 182295 
935107200 23653 212156 17.939035 407 1164 1261 781.298694 0.059474 0.179703 183527 
935712000 23717 212992 17.961125 408 1165 1265 782.961167 0.059546 0.179594 184242 
936316800 23803 214584 18.029996 412 1160 1260 788.750746 0.059678 0.179406 185794 
936921600 23880 215947 18.086013 413 1157 1256 792.889866 0.059565 0.179179 187017 
937526400 23983 217526 18.140016 416 1164 1248 797.206438 0.059465 0.178689 188429 
938131200 24069 219091 18.205243 417 1153 1251 801.993352 0.059450 0.178564 189829 
938736000 24153 220177 18.231855 417 1157 1254 803.911647 0.059638 0.178443 190786 
939340800 24230 221691 18.298886 419 1159 1250 809.644820 0.059548 0.178144 192236 
939945600 24314 222930 18.337583 420 1165 1254 812.573085 0.059506 0.177894 193321 
940550400 24403 224143 18.370118 420 1166 1258 815.367455 0.059290 0.177784 194331 
941155200 24504 225537 18.408178 420 1168 1268 818.357738 0.059352 0.177625 195562 
941760000 24575 226981 18.472513 420 1165 1267 823.460753 0.059226 0.177369 196866 
942364800 24652 228755 18.558738 421 1160 1265 830.642544 0.059114 0.177188 198553 
942969600 24731 230205 18.616716 424 1155 1266 835.144960 0.059211 0.177204 199891 
943574400 24827 231833 18.675877 424 1157 1260 840.010392 0.059277 0.176865 201366 
944179200 24904 232870 18.701413 426 1155 1262 842.059509 0.059180 0.176772 202273 
944784000 24967 233896 18.736412 426 1160 1259 844.783034 0.059229 0.176568 203251 
945388800 25072 235770 18.807435 430 1159 1256 851.154276 0.059265 0.176277 204977 
945993600 25179 237560 18.869693 432 1151 1257 855.710711 0.059347 0.175949 206554 
946598400 25229 238299 18.890880 432 1144 1263 857.331087 0.059465 0.175965 207214 
947203200 25285 239168 18.917777 434 1138 1270 859.457544 0.059501 0.175890 207981 
947808000 25356 240446 18.965610 436 1134 1264 863.022638 0.059429 0.175677 209145 
948412800 25452 241861 19.005265 437 1127 1264 866.291686 0.059503 0.175560 210423 
949017600 25523 242843 19.029346 438 1126 1265 868.170513 0.059634 0.175622 211286 
949622400 25614 244636 19.101741 440 1120 1271 874.214726 0.059511 0.175428 213031 
950227200 25697 245843 19.133985 441 1126 1271 876.818461 0.059501 0.175373 214101 
950832000 25770 247221 19.186729 443 1124 1270 880.745363 0.059583 0.175195 215369 
951436800 25838 248679 19.249090 447 1128 1259 886.160461 0.059444 0.174766 216727 
952041600 25904 249641 19.274321 447 1133 1252 888.233477 0.059448 0.174554 217587 
952646400 25976 251072 19.331075 447 1137 1240 894.668925 0.059069 0.174106 218999 
953251200 26060 252941 19.412203 449 1136 1231 905.415196 0.057262 0.173788 220981 
953856000 26130 254501 19.479602 452 1135 1231 912.075622 0.057114 0.173546 222545 
954460800 26198 255533 19.507825 452 1129 1227 914.434537 0.056984 0.173539 223430 
955065600 26283 257121 19.565575 454 1124 1227 918.770003 0.056958 0.173160 224819 
955670400 26355 258258 19.598406 456 1126 1220 921.552267 0.056909 0.172993 225841 
956275200 26422 259380 19.633639 456 1117 1228 924.731360 0.056915 0.173125 226868 
956880000 26484 260354 19.661229 456 1121 1224 927.061622 0.056863 0.172791 227693 
957484800 26541 261577 19.711164 457 1120 1225 934.379413 0.056755 0.172640 229110 
958089600 26613 263105 19.772667 459 1122 1218 940.177357 0.056654 0.172211 230557 
958694400 26702 264612 19.819639 460 1126 1211 944.132649 0.056597 0.171918 231854 
959299200 26766 265951 19.872301 462 1118 1214 948.269222 0.056306 0.171798 233063 
959904000 26854 267394 19.914650 462 1118 1212 952.131973 0.056282 0.171676 234366 
960508800 26916 268594 19.957943 462 1113 1220 956.293357 0.056466 0.171778 235525 
961113600 27020 270406 20.015248 462 1115 1219 962.182531 0.056628 0.171550 237245 
961718400 27105 271695 20.047593 462 1113 1219 964.814315 0.056735 0.171428 238331 
962323200 27185 272918 20.078573 464 1113 1220 967.446092 0.056673 0.171140 239421 
962928000 27257 274209 20.120263 465 1110 1218 970.869061 0.056705 0.170942 240568 
963532800 27340 275600 20.160936 470 1105 1221 974.348135 0.056634 0.170693 241782 
964137600 27434 277513 20.231319 473 1111 1217 981.332361 0.056623 0.170446 243599 
964742400 27529 279298 20.291184 474 1106 1217 986.419558 0.056431 0.170124 245229 
965347200 27609 280753 20.337788 475 1105 1218 990.386034 0.056597 0.169944 246574 
965952000 27675 281970 20.377236 475 1098 1217 993.592990 0.056582 0.169972 247664 
966556800 27762 283455 20.420359 477 1088 1228 997.660471 0.056564 0.170053 248987 
967161600 27843 284696 20.450095 479 1094 1218 1000.486442 0.056529 0.169861 250094 
967766400 27908 285940 20.491615 480 1088 1222 1003.951913 0.056381 0.169791 251186 
968371200 27997 287215 20.517555 481 1085 1226 1006.367254 0.056365 0.169663 252297 
968976000 28081 288503 20.547915 483 1085 1229 1009.056301 0.056351 0.169711 253401 
969580800 28165 289762 20.576034 486 1081 1234 1011.814167 0.056486 0.169724 254541 
970185600 28239 290873 20.600800 487 1076 1236 1013.943128 0.056453 0.169813 255458 
970790400 28309 292184 20.642481 487 1069 1244 1017.451906 0.056522 0.169631 256643 
971395200 28390 293407 20.669743 489 1063 1252 1019.933991 0.056522 0.169521 257695 
972000000 28493 295085 20.712807 492 1059 1253 1024.231636 0.056479 0.169380 259239 
972604800 28571 296212 20.735151 494 1053 1260 1026.092471 0.056482 0.169396 260206 
973209600 28657 297809 20.784381 497 1054 1261 1031.781973 0.056261 0.169192 261689 
973814400 28751 299346 20.823345 498 1052 1259 1035.386387 0.056374 0.169010 263027 
974419200 28823 300430 20.846546 499 1048 1262 1037.528224 0.056426 0.169074 263957 
975024000 28907 302044 20.897637 502 1047 1270 1042.110423 0.056487 0.168955 265444 
975628800 29017 304279 20.972464 502 1049 1270 1049.080953 0.056425 0.168581 267514 
976233600 29110 305844 21.012985 503 1045 1279 1052.919684 0.056358 0.168519 268898 
976838400 29201 307364 21.051608 505 1046 1272 1056.279374 0.056310 0.168266 270247 
977443200 29322 309296 21.096515 505 1043 1279 1060.216766 0.056051 0.168048 271946 
978048000 29386 310308 21.119445 505 1046 1276 1062.561084 0.055946 0.167882 272878 
978652800 29444 311274 21.143459 507 1049 1267 1064.684418 0.055965 0.167819 273719 
979257600 29518 312880 21.199268 508 1047 1271 1069.733112 0.055859 0.167519 275227 
979862400 29603 314228 21.229470 510 1043 1277 1072.207952 0.055772 0.167338 276417 
980467200 29685 315784 21.275661 511 1045 1273 1077.351592 0.056008 0.167141 277905 
981072000 29759 317616 21.345879 513 1042 1258 1087.969287 0.054673 0.166841 279871 
981676800 29865 319606 21.403382 515 1046 1263 1093.500619 0.054487 0.166642 281719 
982281600 29961 321476 21.459631 518 1048 1256 1098.413004 0.054478 0.166380 283444 
982886400 30045 323038 21.503611 520 1053 1251 1102.366650 0.054359 0.166040 284853 
983491200 30135 324667 21.547503 522 1055 1252 1106.473071 0.054329 0.165873 286381 
984096000 30203 326274 21.605403 524 1055 1252 1111.648843 0.054187 0.165418 287845 
984700800 30290 328086 21.662991 527 1051 1247 1116.752526 0.054081 0.165160 289501 
985305600 30351 329409 21.706632 528 1045 1244 1120.210932 0.054136 0.165037 290713 
985910400 30436 330974 21.748850 529 1051 1243 1124.365160 0.054186 0.164833 292158 
986515200 30523 332603 21.793598 530 1052 1244 1128.891393 0.054182 0.164530 293648 
987120000 30592 333979 21.834401 531 1048 1246 1132.986271 0.053912 0.164404 294905 
987724800 30664 335291 21.868706 532 1048 1239 1136.374380 0.053807 0.164331 296099 
988329600 30749 337233 21.934567 533 1047 1243 1142.622980 0.053869 0.164172 297993 
988934400 30816 338652 21.978972 533 1051 1239 1146.991758 0.053807 0.163832 299328 
989539200 30877 339794 22.009522 533 1051 1241 1149.678531 0.053853 0.163660 300365 
990144000 30964 341551 22.061168 536 1053 1238 1154.736920 0.053912 0.163479 302025 
990748800 31050 343073 22.098100 536 1060 1234 1157.991304 0.053971 0.163183 303398 
991353600 31145 344920 22.149302 537 1059 1236 1162.706694 0.053901 0.163112 305060 
991958400 31227 346601 22.198802 537 1052 1243 1168.207128 0.053867 0.163064 306600 
992563200 31305 348127 22.240984 537 1053 1249 1172.272864 0.053780 0.162878 308003 
993168000 31399 349968 22.291665 538 1058 1244 1177.361254 0.053829 0.162670 309675 
993772800 31494 352015 22.354417 540 1058 1239 1184.168413 0.053947 0.162367 311609 
994377600 31566 353528 22.399290 542 1055 1241 1188.169613 0.053989 0.162306 312987 
994982400 31652 355352 22.453684 546 1056 1236 1193.322444 0.053812 0.161939 314663 
995587200 31729 356847 22.493429 548 1059 1239 1196.850326 0.053634 0.161631 316043 
996192000 31795 358125 22.527127 549 1063 1238 1200.110080 0.053520 0.161477 317179 
996796800 31873 359600 22.564553 552 1064 1238 1204.125812 0.053177 0.161264 318551 
997401600 31937 360941 22.603313 552 1062 1237 1207.574663 0.053194 0.161129 319754 
998006400 31982 362120 22.645238 555 1061 1231 1211.442812 0.053180 0.160952 320903 
998611200 32045 363621 22.694399 557 1053 1237 1216.057919 0.053081 0.160805 322298 
999216000 32108 365258 22.751838 559 1054 1231 1221.754391 0.053103 0.160613 323828 
999820800 32177 366512 22.780993 561 1057 1232 1224.874040 0.053046 0.160458 324999 
1000425600 32242 368116 22.834564 565 1058 1228 1230.354941 0.052810 0.160247 326572 
1001030400 32313 369566 22.874137 567 1058 1224 1234.154179 0.052848 0.160067 327918 
1001635200 32395 371166 22.915018 570 1061 1215 1238.185461 0.052649 0.159880 329394 
1002240000 32489 372844 22.952015 570 1061 1206 1241.775185 0.052633 0.159653 330892 
1002844800 32572 374630 23.003193 571 1057 1210 1246.222645 0.052614 0.159541 332546 
1003449600 32675 376831 23.065402 574 1055 1212 1252.640979 0.052611 0.159478 334619 
1004054400 32756 378579 23.115093 574 1051 1217 1257.057089 0.052735 0.159327 336195 
1004659200 32852 380180 23.145014 574 1053 1223 1260.098624 0.052709 0.159234 337603 
1005264000 32934 382019 23.199065 575 1052 1225 1265.254813 0.052732 0.159016 339333 
1005868800 33028 383985 23.252089 579 1047 1220 1270.878891 0.052619 0.158733 341184 
1006473600 33124 385720 23.289458 581 1047 1215 1274.728777 0.052537 0.158512 342753 
1007078400 33256 387916 23.329083 581 1045 1217 1278.981357 0.052515 0.158658 344794 
1007683200 33382 390092 23.371398 584 1047 1212 1283.492960 0.052564 0.158505 346784 
1008288000 33467 392162 23.435743 585 1048 1204 1289.274748 0.052561 0.158065 348718 
1008892800 33564 394096 23.483256 587 1047 1204 1293.822012 0.052562 0.157934 350472 
1009497600 33619 395338 23.518725 588 1049 1202 1297.412475 0.052465 0.157664 351613 
1010102400 33651 396067 23.539687 588 1051 1201 1299.718582 0.052420 0.157581 352306 
1010707200 33723 397820 23.593393 588 1054 1196 1310.279335 0.051214 0.157375 354329 
1011312000 33805 399784 23.652359 591 1051 1191 1316.686348 0.051097 0.157132 356222 
1011916800 33877 401417 23.698498 591 1050 1194 1321.431473 0.051093 0.157155 357815 
1012521600 33956 403294 23.753917 593 1046 1195 1327.243433 0.051095 0.156813 359583 
1013126400 34030 405231 23.816103 596 1043 1193 1334.381369 0.050908 0.156577 361485 
1013731200 34095 406907 23.869013 596 1042 1190 1341.248277 0.050710 0.156283 363170 
1014336000 34161 408257 23.901935 597 1043 1186 1344.832411 0.050626 0.156108 364393 
1014940800 34235 410058 23.955484 599 1041 1188 1350.270308 0.050684 0.155937 366111 
1015545600 34315 411851 24.004138 599 1045 1190 1356.434038 0.050502 0.155616 367815 
1016150400 34343 412365 24.014501 599 1047 1186 1357.434412 0.050489 0.155528 368286 
