1001615559 32392 371141 22.91559644356631 7.074680140645955E-4 743 0.2811085703027779 1383.2443195850828 -0.012544868115803775 861.5578912644233 1273 1265 1053643
1002615559 32533 373795 22.979436264715826 7.063640804351355E-4 744 0.27520621280748864 1383.9145483047982 -0.011178175432376997 864.6328700668279 1169 1283 1053675
1003615559 32684 376992 23.068902215151144 7.058379651547025E-4 744 0.26843278785489305 1385.9420511565293 -0.009777627983640588 868.3225207260261 1076 1251 1053714
1004615559 32845 380091 23.144527325315877 7.046805299389806E-4 744 0.26172774097636353 1386.9896179022683 -0.008316180597719162 871.8841666184792 997 1223 1053750
1005615559 32982 382899 23.2186647262143 7.040012348386738E-4 744 0.25625050398075655 1388.6537505305923 -0.007233297470401251 875.0988515590682 924 1209 1053790
1006615559 33145 386150 23.300648664957006 7.030125713540009E-4 744 0.25037945614960755 1390.450445014331 -0.0059250770182111105 878.8060081724522 842 1184 1053840
1007615559 33372 389918 23.36797315114467 7.002479143910782E-4 744 0.24350224901435555 1390.240021574973 -0.004217594278394678 883.0832350350673 761 1166 1053880
1008615559 33512 392924 23.44974934351874 6.997627448753765E-4 744 0.2386327327080764 1391.9277273812365 -0.0029175689165496285 886.480682248632 712 1131 1053921
1009615559 33631 395596 23.525675715857393 6.995443269657268E-4 744 0.23443848558235708 1394.4632630608664 -0.002226659889775414 889.4897413686118 677 1098 1053966
1010615559 33709 396965 23.552463733720966 6.987202958858717E-4 744 0.2321871567568624 1394.6636803227625 -0.0016107373411529966 891.0274967698808 660 1084 1053984
1011615559 33833 400231 23.65920846510803 6.993145089000955E-4 744 0.22746421070297085 1404.8935654538468 -0.004502700038285284 894.6854195749476 594 1057 1054101
1012615559 33964 403474 23.758921210693675 6.995530786648316E-4 744 0.22281517237973306 1408.8081498056765 -0.0038642348432105173 898.3028442568798 536 1014 1054161
1013615559 34080 406550 23.858568075117372 7.000958970368078E-4 744 0.2188458497756667 1415.7390845070422 -0.0050759411799385 901.7205775626949 497 982 1054238
1014615559 34184 408687 23.91101099929792 6.995000731152303E-4 744 0.21597479582001533 1416.673297449099 -0.004110864422173867 904.087385156988 479 945 1054259
1015615559 34326 412042 24.007574433374117 6.99419502793128E-4 744 0.21161072069155476 1421.2029365495544 -0.004013389247676413 907.7907247818739 444 912 1054324
1016615559 34343 412365 24.014500771627407 6.992749627752433E-4 744 0.2111886951093503 1421.2832891710102 -0.003879779900033708 908.1464639583199 446 908 1054336
